aX,aY,aZ
-30.54,-1.05,-7.41
21.16,-5.43,5.44
21.16,-5.43,5.44
21.16,-5.43,5.44
20.8,-0.17,-7.48
20.8,-0.17,-7.48
20.8,-0.17,-7.48
5.3,-7.31,-8.75
5.3,-7.31,-8.75
5.3,-7.31,-8.75
0.71,-6.6,-6.61
0.71,-6.6,-6.61
0.71,-6.6,-6.61
-1.52,-7.04,-6.16
-1.52,-7.04,-6.16
-1.52,-7.04,-6.16
-0.78,-6.19,-6.88
-0.78,-6.19,-6.88
-0.78,-6.19,-6.88
1.67,-5.2,-7.13
1.67,-5.2,-7.13
1.67,-5.2,-7.13
1.69,-6.56,-7.58
1.69,-6.56,-7.58
1.69,-6.56,-7.58
1.4,-6.39,-6.97
1.4,-6.39,-6.97
1.4,-6.39,-6.97
1.42,-5.4,-7.36
1.42,-5.4,-7.36
0.84,-6.0,-7.5
0.51,-6.75,-7.16
0.51,-6.75,-7.16
0.51,-6.75,-7.16
1.75,-5.76,-6.95
1.75,-5.76,-6.95
1.75,-5.76,-6.95
1.14,-5.78,-7.37
1.14,-5.78,-7.37
1.14,-5.78,-7.37
1.31,-5.78,-6.91
1.31,-5.78,-6.91
1.84,-5.8,-6.89
1.53,-6.36,-7.27
1.53,-6.36,-7.27
1.53,-6.36,-7.27
1.33,-6.23,-7.27
1.33,-6.23,-7.27
1.33,-6.23,-7.27
1.66,-5.95,-7.17
1.66,-5.95,-7.17
1.46,-6.23,-7.18
1.07,-6.4,-7.05
1.07,-6.4,-7.05
1.07,-6.4,-7.05
1.55,-6.05,-6.72
1.55,-6.05,-6.72
1.55,-6.05,-6.72
1.27,-5.86,-7.13
1.27,-5.86,-7.13
1.27,-5.86,-7.13
1.14,-6.04,-6.85
1.14,-6.04,-6.85
1.14,-6.04,-6.85
1.36,-5.66,-6.84
1.36,-5.66,-6.84
1.41,-6.02,-6.96
1.31,-6.09,-7.0
1.31,-6.09,-7.0
1.31,-6.09,-7.0
1.52,-6.21,-7.02
1.52,-6.21,-7.02
1.52,-6.21,-7.02
1.67,-6.33,-7.14
1.67,-6.33,-7.14
1.56,-6.32,-7.12
1.59,-6.44,-7.0
1.59,-6.44,-7.0
1.77,-6.33,-6.93
1.65,-6.02,-7.05
1.65,-6.02,-7.05
1.65,-6.02,-7.05
1.56,-6.11,-6.96
1.56,-6.11,-6.96
1.56,-6.11,-6.96
1.76,-6.05,-6.99
1.76,-6.05,-6.99
1.76,-6.05,-6.99
2.06,-6.12,-7.07
2.06,-6.12,-7.07
2.1,-6.1,-7.08
2.27,-6.36,-6.99
2.27,-6.36,-6.99
2.27,-6.36,-6.99
2.09,-6.35,-7.14
2.09,-6.35,-7.14
2.09,-6.35,-7.14
1.82,-6.97,-7.23
1.82,-6.97,-7.23
1.82,-6.97,-7.23
2.04,-6.14,-7.04
1.9,-5.98,-7.04
1.9,-5.98,-7.04
1.78,-5.95,-7.07
1.78,-5.95,-7.07
1.78,-5.95,-7.07
2.55,-5.7,-7.02
2.55,-5.7,-7.02
2.55,-5.7,-7.02
1.87,-5.65,-7.21
1.87,-5.65,-7.21
1.87,-5.65,-7.21
1.98,-6.15,-7.19
1.98,-6.15,-7.19
1.98,-6.15,-7.19
1.83,-5.68,-6.84
1.83,-5.68,-6.84
1.83,-5.68,-6.84
1.9,-4.89,-7.04
1.9,-4.89,-7.04
1.9,-4.89,-7.04
2.12,-5.26,-7.08
2.12,-5.26,-7.08
2.51,-5.51,-7.03
2.74,-5.44,-7.02
2.88,-5.55,-7.06
2.88,-5.55,-7.06
3.69,-6.23,-7.2
3.69,-6.23,-7.2
3.69,-6.23,-7.2
2.87,-6.77,-7.48
2.87,-6.77,-7.48
2.87,-6.77,-7.48
2.83,-5.7,-7.49
2.83,-5.7,-7.49
2.83,-5.7,-7.49
2.9,-5.15,-7.2
2.4,-5.4,-6.88
2.4,-5.4,-6.88
0.97,-4.92,-6.24
0.97,-4.92,-6.24
0.97,-4.92,-6.24
1.17,-4.06,-5.66
1.17,-4.06,-5.66
1.51,-2.27,-4.52
1.51,-2.27,-4.52
1.51,-2.27,-4.52
1.85,-3.92,-4.18
1.85,-3.92,-4.18
1.85,-3.92,-4.18
1.54,-3.6,-3.09
1.54,-3.6,-3.09
1.54,-3.6,-3.09
2.65,-4.4,-1.9
2.65,-4.4,-1.9
2.65,-4.4,-1.9
3.77,-3.58,-0.69
3.77,-3.58,-0.69
3.77,-3.58,-0.69
1.65,-8.73,0.13
1.65,-8.73,0.13
1.65,-8.73,0.13
4.32,-9.76,11.88
4.32,-9.76,11.88
4.32,-9.76,11.88
0.61,-11.83,4.35
0.61,-11.83,4.35
0.61,-11.83,4.35
-0.91,-13.58,5.72
-0.91,-13.58,5.72
-0.91,-13.58,5.72
-1.49,-11.29,5.22
-1.49,-11.29,5.22
-1.49,-11.29,5.22
-2.92,-11.74,6.18
-2.92,-11.74,6.18
-2.92,-11.74,6.18
-2.91,-11.59,6.46
-2.91,-11.59,6.46
-2.91,-11.59,6.46
-3.28,-9.94,5.89
-3.28,-9.94,5.89
-3.28,-9.94,5.89
-4.73,-10.82,6.28
-4.73,-10.82,6.28
-4.73,-10.82,6.28
-3.29,-10.48,5.86
-3.29,-10.48,5.86
-3.29,-10.48,5.86
-1.15,-10.03,5.83
-1.15,-10.03,5.83
-1.15,-10.03,5.83
-0.01,-9.99,5.61
-0.01,-9.99,5.61
-0.01,-9.99,5.61
2.62,-8.04,4.74
2.62,-8.04,4.74
2.62,-8.04,4.74
1.51,-8.25,4.77
1.51,-8.25,4.77
1.51,-8.25,4.77
2.41,-8.56,4.89
2.41,-8.56,4.89
2.41,-8.56,4.89
1.58,-6.37,3.43
1.58,-6.37,3.43
1.23,-5.89,3.27
0.57,-8.64,4.52
0.57,-8.64,4.52
0.57,-8.64,4.52
-1.57,-8.21,4.0
-1.57,-8.21,4.0
-1.57,-8.21,4.0
-1.82,-8.32,4.08
-1.82,-8.32,4.08
-1.82,-8.32,4.08
-3.01,-9.71,4.11
-3.01,-9.71,4.11
-3.4,-9.85,3.93
-4.36,-8.61,3.11
-4.36,-8.61,3.11
-4.36,-8.61,3.11
-4.44,-10.24,3.54
-4.44,-10.24,3.54
-4.44,-10.24,3.54
-3.07,-8.73,2.77
-3.07,-8.73,2.77
-3.07,-8.73,2.77
-2.15,-9.76,2.98
-2.12,-9.75,2.71
-2.12,-9.75,2.71
-1.98,-9.16,2.24
-1.98,-9.16,2.24
-1.98,-9.16,2.24
-0.98,-9.35,2.9
-0.98,-9.35,2.9
-0.98,-9.35,2.9
-1.44,-9.38,2.72
-1.44,-9.38,2.72
-1.29,-9.49,2.36
-1.29,-9.49,2.36
-1.29,-9.49,2.36
-1.03,-8.97,2.62
-1.03,-8.97,2.62
-1.03,-8.97,2.62
-1.62,-8.91,1.65
-1.62,-8.91,1.65
-1.62,-8.91,1.65
-0.67,-8.16,1.75
-0.67,-8.16,1.75
-0.67,-8.16,1.75
-1.0,-7.85,1.62
-1.0,-7.85,1.62
-1.4,-8.91,2.01
-1.12,-9.44,2.74
-1.12,-9.44,2.74
-1.12,-9.44,2.74
-1.63,-8.88,2.46
-1.63,-8.88,2.46
-1.63,-8.88,2.46
-1.83,-9.89,2.55
-1.83,-9.89,2.55
-1.83,-9.89,2.55
-1.48,-9.14,2.21
-1.48,-9.14,2.21
-1.48,-9.14,2.21
-1.44,-9.03,1.66
-1.44,-9.03,1.66
-1.44,-9.03,1.66
-1.25,-9.15,1.47
-1.25,-9.15,1.47
-1.25,-9.15,1.47
-1.13,-8.83,1.53
-1.13,-8.83,1.53
-1.13,-8.83,1.53
-1.44,-9.11,1.72
-1.44,-9.11,1.72
-1.41,-9.35,1.87
-1.27,-9.8,1.94
-1.27,-9.8,1.94
-1.27,-9.8,1.94
-0.91,-9.6,1.96
-0.91,-9.6,1.96
-0.91,-9.6,1.96
-1.01,-9.46,1.72
-1.01,-9.46,1.72
-1.01,-9.46,1.72
-0.98,-9.29,1.48
-0.98,-9.29,1.48
-1.01,-9.03,1.22
-0.93,-9.42,1.06
-0.93,-9.42,1.06
-0.93,-9.42,1.06
-0.92,-10.03,0.9
-0.92,-10.03,0.9
-0.92,-10.03,0.9
-0.84,-9.96,0.93
-0.84,-9.96,0.93
-0.84,-9.96,0.93
-0.99,-9.55,0.88
-0.99,-9.55,0.88
-1.29,-9.3,0.76
-1.55,-8.95,0.61
-1.55,-8.95,0.61
-1.55,-8.95,0.61
-1.7,-8.87,0.5
-1.7,-8.87,0.5
-1.7,-8.87,0.5
-1.8,-8.86,0.48
-1.8,-8.86,0.48
-1.8,-8.86,0.48
-1.99,-8.84,0.39
-2.04,-8.92,0.45
-1.47,-9.58,0.45
-1.47,-9.58,0.45
-1.47,-9.58,0.45
-0.88,-10.16,0.51
-0.88,-10.16,0.51
-0.88,-10.16,0.51
0.01,-11.23,0.48
0.01,-11.23,0.48
0.01,-11.23,0.48
0.14,-14.38,0.35
-0.26,-13.84,0.64
-0.26,-13.84,0.64
0.4,-15.69,1.09
0.4,-15.69,1.09
0.4,-15.69,1.09
1.15,-15.92,1.77
1.15,-15.92,1.77
1.15,-15.92,1.77
0.85,-13.92,1.37
0.85,-13.92,1.37
0.85,-13.92,1.37
0.93,-12.16,1.28
0.73,-11.48,1.22
0.73,-11.48,1.22
0.12,-9.34,0.22
0.12,-9.34,0.22
0.62,-8.41,-0.07
0.62,-8.41,-0.07
0.62,-8.41,-0.07
1.48,-7.9,-0.15
1.48,-7.9,-0.15
1.48,-7.9,-0.15
0.75,-6.41,-3.73
0.75,-6.41,-3.73
0.75,-6.41,-3.73
2.02,-2.67,-3.51
2.02,-2.67,-3.51
2.02,-2.67,-3.51
2.78,-2.02,-3.58
2.78,-2.02,-3.58
2.78,-2.02,-3.58
2.56,-0.64,-3.44
2.56,-0.64,-3.44
2.56,-0.64,-3.44
2.87,0.02,-2.53
2.87,0.02,-2.53
2.87,0.02,-2.53
3.79,-0.08,-1.59
3.79,-0.08,-1.59
3.79,-0.08,-1.59
4.53,-1.6,-0.22
4.53,-1.6,-0.22
4.53,-1.6,-0.22
4.64,-2.81,0.01
4.64,-2.81,0.01
4.64,-2.81,0.01
3.6,-5.76,1.32
3.6,-5.76,1.32
3.6,-5.76,1.32
3.3,-5.93,1.29
3.3,-5.93,1.29
3.3,-5.93,1.29
0.92,-11.05,4.77
0.92,-11.05,4.77
0.92,-11.05,4.77
1.11,-10.08,4.21
1.11,-10.08,4.21
1.11,-10.08,4.21
0.55,-12.18,5.63
0.55,-12.18,5.63
-0.35,-11.48,6.66
-0.83,-13.39,6.38
-0.83,-13.39,6.38
-0.83,-13.39,6.38
-2.05,-10.4,6.33
-2.05,-10.4,6.33
-2.05,-10.4,6.33
-1.22,-10.85,6.54
-1.22,-10.85,6.54
-1.22,-10.85,6.54
-1.81,-11.33,6.99
-2.13,-10.62,7.3
-2.13,-10.62,7.3
-2.56,-9.26,6.47
-2.56,-9.26,6.47
-2.56,-9.26,6.47
-2.32,-8.64,6.35
-2.32,-8.64,6.35
-2.32,-8.64,6.35
-2.38,-9.31,7.25
-2.38,-9.31,7.25
-2.38,-9.31,7.25
-3.31,-9.11,6.73
-3.31,-9.11,6.73
-3.31,-9.11,6.73
-2.71,-8.56,6.59
-2.71,-8.56,6.59
-2.71,-8.56,6.59
-2.95,-8.26,6.41
-2.95,-8.26,6.41
-2.95,-8.26,6.41
-2.22,-7.64,6.77
-2.22,-7.64,6.77
-2.22,-7.64,6.77
-3.18,-6.58,6.25
-3.18,-6.58,6.25
-4.72,-6.55,7.14
-2.92,-6.76,6.48
-2.92,-6.76,6.48
-2.92,-6.76,6.48
-3.48,-7.02,6.04
-3.48,-7.02,6.04
-3.48,-7.02,6.04
-3.08,-6.71,5.98
-3.08,-6.71,5.98
-3.08,-6.71,5.98
-3.25,-7.05,6.1
-3.25,-7.05,6.1
-3.25,-7.05,6.1
-2.82,-6.52,6.05
-2.82,-6.52,6.05
-2.82,-6.52,6.05
-3.01,-6.4,5.95
-3.01,-6.4,5.95
-3.01,-6.4,5.95
-2.91,-6.21,6.03
-2.91,-6.21,6.03
-2.75,-6.84,5.98
-2.75,-6.71,6.14
-2.78,-6.75,6.01
-2.78,-6.75,6.01
-2.66,-6.66,5.97
-2.66,-6.66,5.97
-2.66,-6.66,5.97
-1.97,-7.14,6.11
-1.97,-7.14,6.11
-1.97,-7.14,6.11
-1.62,-6.46,5.73
-1.62,-6.46,5.73
-1.62,-6.46,5.73
-2.23,-6.41,5.62
-2.64,-7.01,5.55
-2.64,-7.01,5.55
-3.32,-6.25,5.14
-3.32,-6.25,5.14
-3.32,-6.25,5.14
-4.76,-7.71,5.62
-4.76,-7.71,5.62
-4.76,-7.71,5.62
-4.97,-6.63,5.59
-4.97,-6.63,5.59
-5.08,-6.16,5.4
-6.72,-6.6,4.83
-7.27,-7.38,5.21
-7.27,-7.38,5.21
-5.17,-7.25,6.27
-5.17,-7.25,6.27
-5.17,-7.25,6.27
-6.86,-5.18,4.79
-6.86,-5.18,4.79
-6.86,-5.18,4.79
-6.4,-5.36,4.7
-6.4,-5.36,4.7
-6.06,-5.49,5.04
-5.55,-6.15,4.95
-5.55,-6.15,4.95
-5.55,-6.15,4.95
-5.4,-6.26,4.95
-5.4,-6.26,4.95
-5.54,-5.92,5.07
-5.54,-5.92,5.07
-5.54,-5.92,5.07
-5.61,-6.32,5.07
-5.61,-6.32,5.07
-5.27,-6.01,4.72
-5.19,-6.37,5.21
-5.19,-6.37,5.21
-5.19,-6.37,5.21
-5.19,-6.47,5.53
-5.19,-6.47,5.53
-5.19,-6.47,5.53
-4.52,-6.4,5.58
-4.52,-6.4,5.58
-4.52,-6.4,5.58
-5.2,-5.55,5.19
-5.2,-5.55,5.19
-5.66,-5.54,5.18
-5.44,-5.9,5.7
-5.44,-5.9,5.7
-5.44,-5.9,5.7
-5.28,-5.82,5.74
-5.28,-5.82,5.74
-5.28,-5.82,5.74
-5.21,-5.48,5.24
-5.21,-5.48,5.24
-5.21,-5.48,5.24
-5.46,-5.6,5.3
-5.46,-5.6,5.3
-5.44,-5.66,5.3
-5.44,-6.03,5.39
-5.44,-6.03,5.39
-5.44,-6.03,5.39
-5.6,-5.84,5.28
-5.6,-5.84,5.28
-5.6,-5.84,5.28
-5.51,-5.73,5.22
-5.51,-5.73,5.22
-5.51,-5.73,5.22
-5.54,-5.71,5.28
-5.54,-5.71,5.28
-5.54,-5.54,5.26
-5.49,-5.59,5.47
-5.49,-5.59,5.47
-5.49,-5.59,5.47
-5.57,-5.45,5.35
-5.57,-5.45,5.35
-5.57,-5.45,5.35
-5.38,-5.83,5.5
-5.38,-5.83,5.5
-5.38,-5.83,5.5
-5.9,-5.33,5.04
-5.9,-5.33,5.04
-5.9,-5.33,5.04
-5.6,-6.02,5.46
-5.6,-6.02,5.46
-5.6,-6.02,5.46
-5.69,-5.78,5.31
-5.69,-5.78,5.31
-5.69,-5.78,5.31
-5.79,-5.99,5.06
-5.79,-5.99,5.06
-5.79,-5.99,5.06
-6.32,-6.35,4.7
-6.32,-6.35,4.7
-6.51,-5.84,4.6
-6.1,-5.86,5.49
-6.1,-5.86,5.49
-6.1,-5.86,5.49
-6.18,-6.27,5.19
-6.18,-6.27,5.19
-6.18,-6.27,5.19
-3.99,-6.07,5.79
-3.99,-6.07,5.79
-3.99,-6.07,5.79
-3.87,-6.75,5.75
-3.87,-6.75,5.75
-3.32,-6.38,5.78
-3.61,-6.7,6.0
-3.61,-6.7,6.0
-3.61,-6.7,6.0
-3.87,-6.2,6.32
-3.87,-6.2,6.32
-3.87,-6.2,6.32
-3.79,-5.92,6.07
-3.79,-5.92,6.07
-4.01,-5.19,5.79
-4.43,-6.26,6.75
-4.43,-6.26,6.75
-4.43,-6.26,6.75
-3.71,-6.37,6.39
-3.71,-6.37,6.39
-3.71,-6.37,6.39
-2.84,-6.47,6.05
-2.84,-6.47,6.05
-2.84,-6.47,6.05
-2.63,-5.58,6.3
-2.63,-5.58,6.3
-2.63,-5.58,6.3
-2.56,-6.15,6.34
-2.56,-6.15,6.34
-2.56,-6.15,6.34
-2.86,-6.49,6.69
-2.86,-6.49,6.69
-2.86,-6.49,6.69
-2.88,-7.12,7.39
-2.88,-7.12,7.39
-2.88,-7.12,7.39
-2.99,-6.69,6.92
-2.99,-6.69,6.92
-2.99,-6.69,6.92
-2.79,-6.71,6.98
-2.79,-6.71,6.98
-2.79,-6.71,6.98
-3.37,-6.63,6.87
-3.37,-6.63,6.87
-3.37,-6.63,6.87
-3.41,-6.0,6.76
-3.41,-6.0,6.76
-3.41,-6.0,6.76
-3.58,-6.06,6.78
-3.58,-6.06,6.78
-3.58,-6.06,6.78
-3.49,-5.91,6.56
-3.49,-5.91,6.56
-3.51,-5.69,6.58
-3.5,-5.94,6.3
-3.5,-5.94,6.3
-3.5,-5.94,6.3
-3.4,-6.05,6.23
-3.4,-6.05,6.23
-3.4,-6.05,6.23
-3.08,-6.33,6.38
-3.08,-6.33,6.38
-3.19,-6.5,6.11
-3.19,-6.5,6.11
-3.61,-6.89,6.1
-3.78,-5.93,6.36
-3.78,-5.93,6.36
-3.78,-5.93,6.36
-3.47,-6.99,7.07
-3.47,-6.99,7.07
-3.47,-6.99,7.07
-2.89,-6.07,6.73
-2.89,-6.07,6.73
-2.89,-6.07,6.73
-2.94,-5.96,6.76
-3.05,-6.45,6.86
-3.05,-6.45,6.86
-3.53,-6.08,6.26
-3.53,-6.08,6.26
-3.53,-6.08,6.26
-3.47,-6.23,6.22
-3.47,-6.23,6.22
-3.47,-6.23,6.22
-3.47,-6.2,6.23
-3.47,-6.2,6.23
-3.47,-6.2,6.23
-3.02,-5.88,6.31
-3.02,-5.88,6.31
-3.0,-5.69,6.36
-3.15,-5.52,6.44
-3.15,-5.52,6.44
-3.15,-5.52,6.44
-2.91,-5.59,6.44
-2.91,-5.59,6.44
-2.91,-5.59,6.44
-3.35,-6.47,6.81
-3.35,-6.47,6.81
-3.35,-6.78,7.22
-3.35,-6.78,7.22
-3.24,-6.75,7.11
-3.12,-6.33,7.27
-3.12,-6.33,7.27
-3.12,-6.33,7.27
-3.34,-6.33,7.19
-3.34,-6.33,7.19
-3.34,-6.33,7.19
-3.53,-5.85,6.7
-3.53,-5.85,6.7
-3.53,-5.85,6.7
-3.62,-5.55,6.51
-3.62,-5.55,6.51
-3.48,-5.94,6.68
-3.38,-6.47,7.22
-3.38,-6.47,7.22
-3.38,-6.47,7.22
-3.5,-6.46,7.22
-3.5,-6.46,7.22
-3.5,-6.46,7.22
-3.0,-5.96,6.69
-3.0,-5.96,6.69
-2.83,-5.96,6.59
-2.88,-6.26,6.71
-2.88,-6.26,6.71
-2.96,-6.7,6.88
-3.09,-6.83,6.98
-3.09,-6.83,6.98
-3.09,-6.83,6.98
-3.28,-6.85,6.77
-3.28,-6.85,6.77
-2.98,-6.73,6.71
-2.98,-6.73,6.71
-3.08,-6.68,6.79
-3.23,-6.82,6.78
-3.33,-6.74,6.76
-3.33,-6.74,6.76
-3.25,-6.23,6.57
-3.25,-6.23,6.57
-3.25,-6.23,6.57
-3.3,-6.06,6.09
-3.3,-6.06,6.09
-3.3,-6.06,6.09
-3.32,-6.29,5.99
-3.32,-6.29,5.99
-3.4,-6.22,6.11
-3.4,-6.16,6.14
-3.39,-6.33,6.06
-3.39,-6.33,6.06
-3.43,-6.12,6.15
-3.43,-6.12,6.15
-3.43,-6.12,6.15
-3.64,-6.42,6.87
-3.64,-6.42,6.87
-3.64,-6.42,6.87
-3.51,-6.62,6.92
-3.51,-6.62,6.92
-3.17,-6.34,6.81
-3.06,-6.23,6.75
-3.06,-6.23,6.75
-3.06,-6.23,6.75
-3.19,-6.19,6.73
-3.19,-6.19,6.73
-3.19,-6.19,6.73
-3.42,-5.9,6.61
-3.42,-5.9,6.61
-3.42,-5.9,6.61
-3.95,-6.01,6.43
-3.95,-6.01,6.43
-3.95,-6.01,6.43
-3.7,-6.11,6.54
-3.46,-6.07,6.69
-3.46,-6.07,6.69
-3.23,-6.25,6.95
-3.23,-6.25,6.95
-3.23,-6.25,6.95
-3.31,-6.63,7.1
-3.31,-6.63,7.1
-3.31,-6.63,7.1
-3.13,-6.41,6.64
-3.13,-5.98,6.45
-3.23,-5.93,6.62
-3.23,-5.93,6.62
-3.23,-5.93,6.62
-3.53,-6.11,6.85
-3.53,-6.11,6.85
-3.53,-6.11,6.85
-3.61,-6.11,7.02
-3.61,-6.11,7.02
-3.61,-6.11,7.02
-3.65,-5.97,6.88
-3.65,-5.97,6.88
-3.61,-6.12,6.86
-3.5,-6.13,6.87
-3.35,-5.96,6.71
-3.35,-5.96,6.71
-3.29,-6.15,6.75
-3.29,-6.15,6.75
-3.29,-6.15,6.75
-3.43,-6.18,6.64
-3.43,-6.18,6.64
-3.43,-6.18,6.64
-3.75,-5.96,6.46
-3.8,-5.95,6.48
-3.8,-5.95,6.48
-3.6,-6.02,6.54
-3.6,-6.02,6.54
-3.6,-6.02,6.54
-3.57,-5.98,6.5
-3.57,-5.98,6.5
-3.57,-5.98,6.5
-3.61,-5.95,6.85
-3.61,-5.95,6.85
-3.61,-5.95,6.85
-3.51,-5.74,6.7
-3.51,-5.74,6.7
-3.51,-5.74,6.7
-3.46,-6.9,7.05
-3.46,-6.9,7.05
-3.46,-6.9,7.05
-3.59,-6.03,7.33
-3.59,-6.03,7.33
-3.59,-6.03,7.33
-3.16,-6.86,7.65
-3.16,-6.86,7.65
-3.16,-6.86,7.65
-2.69,-6.71,6.76
-2.69,-6.71,6.76
-2.69,-6.71,6.76
-2.34,-6.97,7.29
-2.34,-6.97,7.29
-2.34,-6.97,7.29
-1.97,-7.15,7.7
-1.97,-7.15,7.7
-1.97,-7.15,7.7
-2.39,-7.04,6.77
-2.39,-7.04,6.77
-2.39,-7.04,6.77
-2.34,-7.04,6.87
-2.34,-7.04,6.87
-2.47,-7.18,7.06
-2.68,-6.51,6.49
-2.68,-6.51,6.49
-2.36,-6.39,6.51
-2.36,-6.39,6.51
-2.36,-6.39,6.51
-2.34,-7.4,6.37
-2.34,-7.4,6.37
-2.34,-7.4,6.37
-2.42,-7.18,6.16
-2.42,-7.18,6.16
-2.42,-7.18,6.16
-2.07,-8.35,6.47
-2.07,-8.35,6.47
-2.07,-8.35,6.47
-1.36,-7.87,6.47
-1.36,-7.87,6.47
-1.36,-7.87,6.47
-1.34,-7.54,5.65
-1.34,-7.54,5.65
-1.34,-7.54,5.65
-0.78,-8.35,6.1
-0.78,-8.35,6.1
-0.61,-8.38,6.32
-0.78,-7.61,5.24
-0.78,-7.61,5.24
-0.78,-7.61,5.24
-1.27,-8.42,5.29
-1.27,-8.42,5.29
-1.27,-8.42,5.29
-0.79,-8.79,5.0
-0.79,-8.79,5.0
-0.54,-9.13,5.06
-0.98,-9.29,5.36
-0.98,-9.29,5.36
-0.98,-9.29,5.36
-0.77,-8.38,5.16
-0.77,-8.38,5.16
-0.77,-8.38,5.16
-0.83,-8.41,4.65
-0.83,-8.41,4.65
-0.83,-8.41,4.65
-0.47,-9.4,4.73
-0.47,-9.4,4.73
-0.47,-9.4,4.73
-1.3,-9.35,3.85
-1.23,-10.27,3.98
-1.23,-10.27,3.98
-1.12,-10.34,2.91
-1.12,-10.34,2.91
-1.12,-10.34,2.91
-1.06,-9.93,3.03
-1.06,-9.93,3.03
-1.06,-9.93,3.03
-0.9,-10.2,2.42
-0.9,-10.2,2.42
-0.9,-10.2,2.42
-0.89,-9.19,2.31
-0.47,-9.63,1.31
-0.47,-9.63,1.31
-0.47,-9.63,1.31
-0.25,-9.26,0.43
-0.25,-9.26,0.43
-0.25,-9.26,0.43
0.03,-9.82,0.22
0.03,-9.82,0.22
0.19,-9.7,0.03
-1.25,-9.38,-0.31
-1.25,-9.38,-0.31
-1.25,-9.38,-0.31
0.18,-9.45,-0.49
0.18,-9.45,-0.49
0.18,-9.45,-0.49
0.42,-9.2,-0.66
0.42,-9.2,-0.66
0.42,-9.2,-0.66
1.36,-7.72,-3.07
1.18,-8.06,-3.59
1.55,-9.22,-2.97
1.55,-9.22,-2.97
1.55,-9.22,-2.97
2.04,-8.3,-3.67
2.04,-8.3,-3.67
2.04,-8.3,-3.67
1.91,-7.8,-4.23
1.91,-7.8,-4.23
1.91,-7.8,-4.23
1.84,-7.49,-4.07
1.84,-7.49,-4.07
1.84,-7.49,-4.07
2.15,-7.43,-4.74
2.15,-7.43,-4.74
2.15,-7.43,-4.74
2.47,-6.62,-4.84
2.47,-6.62,-4.84
2.47,-6.62,-4.84
3.03,-7.02,-5.03
3.03,-7.02,-5.03
3.03,-7.02,-5.03
3.41,-6.1,-5.23
3.41,-6.1,-5.23
3.27,-6.55,-4.92
3.17,-5.59,-5.44
3.13,-5.43,-5.7
3.13,-5.43,-5.7
3.13,-5.43,-5.7
2.9,-5.46,-6.35
2.9,-5.46,-6.35
3.65,-5.78,-6.29
3.72,-5.2,-5.6
3.72,-5.2,-5.6
3.72,-5.2,-5.6
3.33,-4.75,-6.31
3.33,-4.75,-6.31
3.64,-4.83,-6.33
3.64,-4.83,-6.33
3.64,-4.83,-6.33
3.62,-6.14,-5.62
3.62,-6.14,-5.62
3.22,-4.95,-5.73
3.88,-6.59,-6.03
3.88,-6.59,-6.03
3.88,-6.59,-6.03
3.64,-5.57,-6.63
3.64,-5.57,-6.63
3.64,-5.57,-6.63
3.84,-6.13,-6.47
3.84,-6.13,-6.47
3.84,-6.13,-6.47
3.45,-4.93,-6.46
3.45,-4.93,-6.46
3.61,-4.97,-6.35
3.76,-5.39,-6.25
3.76,-5.39,-6.25
3.9,-5.53,-6.46
3.8,-5.43,-6.91
3.8,-5.43,-6.91
3.8,-5.43,-6.91
3.63,-5.81,-6.65
3.63,-5.81,-6.65
3.63,-5.81,-6.65
4.17,-6.41,-6.22
4.17,-6.41,-6.22
4.17,-6.41,-6.22
3.56,-5.68,-6.83
3.56,-5.68,-6.83
3.56,-5.68,-6.83
3.85,-6.52,-6.34
3.85,-6.52,-6.34
3.85,-6.52,-6.34
3.79,-5.89,-6.5
3.79,-5.89,-6.5
3.79,-5.89,-6.5
3.55,-5.76,-6.51
3.55,-5.76,-6.51
3.55,-5.76,-6.51
3.43,-5.85,-6.28
3.46,-6.35,-6.41
3.46,-6.35,-6.41
3.4,-5.56,-7.13
3.4,-5.56,-7.13
3.4,-5.56,-7.13
3.18,-5.64,-6.83
3.18,-5.64,-6.83
3.18,-5.64,-6.83
3.05,-6.02,-6.78
3.05,-6.02,-6.78
3.05,-6.02,-6.78
3.27,-6.41,-6.6
3.27,-6.41,-6.6
3.27,-6.41,-6.6
3.29,-6.29,-6.48
3.29,-6.29,-6.48
3.29,-6.29,-6.48
3.06,-6.47,-6.58
3.06,-6.47,-6.58
3.06,-6.47,-6.58
3.2,-6.34,-6.71
3.2,-6.34,-6.71
3.16,-6.35,-6.7
3.14,-6.27,-6.51
3.14,-6.27,-6.51
3.14,-6.27,-6.51
2.91,-5.94,-6.52
2.91,-5.94,-6.52
2.91,-5.94,-6.52
3.05,-6.82,-6.57
3.05,-6.82,-6.57
3.05,-6.82,-6.57
2.98,-6.3,-6.54
2.98,-6.3,-6.54
2.89,-6.3,-6.62
2.57,-6.12,-6.67
2.57,-6.12,-6.67
2.57,-6.12,-6.67
2.7,-6.68,-6.59
2.7,-6.68,-6.59
2.7,-6.68,-6.59
2.7,-6.57,-6.57
2.7,-6.57,-6.57
2.7,-6.57,-6.57
2.71,-6.52,-6.74
2.71,-6.52,-6.74
2.65,-6.26,-6.63
2.52,-6.01,-6.75
2.52,-6.01,-6.75
2.52,-6.01,-6.75
2.38,-6.13,-6.73
2.38,-6.13,-6.73
2.38,-6.13,-6.73
2.48,-6.58,-6.73
2.48,-6.58,-6.73
2.48,-6.58,-6.73
2.66,-6.19,-6.61
2.66,-6.19,-6.61
2.66,-6.19,-6.61
2.73,-6.22,-6.58
2.73,-6.22,-6.58
2.73,-6.22,-6.58
2.56,-6.55,-6.64
2.56,-6.55,-6.64
2.56,-6.55,-6.64
2.52,-6.3,-6.49
2.52,-6.3,-6.49
2.52,-6.3,-6.49
2.65,-6.46,-6.52
2.65,-6.46,-6.52
2.65,-6.46,-6.52
2.49,-6.46,-6.55
2.49,-6.46,-6.55
2.49,-6.46,-6.55
2.55,-6.26,-6.59
2.55,-6.26,-6.59
2.55,-6.26,-6.59
2.52,-6.54,-6.48
2.52,-6.54,-6.48
2.52,-6.54,-6.48
2.49,-6.38,-6.55
2.49,-6.38,-6.55
2.38,-6.29,-6.76
2.62,-6.68,-6.53
2.62,-6.68,-6.53
2.62,-6.68,-6.53
2.48,-6.18,-6.57
2.48,-6.18,-6.57
2.48,-6.18,-6.57
2.53,-6.79,-6.52
2.53,-6.79,-6.52
2.53,-6.79,-6.52
2.51,-6.44,-6.56
2.51,-6.44,-6.56
2.53,-6.59,-6.48
2.27,-6.18,-6.6
2.27,-6.18,-6.6
2.27,-6.18,-6.6
2.31,-6.5,-6.64
2.31,-6.5,-6.64
2.31,-6.5,-6.64
2.39,-6.03,-6.75
2.39,-6.03,-6.75
2.39,-6.03,-6.75
2.3,-6.45,-6.55
2.3,-6.45,-6.55
2.2,-6.55,-6.59
2.49,-6.62,-6.55
2.49,-6.62,-6.55
2.49,-6.62,-6.55
2.35,-6.54,-6.61
2.35,-6.54,-6.61
2.35,-6.54,-6.61
2.26,-6.45,-6.62
2.26,-6.45,-6.62
2.25,-6.39,-6.53
2.25,-6.39,-6.53
2.25,-6.39,-6.53
2.31,-6.58,-6.55
2.31,-6.58,-6.55
2.31,-6.58,-6.55
2.39,-6.33,-6.58
2.39,-6.33,-6.58
2.39,-6.33,-6.58
2.61,-6.48,-6.54
2.61,-6.48,-6.54
2.61,-6.48,-6.54
2.41,-6.32,-6.66
2.35,-6.4,-6.34
2.35,-6.4,-6.34
1.96,-5.89,-6.13
1.96,-5.89,-6.13
1.96,-5.89,-6.13
2.37,-6.33,-6.8
2.37,-6.33,-6.8
2.37,-6.33,-6.8
2.54,-7.01,-6.86
2.54,-7.01,-6.86
2.78,-7.27,-6.55
2.88,-7.15,-6.27
2.74,-6.81,-6.05
2.74,-6.81,-6.05
2.23,-6.23,-6.11
2.23,-6.23,-6.11
2.23,-6.23,-6.11
2.53,-6.23,-6.33
2.53,-6.23,-6.33
2.53,-6.23,-6.33
2.06,-6.57,-6.8
2.06,-6.57,-6.8
2.06,-6.57,-6.8
2.41,-7.01,-6.72
2.22,-7.18,-6.51
2.22,-7.18,-6.51
2.57,-6.48,-6.52
2.57,-6.48,-6.52
2.57,-6.48,-6.52
2.58,-6.47,-6.01
2.58,-6.47,-6.01
2.58,-6.47,-6.01
2.02,-6.55,-6.35
2.02,-6.55,-6.35
2.08,-6.37,-6.49
2.4,-7.01,-6.4
2.31,-7.18,-6.36
2.31,-7.18,-6.36
2.25,-6.06,-6.24
2.25,-6.06,-6.24
2.25,-6.06,-6.24
2.48,-6.56,-5.66
2.48,-6.56,-5.66
2.48,-6.56,-5.66
2.18,-6.24,-6.22
2.18,-6.24,-6.22
2.18,-6.24,-6.22
2.43,-7.76,-6.23
2.43,-7.76,-6.23
2.27,-7.46,-6.13
1.59,-6.56,-6.47
1.59,-6.56,-6.47
1.59,-6.56,-6.47
1.73,-6.28,-6.21
1.73,-6.28,-6.21
1.85,-6.08,-6.33
1.85,-6.08,-6.33
1.85,-6.08,-6.33
1.66,-7.45,-5.78
1.66,-7.45,-5.78
1.59,-7.16,-6.08
1.59,-7.16,-6.08
1.59,-7.16,-6.08
0.64,-5.9,-5.97
0.64,-5.9,-5.97
0.64,-5.9,-5.97
1.63,-5.95,-5.64
1.63,-5.95,-5.64
1.63,-5.95,-5.64
2.17,-7.41,-5.65
2.17,-7.41,-5.65
2.08,-6.95,-5.83
2.68,-6.8,-5.11
2.68,-6.8,-5.11
2.68,-6.8,-5.11
2.87,-6.03,-5.64
2.87,-6.03,-5.64
2.87,-6.03,-5.64
3.13,-8.18,-5.21
3.13,-8.18,-5.21
3.13,-8.18,-5.21
2.66,-7.64,-5.58
1.93,-7.77,-5.76
1.93,-7.77,-5.76
2.19,-8.66,-5.2
2.19,-8.66,-5.2
2.19,-8.66,-5.2
1.45,-7.02,-4.89
1.45,-7.02,-4.89
1.45,-7.02,-4.89
2.05,-8.89,-5.05
2.05,-8.89,-5.05
2.05,-8.89,-5.05
2.55,-8.37,-4.68
2.55,-8.37,-4.68
2.55,-8.37,-4.68
2.14,-7.33,-4.88
2.14,-7.33,-4.88
2.14,-7.33,-4.88
3.4,-8.62,-5.7
3.4,-8.62,-5.7
3.4,-8.62,-5.7
1.43,-8.67,-5.75
1.43,-8.67,-5.75
1.43,-8.67,-5.75
2.09,-9.7,-4.56
2.09,-9.7,-4.56
1.72,-9.07,-4.69
1.49,-7.32,-6.37
1.49,-7.32,-6.37
1.49,-7.32,-6.37
2.04,-9.04,-5.66
2.04,-9.04,-5.66
2.04,-9.04,-5.66
2.67,-7.95,-4.28
2.67,-7.95,-4.28
2.67,-7.95,-4.28
1.58,-6.78,-6.76
1.58,-6.78,-6.76
1.58,-6.78,-6.76
1.2,-9.68,-4.96
1.2,-9.68,-4.96
1.2,-9.68,-4.96
0.62,-6.05,-6.3
0.62,-6.05,-6.3
0.62,-6.05,-6.3
0.01,-7.31,-5.71
0.01,-7.31,-5.71
0.01,-7.31,-5.71
0.58,-7.93,-5.97
0.58,-7.93,-5.97
0.58,-7.93,-5.97
2.68,-6.12,-6.91
2.68,-6.12,-6.91
2.68,-6.12,-6.91
1.52,-6.44,-7.05
1.52,-6.44,-7.05
1.52,-6.44,-7.05
-0.17,-6.14,-7.34
-0.17,-6.14,-7.34
-0.17,-6.14,-7.34
1.53,-6.01,-6.54
1.53,-6.01,-6.54
0.09,-4.69,-7.03
-0.42,-6.49,-6.14
-0.42,-6.49,-6.14
-0.42,-6.49,-6.14
-0.2,-4.79,-6.75
-0.2,-4.79,-6.75
-0.2,-4.79,-6.75
-1.14,-6.4,-6.9
-1.14,-6.4,-6.9
-1.14,-6.4,-6.9
-1.35,-6.76,-6.57
-1.35,-6.76,-6.57
0.43,-4.38,-7.02
0.43,-4.38,-7.02
0.43,-4.38,-7.02
-0.66,-5.03,-7.5
-0.66,-5.03,-7.5
-0.66,-5.03,-7.5
0.52,-5.76,-7.74
0.52,-5.76,-7.74
0.52,-5.76,-7.74
-1.3,-5.52,-7.15
-0.32,-4.44,-7.08
-0.32,-4.44,-7.08
-0.95,-5.18,-7.59
-0.95,-5.18,-7.59
2.23,-6.23,-7.71
2.23,-6.23,-7.71
2.23,-6.23,-7.71
-0.7,-6.82,-8.25
-0.7,-6.82,-8.25
-0.7,-6.82,-8.25
-0.77,-6.23,-7.13
-0.77,-6.23,-7.13
-0.77,-6.23,-7.13
-0.44,-5.42,-7.2
-0.44,-5.42,-7.2
-0.44,-5.42,-7.2
-0.15,-5.44,-7.32
-0.15,-5.44,-7.32
-0.76,-5.43,-7.82
0.45,-5.65,-7.46
0.45,-5.65,-7.46
0.6,-6.17,-6.9
-1.17,-5.29,-7.62
-1.17,-5.29,-7.62
-1.17,-5.29,-7.62
-0.48,-6.49,-6.91
-0.48,-6.49,-6.91
-0.48,-6.49,-6.91
-0.96,-5.94,-7.59
-0.96,-5.94,-7.59
-0.96,-5.94,-7.59
0.64,-6.05,-7.18
0.1,-5.99,-7.37
0.1,-5.99,-7.37
-0.41,-6.77,-7.62
-0.41,-6.77,-7.62
-0.41,-6.77,-7.62
-0.12,-5.64,-7.01
-0.12,-5.64,-7.01
-0.12,-5.64,-7.01
-0.68,-6.09,-7.36
-0.68,-6.09,-7.36
-0.34,-5.21,-7.37
0.37,-5.21,-7.05
0.37,-5.21,-7.05
-0.23,-6.24,-6.97
-0.26,-4.98,-7.56
-0.26,-4.98,-7.56
-0.26,-4.98,-7.56
-0.26,-6.45,-7.17
-0.26,-6.45,-7.17
-0.26,-6.45,-7.17
-0.32,-5.45,-7.75
-0.32,-5.45,-7.75
-0.21,-6.27,-7.24
-0.37,-5.36,-7.58
-0.37,-5.36,-7.58
-0.37,-5.36,-7.58
-0.35,-6.74,-7.32
-0.35,-6.74,-7.32
-0.35,-6.74,-7.32
-0.53,-4.99,-7.39
-0.53,-4.99,-7.39
-0.53,-4.99,-7.39
-0.44,-5.84,-7.6
-0.44,-5.84,-7.6
-0.44,-5.84,-7.6
0.2,-5.44,-7.48
0.2,-5.44,-7.48
-0.46,-5.53,-7.78
-0.51,-5.51,-7.25
-0.51,-5.51,-7.25
-0.51,-5.51,-7.25
-0.41,-4.79,-7.5
-0.41,-4.79,-7.5
-0.41,-4.79,-7.5
-0.72,-3.96,-7.48
-0.72,-3.96,-7.48
-0.72,-3.96,-7.48
-0.45,-4.84,-7.59
-0.45,-4.84,-7.59
-0.45,-4.84,-7.59
-0.3,-4.25,-7.11
-0.3,-4.25,-7.11
-0.3,-4.25,-7.11
-0.47,-4.52,-7.59
-0.47,-4.52,-7.59
-0.47,-4.52,-7.59
0.16,-5.64,-7.53
0.16,-5.64,-7.53
-0.27,-6.49,-7.89
-0.07,-6.39,-7.77
-0.07,-6.39,-7.77
-0.07,-6.39,-7.77
-0.33,-5.64,-7.58
-0.33,-5.64,-7.58
-0.33,-5.64,-7.58
-0.43,-6.07,-7.53
-0.43,-6.07,-7.53
-0.43,-6.07,-7.53
-0.42,-5.44,-7.49
-0.42,-5.44,-7.49
-0.42,-5.44,-7.49
0.05,-5.62,-7.84
0.05,-5.62,-7.84
-0.36,-6.31,-7.25
-0.79,-5.52,-7.94
-0.79,-5.52,-7.94
-0.79,-5.52,-7.94
-0.25,-4.85,-7.17
-0.25,-4.85,-7.17
-0.25,-4.85,-7.17
-1.11,-4.72,-7.83
-1.11,-4.72,-7.83
-1.11,-4.72,-7.83
-0.93,-5.34,-7.65
-0.93,-5.34,-7.65
-0.93,-5.34,-7.65
-0.08,-4.36,-7.48
-0.08,-4.36,-7.48
-0.08,-4.36,-7.48
-1.24,-4.33,-7.48
-1.24,-4.33,-7.48
-1.24,-4.33,-7.48
-0.28,-5.69,-6.94
-0.28,-5.69,-6.94
-0.28,-5.69,-6.94
-0.03,-5.16,-8.27
-0.03,-5.16,-8.27
-0.03,-5.16,-8.27
-0.16,-5.28,-7.46
-0.16,-5.28,-7.46
-0.16,-5.28,-7.46
-0.69,-5.37,-8.0
-0.69,-5.37,-8.0
-0.69,-5.37,-8.0
0.49,-5.07,-7.81
0.49,-5.07,-7.81
0.49,-5.07,-7.81
0.04,-5.41,-7.44
0.04,-5.41,-7.44
0.04,-5.41,-7.44
-0.28,-5.06,-7.82
-0.28,-5.06,-7.82
-0.28,-5.06,-7.82
-0.54,-5.72,-7.61
-0.54,-5.72,-7.61
-0.54,-5.72,-7.61
0.0,-4.91,-7.76
0.0,-4.91,-7.76
-0.32,-6.0,-7.8
0.38,-4.55,-7.79
0.38,-4.55,-7.79
0.38,-4.55,-7.79
-0.85,-5.64,-7.36
-0.85,-5.64,-7.36
-0.85,-5.64,-7.36
0.0,-4.44,-7.91
0.0,-4.44,-7.91
0.0,-4.44,-7.91
-0.68,-5.35,-7.7
-0.68,-5.35,-7.7
-0.68,-5.35,-7.7
-0.13,-4.98,-7.7
-0.64,-5.98,-7.48
-0.64,-5.98,-7.48
-0.87,-4.68,-8.03
-0.87,-4.68,-8.03
-0.87,-4.68,-8.03
-0.27,-5.43,-7.58
-0.27,-5.43,-7.58
-0.27,-5.43,-7.58
-0.67,-4.56,-7.59
-0.59,-5.27,-7.62
-0.59,-5.27,-7.62
-0.44,-5.56,-7.69
-0.24,-4.76,-7.88
-0.24,-4.76,-7.88
-0.55,-5.93,-8.25
-0.55,-5.93,-8.25
-0.55,-5.93,-8.25
0.36,-4.72,-7.88
0.36,-4.72,-7.88
0.36,-4.72,-7.88
-0.45,-5.1,-7.81
-0.45,-5.1,-7.81
-0.19,-4.91,-7.73
-0.63,-5.03,-7.74
-0.63,-5.03,-7.74
-0.63,-5.03,-7.74
-0.49,-5.37,-7.71
-0.49,-5.37,-7.71
-0.49,-5.37,-7.71
-0.57,-5.25,-7.69
-0.57,-5.25,-7.69
-0.57,-5.25,-7.69
-0.28,-4.9,-7.71
-0.28,-4.9,-7.71
-0.1,-4.5,-7.67
-0.41,-4.76,-7.47
-0.79,-4.74,-7.73
-0.79,-4.74,-7.73
-0.15,-5.13,-7.81
-0.15,-5.13,-7.81
-0.15,-5.13,-7.81
-0.36,-4.93,-7.77
-0.36,-4.93,-7.77
-0.36,-4.93,-7.77
-0.8,-5.51,-7.62
-0.8,-5.51,-7.62
-0.71,-5.33,-7.74
-0.26,-4.93,-7.82
-0.26,-4.93,-7.82
-0.26,-4.93,-7.82
-0.24,-5.05,-8.04
-0.24,-5.05,-8.04
-0.24,-5.05,-8.04
-0.48,-4.97,-7.51
-0.48,-4.97,-7.51
-0.48,-4.97,-7.51
-0.47,-4.86,-8.07
-0.43,-5.37,-7.83
-0.43,-5.37,-7.83
-0.71,-5.18,-7.63
-0.34,-4.33,-7.82
-0.34,-4.33,-7.82
-0.56,-5.48,-7.91
-0.56,-5.48,-7.91
-0.56,-5.48,-7.91
-0.42,-4.85,-7.57
-0.42,-4.85,-7.57
-0.42,-4.85,-7.57
-0.49,-4.9,-8.0
-0.49,-4.9,-8.0
-0.34,-4.89,-7.95
-0.24,-5.52,-7.92
-0.24,-5.52,-7.92
-0.24,-5.52,-7.92
-0.86,-4.74,-7.75
-0.86,-4.74,-7.75
-0.86,-4.74,-7.75
-0.24,-4.81,-7.61
-0.24,-4.81,-7.61
-0.61,-5.25,-7.76
-0.61,-5.25,-7.76
-0.57,-5.0,-7.73
-0.2,-5.17,-7.9
-0.2,-5.17,-7.9
-0.2,-5.17,-7.9
-0.39,-5.0,-7.66
-0.39,-5.0,-7.66
-0.39,-5.0,-7.66
-0.32,-5.28,-7.67
-0.32,-5.28,-7.67
-0.32,-5.28,-7.67
-0.49,-4.81,-7.8
-0.49,-4.81,-7.8
-0.06,-5.1,-7.67
-0.85,-5.26,-8.1
-0.85,-5.26,-8.1
-0.85,-5.26,-8.1
0.48,-5.09,-7.53
0.48,-5.09,-7.53
0.48,-5.09,-7.53
-0.86,-5.14,-7.94
-0.86,-5.14,-7.94
-0.86,-5.14,-7.94
-0.33,-5.42,-7.82
-0.33,-5.42,-7.82
-0.33,-5.42,-7.82
-0.08,-5.16,-7.97
-0.08,-5.16,-7.97
-0.08,-5.16,-7.97
-0.21,-4.87,-7.44
-0.21,-4.87,-7.44
-0.21,-4.87,-7.44
-0.66,-5.06,-7.62
-0.66,-5.06,-7.62
-0.66,-5.06,-7.62
-0.61,-4.97,-8.01
-0.61,-4.97,-8.01
-0.61,-4.97,-8.01
0.12,-5.45,-7.59
0.12,-5.45,-7.59
0.12,-5.45,-7.59
-0.56,-5.16,-7.9
-0.56,-5.16,-7.9
-0.14,-5.1,-7.57
-0.14,-5.1,-7.57
-0.14,-5.1,-7.57
-0.65,-5.42,-7.97
-0.65,-5.42,-7.97
-0.65,-5.42,-7.97
-0.24,-4.92,-7.54
-0.24,-4.92,-7.54
-0.24,-4.92,-7.54
-0.43,-5.73,-8.02
-0.43,-5.73,-8.02
-0.43,-5.73,-8.02
-0.2,-4.44,-7.54
-0.2,-4.44,-7.54
-0.2,-4.44,-7.54
-0.38,-5.49,-7.74
-0.38,-5.49,-7.74
-0.38,-5.49,-7.74
-0.46,-4.87,-7.58
-0.46,-4.87,-7.58
-0.46,-4.87,-7.58
-0.14,-5.32,-7.82
-0.14,-5.32,-7.82
-0.14,-5.32,-7.82
0.1,-5.53,-7.84
0.1,-5.53,-7.84
0.1,-5.53,-7.84
-0.72,-5.16,-7.85
-0.34,-5.13,-7.32
-0.34,-5.13,-7.32
-0.56,-5.36,-7.82
-0.56,-5.36,-7.82
-0.56,-5.36,-7.82
-0.06,-4.91,-7.45
-0.06,-4.91,-7.45
-0.06,-4.91,-7.45
-0.57,-5.05,-7.96
-0.57,-5.05,-7.96
-0.57,-5.13,-7.77
-0.2,-5.35,-7.75
-0.2,-5.35,-7.75
-0.2,-5.35,-7.75
-0.55,-5.42,-7.61
-0.55,-5.42,-7.61
-0.55,-5.42,-7.61
0.05,-5.07,-7.7
0.05,-5.07,-7.7
0.05,-5.07,-7.7
-0.24,-4.93,-7.89
-0.24,-4.93,-7.89
-0.13,-4.76,-7.82
-0.41,-5.41,-7.66
-0.33,-5.27,-7.6
-0.33,-5.27,-7.6
-0.24,-5.1,-7.69
-0.24,-5.1,-7.69
-0.24,-5.1,-7.69
-0.46,-5.3,-7.55
-0.46,-5.3,-7.55
-0.46,-5.3,-7.55
-0.07,-4.76,-7.89
-0.07,-4.76,-7.89
-0.07,-4.76,-7.89
-0.71,-5.69,-7.67
-0.71,-5.69,-7.67
0.17,-4.99,-7.61
-0.79,-5.81,-7.91
-0.79,-5.81,-7.91
-0.79,-5.81,-7.91
0.5,-4.19,-7.79
0.5,-4.19,-7.79
0.5,-4.19,-7.79
-0.2,-5.69,-7.78
-0.2,-5.69,-7.78
-0.2,-5.69,-7.78
-0.3,-4.59,-7.82
-0.3,-4.59,-7.82
-0.92,-5.78,-7.68
-0.19,-4.73,-7.47
-0.19,-4.73,-7.47
-0.19,-4.73,-7.47
-0.61,-5.5,-7.87
-0.61,-5.5,-7.87
-0.61,-5.5,-7.87
0.12,-4.78,-7.46
0.12,-4.78,-7.46
0.12,-4.78,-7.46
-0.5,-5.12,-7.89
0.24,-4.93,-7.43
0.24,-4.93,-7.43
-0.65,-4.92,-8.1
-0.65,-4.92,-8.1
-0.65,-4.92,-8.1
-0.17,-5.54,-7.55
-0.17,-5.54,-7.55
-0.17,-5.54,-7.55
-0.29,-4.68,-7.88
-0.29,-4.68,-7.88
0.06,-4.4,-7.99
-0.09,-5.31,-7.6
-0.09,-5.31,-7.6
-0.08,-5.11,-7.64
-0.69,-5.49,-7.84
-0.69,-5.49,-7.84
-0.69,-5.49,-7.84
0.2,-4.76,-7.41
0.2,-4.76,-7.41
0.2,-4.76,-7.41
-0.72,-5.35,-8.17
-0.72,-5.35,-8.17
0.04,-5.49,-7.76
-0.42,-5.11,-8.05
-0.42,-5.11,-8.05
-0.42,-5.11,-8.05
0.38,-4.74,-7.51
0.38,-4.74,-7.51
0.38,-4.74,-7.51
-0.89,-5.49,-7.83
-0.89,-5.49,-7.83
-0.89,-5.49,-7.83
-0.05,-5.05,-7.47
-0.05,-5.05,-7.47
-0.05,-5.05,-7.47
-0.19,-4.79,-7.92
-0.19,-4.79,-7.92
-0.11,-5.65,-7.52
-0.11,-5.65,-7.52
-0.11,-5.65,-7.52
-0.11,-5.01,-8.19
-0.11,-5.01,-8.19
-0.11,-5.01,-8.19
-0.2,-5.4,-7.45
-0.2,-5.4,-7.45
-0.13,-4.76,-7.44
-0.44,-4.89,-7.88
-0.23,-5.48,-7.54
-0.23,-5.48,-7.54
-0.31,-4.9,-7.61
-0.31,-4.9,-7.61
-0.31,-4.9,-7.61
0.02,-5.58,-7.7
0.02,-5.58,-7.7
0.02,-5.58,-7.7
-0.21,-5.1,-7.74
-0.21,-5.1,-7.74
-0.05,-5.2,-7.85
-0.33,-5.2,-7.51
-0.33,-5.2,-7.51
-0.33,-5.2,-7.51
-0.29,-4.87,-7.75
-0.29,-4.87,-7.75
-0.29,-4.87,-7.75
-0.06,-5.14,-7.56
-0.06,-5.14,-7.56
-0.06,-5.14,-7.56
-0.51,-5.56,-7.95
-0.51,-5.56,-7.95
-0.51,-5.56,-7.95
-0.2,-5.4,-7.68
-0.2,-5.4,-7.68
-0.2,-5.4,-7.68
-0.16,-4.95,-7.43
-0.16,-4.95,-7.43
-0.16,-4.95,-7.43
-0.32,-5.05,-7.99
-0.32,-5.05,-7.99
-0.32,-5.05,-7.99
0.0,-5.44,-7.36
0.0,-5.44,-7.36
0.0,-5.44,-7.36
-0.86,-5.66,-7.68
-0.86,-5.66,-7.68
-0.86,-5.66,-7.68
0.14,-4.98,-7.48
0.14,-4.98,-7.48
0.14,-4.98,-7.48
-0.18,-5.3,-7.82
-0.18,-5.3,-7.82
-0.18,-5.3,-7.82
0.24,-5.44,-7.7
0.24,-5.44,-7.7
0.24,-5.44,-7.7
1.47,-5.75,-7.97
1.47,-5.75,-7.97
1.47,-5.75,-7.97
-31.67,-3.67,-6.93
-31.67,-3.67,-6.93
