aX,aY,aZ
-22.66,-3.11,-1.38
-1.82,-3.18,0.89
9.94,-0.5,-10.22
9.94,-0.5,-10.22
9.94,-0.5,-10.22
2.25,-4.96,-9.78
2.25,-4.96,-9.78
2.25,-4.96,-9.78
3.03,-4.73,-9.45
3.03,-4.73,-9.45
3.03,-4.73,-9.45
1.44,-4.64,-7.8
1.44,-4.64,-7.8
1.44,-4.64,-7.8
-0.1,-5.42,-6.88
-0.1,-5.42,-6.88
-0.1,-5.42,-6.88
1.8,-5.94,-6.56
1.8,-5.94,-6.56
1.8,-5.94,-6.56
1.93,-5.09,-8.43
1.93,-5.09,-8.43
1.93,-5.09,-8.43
2.11,-5.89,-8.52
2.11,-5.89,-8.52
1.81,-5.77,-8.34
1.45,-5.46,-7.83
1.45,-5.46,-7.83
1.45,-5.46,-7.83
0.69,-5.72,-7.48
0.69,-5.72,-7.48
0.69,-5.72,-7.48
0.79,-5.59,-6.94
0.79,-5.59,-6.94
0.79,-5.59,-6.94
1.2,-5.45,-7.56
1.2,-5.45,-7.56
1.2,-5.45,-7.56
1.22,-5.48,-7.32
1.22,-5.48,-7.32
1.22,-5.48,-7.32
1.17,-5.75,-7.53
1.17,-5.75,-7.53
1.17,-5.75,-7.53
0.89,-5.8,-7.66
0.89,-5.8,-7.66
1.82,-5.15,-7.54
1.82,-5.15,-7.54
1.82,-5.15,-7.54
1.33,-5.9,-7.74
1.33,-5.9,-7.74
1.33,-5.9,-7.74
1.6,-4.87,-7.55
1.6,-4.87,-7.55
1.6,-4.87,-7.55
1.56,-5.18,-7.47
1.56,-5.18,-7.47
1.56,-5.18,-7.47
1.68,-5.33,-7.71
1.68,-5.33,-7.71
1.68,-5.33,-7.71
1.89,-5.08,-7.93
1.89,-5.08,-7.93
1.89,-5.08,-7.93
1.48,-5.22,-7.74
1.48,-5.22,-7.74
1.48,-5.22,-7.74
1.76,-5.21,-7.45
1.76,-5.21,-7.45
1.76,-5.21,-7.45
1.7,-4.53,-7.56
1.7,-4.53,-7.56
1.7,-4.53,-7.56
1.95,-5.1,-7.47
1.95,-5.1,-7.47
1.95,-5.1,-7.47
2.52,-4.8,-7.75
2.52,-4.8,-7.75
2.52,-4.8,-7.75
2.89,-5.23,-7.86
2.89,-5.23,-7.86
3.17,-4.94,-7.89
3.3,-4.74,-7.89
3.3,-4.74,-7.89
3.51,-4.72,-7.92
3.45,-4.87,-8.18
3.45,-4.87,-8.18
3.7,-4.63,-7.97
3.7,-4.63,-7.97
3.7,-4.63,-7.97
3.59,-4.28,-8.04
3.59,-4.28,-8.04
3.51,-4.55,-8.01
3.23,-4.74,-7.91
3.23,-4.74,-7.91
3.23,-4.74,-7.91
3.32,-4.34,-7.91
3.32,-4.34,-7.91
3.32,-4.34,-7.91
2.97,-4.41,-7.87
2.97,-4.41,-7.87
2.97,-4.41,-7.87
2.84,-4.17,-7.89
2.84,-4.17,-7.89
2.89,-4.13,-7.86
2.71,-4.1,-7.89
2.71,-4.1,-7.89
2.73,-4.23,-7.97
2.92,-4.07,-7.85
2.92,-4.07,-7.85
2.92,-4.07,-7.85
2.63,-4.02,-7.87
2.63,-4.02,-7.87
2.63,-4.02,-7.87
2.36,-3.74,-7.28
2.36,-3.74,-7.28
2.36,-3.74,-7.28
2.65,-3.34,-7.56
2.65,-3.34,-7.56
2.88,-4.64,-7.84
2.88,-4.64,-7.84
2.88,-4.64,-7.84
3.34,-5.06,-8.66
3.34,-5.06,-8.66
3.34,-5.06,-8.66
4.17,-5.13,-8.61
4.17,-5.13,-8.61
4.17,-5.13,-8.61
4.7,-5.08,-7.91
4.7,-5.08,-7.91
4.25,-4.9,-7.58
3.17,-3.65,-7.27
3.17,-3.65,-7.27
3.17,-3.65,-7.27
2.11,-4.34,-7.11
2.11,-4.34,-7.11
2.11,-4.34,-7.11
1.18,-4.26,-6.58
1.18,-4.26,-6.58
1.18,-4.26,-6.58
0.89,-3.1,-5.98
0.89,-3.1,-5.98
1.15,-2.6,-5.63
1.36,-3.88,-4.08
1.36,-3.88,-4.08
1.36,-3.88,-4.08
1.34,-4.46,-4.38
1.34,-4.46,-4.38
1.34,-4.46,-4.38
0.74,-7.64,-3.56
0.74,-7.64,-3.56
2.54,-7.19,-2.95
2.54,-7.19,-2.95
3.04,-6.78,-2.73
3.23,-9.19,-2.91
3.23,-9.19,-2.91
3.23,-9.19,-2.91
3.48,-10.44,-2.02
3.48,-10.44,-2.02
3.48,-10.44,-2.02
4.24,-10.27,-2.53
4.24,-10.27,-2.53
4.24,-10.27,-2.53
3.1,-11.26,-1.38
3.1,-11.26,-1.38
3.27,-12.02,-0.59
2.78,-8.95,-0.63
2.78,-8.95,-0.63
2.78,-8.95,-0.63
3.18,-9.05,0.47
3.18,-9.05,0.47
3.18,-9.05,0.47
2.69,-11.57,0.91
2.69,-11.57,0.91
2.69,-11.57,0.91
2.61,-9.75,0.75
2.61,-9.75,0.75
2.71,-9.45,0.81
2.05,-10.35,3.16
2.05,-10.35,3.16
2.05,-10.35,3.16
0.31,-11.67,2.86
0.31,-11.67,2.86
0.31,-11.67,2.86
-1.01,-11.54,1.75
-1.01,-11.54,1.75
-1.04,-10.63,1.38
-0.88,-9.88,1.72
-1.13,-10.59,2.33
-1.13,-10.59,2.33
-1.84,-11.54,2.56
-1.84,-11.54,2.56
-1.84,-11.54,2.56
-1.11,-9.77,1.64
-1.11,-9.77,1.64
-1.11,-9.77,1.64
-1.46,-8.91,1.42
-1.46,-8.91,1.42
-1.53,-9.26,1.86
-1.44,-10.06,2.65
-1.99,-10.46,2.85
-1.99,-10.46,2.85
-1.96,-9.52,1.93
-1.96,-9.52,1.93
-1.96,-9.52,1.93
-3.55,-9.67,1.74
-3.55,-9.67,1.74
-3.55,-9.67,1.74
-2.61,-9.67,1.72
-2.61,-9.67,1.72
-2.61,-9.67,1.72
-2.03,-10.04,1.82
-1.55,-10.03,1.96
-1.55,-10.03,1.96
-0.91,-10.17,2.19
-0.91,-10.17,2.19
-0.91,-10.17,2.19
-0.43,-9.41,1.91
-0.43,-9.41,1.91
-0.43,-9.41,1.91
-0.54,-9.59,1.89
-0.54,-9.59,1.89
-0.54,-9.59,1.89
-0.86,-8.88,1.34
-0.86,-8.88,1.34
-0.86,-8.88,1.34
-0.57,-8.84,1.6
-0.57,-8.84,1.6
-0.57,-8.84,1.6
-0.68,-8.75,1.52
-0.68,-8.75,1.52
-0.68,-8.75,1.52
-0.85,-9.47,1.6
-0.85,-9.47,1.6
-0.94,-9.73,1.58
-1.11,-9.45,1.4
-1.11,-9.45,1.4
-1.11,-9.45,1.4
-1.38,-9.4,1.05
-1.38,-9.4,1.05
-1.38,-9.4,1.05
-1.34,-9.0,0.75
-1.34,-9.0,0.75
-1.34,-9.0,0.75
-1.65,-8.66,0.19
-1.65,-8.66,0.19
-1.72,-8.47,0.16
-2.03,-8.59,-0.05
-2.03,-8.59,-0.05
-2.03,-8.59,-0.05
-2.43,-8.91,0.36
-2.43,-8.91,0.36
-2.43,-8.91,0.36
-1.47,-9.17,0.3
-1.47,-9.17,0.3
-1.18,-10.1,0.51
-1.18,-10.1,0.51
-0.84,-10.91,0.19
-1.56,-10.64,-1.45
-1.56,-10.64,-1.45
-1.56,-10.64,-1.45
0.18,-13.57,-1.88
0.18,-13.57,-1.88
0.18,-13.57,-1.88
0.11,-14.83,-0.11
0.11,-14.83,-0.11
0.11,-14.83,-0.11
-0.02,-14.42,-0.64
-0.02,-14.42,-0.64
0.4,-15.01,-0.03
0.72,-14.04,-0.16
0.72,-14.04,-0.16
0.72,-14.04,-0.16
0.74,-12.8,0.26
0.74,-12.8,0.26
0.74,-12.8,0.26
-0.21,-12.06,0.53
-0.21,-12.06,0.53
-0.42,-10.69,0.25
-0.22,-9.49,-0.11
-0.22,-9.49,-0.11
-0.33,-9.09,-0.3
0.42,-8.42,-0.45
0.42,-8.42,-0.45
0.42,-8.42,-0.45
0.55,-6.76,-1.23
0.55,-6.76,-1.23
0.55,-6.76,-1.23
-0.23,-5.26,-5.81
-0.23,-5.26,-5.81
-0.23,-5.26,-5.81
0.9,-1.88,-3.64
0.9,-1.88,-3.64
0.9,-1.88,-3.64
2.27,-1.11,-3.49
2.27,-1.11,-3.49
2.27,-1.11,-3.49
2.98,-1.06,-3.73
2.98,-1.06,-3.73
2.98,-1.06,-3.73
4.2,-0.99,-2.96
4.2,-0.99,-2.96
4.2,-0.99,-2.96
5.04,-1.78,-2.15
5.04,-1.78,-2.15
5.04,-1.78,-2.15
4.58,-3.64,-1.47
4.58,-3.64,-1.47
4.58,-3.64,-1.47
4.76,-4.61,-0.52
4.76,-4.61,-0.52
4.76,-4.61,-0.52
4.49,-6.42,0.5
4.49,-6.42,0.5
4.49,-6.42,0.5
4.11,-6.81,0.85
4.11,-6.81,0.85
4.11,-6.81,0.85
1.64,-10.37,6.05
1.64,-10.37,6.05
1.64,-10.37,6.05
0.33,-9.21,5.02
0.33,-9.21,5.02
0.33,-9.21,5.02
-0.51,-9.22,5.2
-0.51,-9.22,5.2
-0.51,-9.22,5.2
-2.11,-11.25,5.2
-2.11,-11.25,5.2
-2.11,-11.25,5.2
-2.82,-9.99,5.24
-2.82,-9.99,5.24
-2.82,-9.99,5.24
-3.06,-12.23,5.32
-3.06,-12.23,5.32
-3.06,-12.23,5.32
-2.8,-12.52,6.9
-2.8,-12.52,6.9
-2.8,-12.52,6.9
-3.54,-8.81,4.83
-4.36,-10.23,6.01
-4.36,-10.23,6.01
-4.51,-10.11,5.89
-4.51,-10.11,5.89
-4.51,-10.11,5.89
-4.21,-8.64,6.07
-4.21,-8.64,6.07
-4.21,-8.64,6.07
-3.93,-8.61,6.33
-3.93,-8.61,6.33
-4.3,-7.65,5.77
-4.04,-7.26,6.02
-4.04,-7.26,6.02
-4.04,-7.26,6.02
-3.91,-6.94,5.91
-3.91,-6.94,5.91
-3.91,-6.94,5.91
-3.82,-7.16,6.11
-3.82,-7.16,6.11
-3.82,-7.16,6.11
-4.14,-6.32,6.11
-4.14,-6.32,6.11
-4.14,-6.32,6.11
-3.7,-6.68,6.28
-3.7,-6.68,6.28
-3.32,-6.45,6.1
-3.35,-7.02,6.05
-3.35,-7.02,6.05
-3.35,-7.02,6.05
-3.22,-6.57,6.35
-3.22,-6.57,6.35
-3.22,-6.57,6.35
-3.72,-6.59,6.2
-3.72,-6.59,6.2
-3.72,-6.59,6.2
-4.2,-7.29,6.88
-4.3,-6.96,6.73
-4.3,-6.96,6.73
-4.57,-6.8,6.36
-4.57,-6.8,6.36
-4.57,-6.8,6.36
-3.91,-6.82,6.39
-3.91,-6.82,6.39
-3.91,-6.82,6.39
-3.82,-6.02,5.79
-3.82,-6.02,5.79
-3.58,-6.17,6.18
-3.64,-6.48,6.24
-3.64,-6.48,6.24
-3.58,-6.15,6.12
-3.78,-5.61,6.05
-3.78,-5.61,6.05
-3.78,-5.61,6.05
-3.7,-6.49,6.43
-3.7,-6.49,6.43
-3.7,-6.49,6.43
-3.05,-6.03,6.16
-3.05,-6.03,6.16
-3.05,-6.03,6.16
-2.83,-6.68,6.33
-2.83,-6.68,6.33
-2.41,-6.71,6.57
-2.56,-6.14,6.23
-2.56,-6.14,6.23
-2.56,-6.14,6.23
-2.96,-6.39,5.81
-2.96,-6.39,5.81
-2.96,-6.39,5.81
-3.67,-6.51,5.75
-3.67,-6.51,5.75
-4.06,-6.54,5.55
-4.06,-6.54,5.55
-4.62,-6.5,5.37
-4.41,-6.82,5.79
-4.41,-6.82,5.79
-4.41,-6.82,5.79
-5.05,-6.18,5.57
-5.05,-6.18,5.57
-5.05,-6.18,5.57
-6.24,-6.17,5.3
-6.24,-6.17,5.3
-6.06,-6.75,5.7
-5.37,-7.22,6.45
-4.72,-6.25,6.16
-5.46,-5.4,5.31
-5.46,-5.4,5.31
-5.46,-5.4,5.31
-5.18,-6.61,5.77
-5.18,-6.61,5.77
-5.18,-6.61,5.77
-5.16,-6.05,5.54
-5.16,-6.05,5.54
-5.16,-6.05,5.54
-6.02,-5.45,5.33
-6.02,-5.45,5.33
-6.02,-5.45,5.33
-5.61,-5.54,5.21
-5.61,-5.54,5.21
-5.61,-5.54,5.21
-5.21,-5.67,5.2
-5.21,-5.67,5.2
-5.21,-5.67,5.2
-5.16,-6.16,5.53
-5.16,-6.16,5.53
-4.57,-6.1,5.73
-4.93,-5.86,5.3
-4.93,-5.86,5.3
-4.93,-5.86,5.3
-4.06,-6.33,6.22
-4.06,-6.33,6.22
-4.06,-6.33,6.22
-5.16,-5.09,5.32
-5.16,-5.09,5.32
-5.16,-5.09,5.32
-5.55,-6.29,5.84
-5.31,-5.67,5.8
-5.31,-5.67,5.8
-5.6,-5.93,5.3
-5.6,-5.93,5.3
-5.6,-5.93,5.3
-5.28,-5.24,5.64
-5.28,-5.24,5.64
-5.28,-5.24,5.64
-5.34,-6.07,5.84
-5.34,-6.07,5.84
-5.15,-5.44,5.63
-5.15,-5.44,5.63
-5.15,-5.44,5.63
-5.28,-5.61,5.52
-5.28,-5.61,5.52
-5.28,-5.61,5.52
-5.23,-5.64,5.69
-5.23,-5.64,5.69
-5.23,-5.64,5.69
-5.23,-5.6,5.81
-5.23,-5.6,5.81
-5.23,-5.6,5.81
-5.53,-5.78,5.66
-5.56,-5.57,5.5
-5.56,-5.57,5.5
-5.52,-5.54,5.49
-5.52,-5.54,5.49
-5.52,-5.54,5.49
-5.29,-5.73,5.67
-5.29,-5.73,5.67
-5.29,-5.73,5.67
-5.18,-5.61,5.65
-5.18,-5.61,5.65
-5.18,-5.61,5.65
-5.19,-5.54,5.6
-5.19,-5.54,5.6
-5.19,-5.54,5.6
-5.27,-5.66,5.65
-5.27,-5.66,5.65
-5.27,-5.66,5.65
-5.35,-5.85,5.67
-5.35,-5.85,5.67
-5.35,-5.85,5.67
-5.65,-5.71,5.36
-5.65,-5.71,5.36
-5.65,-5.71,5.36
-5.52,-5.42,5.45
-5.52,-5.42,5.45
-5.52,-5.42,5.45
-5.31,-5.58,5.51
-5.31,-5.58,5.51
-5.27,-5.31,5.44
-5.27,-5.31,5.44
-5.27,-5.31,5.44
-5.36,-5.74,5.65
-5.36,-5.74,5.65
-5.36,-5.74,5.65
-5.21,-5.57,5.57
-5.21,-5.57,5.57
-5.21,-5.57,5.57
-5.21,-5.38,5.57
-5.21,-5.38,5.57
-5.21,-5.38,5.57
-5.48,-5.65,5.61
-5.48,-5.65,5.61
-5.28,-5.7,5.64
-5.28,-5.7,5.64
-5.28,-5.7,5.64
-5.41,-5.77,5.57
-5.41,-5.77,5.57
-5.41,-5.77,5.57
-5.43,-5.66,5.55
-5.43,-5.66,5.55
-5.43,-5.66,5.55
-5.37,-5.7,5.6
-5.37,-5.7,5.6
-5.37,-5.7,5.6
-5.64,-5.94,5.78
-5.64,-5.94,5.78
-5.64,-5.94,5.78
-6.13,-5.9,5.34
-6.13,-5.9,5.34
-6.13,-5.9,5.34
-6.59,-5.55,5.91
-6.59,-5.55,5.91
-6.59,-5.55,5.91
-5.33,-6.75,6.29
-5.33,-6.75,6.29
-5.33,-6.75,6.29
-4.58,-6.4,6.91
-4.58,-6.4,6.91
-3.89,-6.02,6.22
-3.19,-6.66,6.22
-3.19,-6.66,6.22
-2.5,-7.1,6.18
-2.68,-6.23,5.77
-2.68,-6.23,5.77
-2.68,-6.23,5.77
-3.2,-6.56,6.12
-3.2,-6.56,6.12
-3.2,-6.56,6.12
-3.71,-5.78,6.51
-3.71,-5.78,6.51
-3.71,-5.78,6.51
-3.89,-6.13,6.41
-3.89,-6.13,6.41
-3.25,-6.14,6.66
-3.04,-5.37,5.89
-3.04,-5.37,5.89
-3.04,-5.37,5.89
-2.96,-5.37,6.27
-2.96,-5.37,6.27
-2.96,-5.37,6.27
-2.86,-5.66,6.69
-2.86,-5.66,6.69
-2.86,-5.66,6.69
-2.23,-6.34,7.38
-2.23,-6.34,7.38
-2.23,-6.34,7.38
-2.9,-6.68,7.21
-2.9,-6.68,7.21
-2.9,-6.68,7.21
-3.75,-6.22,6.96
-3.75,-6.22,6.96
-3.75,-6.22,6.96
-3.35,-6.13,7.23
-3.35,-6.13,7.23
-3.14,-6.33,7.26
-2.92,-6.47,7.31
-2.8,-6.54,6.89
-2.8,-6.54,6.89
-2.62,-6.25,6.42
-2.62,-6.25,6.42
-2.62,-6.25,6.42
-2.49,-6.28,6.69
-2.49,-6.28,6.69
-2.49,-6.28,6.69
-2.24,-6.14,6.96
-2.24,-6.14,6.96
-2.24,-6.14,6.96
-2.48,-6.26,7.21
-2.48,-6.26,7.21
-2.48,-6.26,7.21
-2.58,-5.81,7.34
-2.58,-5.81,7.34
-2.47,-6.34,7.01
-2.47,-6.34,7.01
-2.47,-6.34,7.01
-3.21,-6.16,6.74
-3.21,-6.16,6.74
-3.21,-6.16,6.74
-3.12,-6.04,6.94
-3.38,-6.17,6.68
-3.38,-6.17,6.68
-3.88,-6.19,6.88
-3.88,-6.19,6.88
-3.88,-6.19,6.88
-3.46,-5.87,7.3
-3.46,-5.87,7.3
-3.46,-5.87,7.3
-3.17,-5.97,7.31
-3.17,-5.97,7.31
-3.17,-5.97,7.31
-3.26,-5.13,7.16
-3.31,-5.18,7.29
-3.31,-5.18,7.29
-3.16,-5.63,7.56
-3.16,-5.63,7.56
-3.16,-5.63,7.56
-2.59,-5.23,7.51
-2.59,-5.23,7.51
-2.59,-5.23,7.51
-2.09,-6.11,7.74
-2.09,-6.11,7.74
-2.42,-6.29,7.44
-2.42,-5.88,7.31
-2.58,-5.76,7.3
-2.58,-5.76,7.3
-2.88,-6.0,7.41
-2.88,-6.0,7.41
-2.88,-6.0,7.41
-3.14,-6.0,7.38
-3.14,-6.0,7.38
-3.14,-6.0,7.38
-3.29,-6.07,7.42
-3.29,-6.07,7.42
-3.62,-6.0,7.43
-3.69,-6.08,7.21
-3.69,-6.08,7.21
-3.69,-6.08,7.21
-3.23,-6.03,7.15
-3.23,-6.03,7.15
-3.23,-6.03,7.15
-3.08,-5.51,7.01
-3.08,-5.51,7.01
-3.08,-5.51,7.01
-3.43,-6.7,7.57
-3.43,-6.7,7.57
-3.43,-6.7,7.57
-3.36,-5.87,6.87
-3.36,-5.87,6.87
-3.36,-5.87,6.87
-3.47,-5.67,6.97
-3.47,-5.67,6.97
-3.47,-5.67,6.97
-3.37,-5.62,6.92
-3.37,-5.62,6.92
-3.37,-5.62,6.92
-3.67,-5.63,6.77
-3.67,-5.63,6.77
-3.67,-5.63,6.77
-3.83,-5.35,6.63
-3.88,-5.66,6.7
-3.75,-6.0,7.17
-3.75,-6.0,7.17
-3.75,-6.0,7.17
-3.4,-6.8,7.86
-3.4,-6.8,7.86
-2.76,-6.46,7.73
-2.76,-6.46,7.73
-2.83,-6.0,7.31
-2.83,-5.47,6.2
-2.83,-5.47,6.2
-2.83,-5.47,6.2
-2.92,-5.1,5.98
-2.92,-5.1,5.98
-2.92,-5.1,5.98
-3.17,-6.15,6.08
-3.17,-6.15,6.08
-3.17,-6.15,6.08
-3.94,-6.22,6.21
-3.94,-6.22,6.21
-3.94,-6.22,6.21
-3.28,-5.77,6.16
-3.28,-5.77,6.16
-3.28,-5.77,6.16
-2.61,-4.99,6.16
-2.61,-4.99,6.16
-2.61,-4.99,6.16
-2.19,-5.51,6.77
-2.19,-5.51,6.77
-2.19,-5.51,6.77
-2.98,-5.63,6.89
-2.98,-5.63,6.89
-2.98,-5.63,6.89
-3.4,-6.76,7.61
-3.4,-6.76,7.61
-3.4,-6.76,7.61
-3.32,-6.97,7.8
-3.32,-6.97,7.8
-3.32,-6.97,7.8
-2.63,-6.68,7.62
-2.63,-6.68,7.62
-2.63,-6.68,7.62
-2.35,-6.44,7.33
-2.35,-6.44,7.33
-2.35,-6.44,7.33
-2.47,-6.19,7.24
-2.47,-6.19,7.24
-2.47,-6.19,7.24
-2.8,-6.43,7.25
-2.8,-6.43,7.25
-2.8,-6.43,7.25
-2.97,-6.09,6.99
-2.97,-6.09,6.99
-2.97,-6.09,6.99
-2.74,-6.75,7.23
-2.74,-6.75,7.23
-2.62,-6.43,7.25
-2.62,-6.43,7.25
-2.53,-6.14,7.12
-2.33,-6.12,7.08
-2.33,-6.12,7.08
-2.33,-6.12,7.08
-2.2,-7.06,6.93
-2.2,-7.06,6.93
-2.2,-7.06,6.93
-2.78,-6.68,6.42
-2.78,-6.68,6.42
-2.98,-6.56,6.34
-3.07,-6.62,6.44
-3.07,-6.62,6.44
-3.07,-6.62,6.44
-2.95,-6.83,6.91
-2.95,-6.83,6.91
-2.95,-6.83,6.91
-2.92,-6.65,7.02
-2.92,-6.65,7.02
-2.92,-6.65,7.02
-2.74,-5.26,6.49
-2.74,-5.26,6.49
-2.81,-5.5,6.75
-2.78,-6.34,7.26
-2.78,-6.34,7.26
-2.78,-6.34,7.26
-3.02,-6.23,6.68
-3.02,-6.23,6.68
-3.02,-6.23,6.68
-3.06,-5.75,6.39
-3.06,-5.75,6.39
-3.06,-5.75,6.39
-3.06,-6.88,7.12
-3.06,-6.88,7.12
-3.06,-6.88,7.12
-2.89,-6.22,6.91
-2.89,-6.22,6.91
-2.89,-6.22,6.91
-2.78,-6.18,6.91
-2.78,-6.18,6.91
-2.78,-6.18,6.91
-2.87,-6.22,7.07
-2.87,-6.22,7.07
-2.87,-6.22,7.07
-3.02,-6.28,7.18
-3.02,-6.28,7.18
-2.93,-6.29,7.05
-2.9,-6.27,6.88
-2.95,-6.5,6.77
-2.95,-6.5,6.77
-2.94,-6.42,6.62
-2.94,-6.42,6.62
-2.94,-6.42,6.62
-3.12,-6.18,6.51
-3.12,-6.18,6.51
-3.12,-6.18,6.51
-3.26,-6.08,6.71
-3.26,-6.08,6.71
-3.35,-6.09,6.79
-3.29,-5.98,6.82
-3.29,-5.98,6.82
-3.29,-5.98,6.82
-2.87,-5.85,6.78
-2.87,-5.85,6.78
-2.87,-5.85,6.78
-3.04,-5.96,6.85
-3.04,-5.96,6.85
-3.04,-5.96,6.85
-3.0,-5.9,7.05
-3.0,-5.9,7.05
-2.98,-6.15,7.14
-2.78,-6.25,7.05
-2.78,-6.25,7.05
-2.78,-6.25,7.05
-2.97,-6.18,6.74
-2.97,-6.18,6.74
-2.97,-6.18,6.74
-3.15,-6.53,7.07
-3.15,-6.53,7.07
-3.07,-6.54,7.1
-2.71,-6.37,7.22
-2.71,-6.37,7.22
-2.71,-6.37,7.22
-2.64,-6.26,7.12
-2.64,-6.26,7.12
-2.64,-6.26,7.12
-2.89,-6.32,7.22
-2.89,-6.32,7.22
-2.89,-6.32,7.22
-2.87,-6.58,7.56
-2.87,-6.58,7.56
-2.87,-6.58,7.56
-2.85,-6.57,7.26
-2.85,-6.57,7.26
-2.85,-6.57,7.26
-2.58,-6.61,7.28
-2.58,-6.61,7.28
-2.58,-6.61,7.28
-2.21,-6.4,7.56
-2.21,-6.4,7.56
-2.21,-6.4,7.56
-2.25,-6.98,7.9
-2.25,-6.98,7.9
-2.16,-7.12,7.7
-1.85,-6.69,7.6
-1.85,-6.69,7.6
-1.85,-6.69,7.6
-1.93,-7.33,7.13
-1.93,-7.33,7.13
-1.93,-7.33,7.13
-2.71,-7.16,6.79
-2.71,-7.16,6.79
-2.71,-7.16,6.79
-2.39,-7.13,7.05
-2.39,-7.13,7.05
-2.39,-7.13,7.05
-1.65,-7.13,6.66
-1.65,-7.13,6.66
-2.09,-6.65,6.07
-2.09,-6.65,6.07
-2.09,-6.65,6.07
-1.97,-6.62,5.93
-1.97,-6.62,5.93
-1.97,-6.62,5.93
-2.43,-6.35,6.05
-2.43,-6.35,6.05
-2.43,-6.35,6.05
-2.8,-6.11,5.45
-2.92,-6.0,5.89
-2.04,-6.35,6.08
-2.04,-6.35,6.08
-2.04,-6.35,6.08
-2.64,-5.82,5.28
-2.64,-5.82,5.28
-2.64,-5.82,5.28
-3.21,-5.49,5.45
-3.21,-5.49,5.45
-3.21,-5.49,5.45
-3.4,-6.77,5.71
-3.25,-6.87,5.85
-3.25,-6.87,5.85
-2.67,-7.72,6.12
-2.67,-7.72,6.12
-2.67,-7.72,6.12
-1.95,-7.52,6.09
-1.95,-7.52,6.09
-1.95,-7.52,6.09
-1.75,-8.39,6.1
-1.75,-8.39,6.1
-1.34,-8.56,5.97
-0.67,-9.23,5.9
-0.67,-9.23,5.9
-0.67,-9.23,5.9
-0.69,-8.94,5.4
-0.69,-8.94,5.4
-0.69,-8.94,5.4
-1.12,-8.95,5.85
-1.12,-8.95,5.85
-1.12,-8.95,5.85
-0.72,-8.75,5.97
-0.72,-8.75,5.97
-0.72,-8.75,5.97
-0.61,-8.4,5.47
-0.61,-8.4,5.47
-0.61,-8.4,5.47
-0.41,-8.79,5.79
-0.41,-8.79,5.79
-0.41,-8.79,5.79
-0.44,-8.92,5.61
-0.44,-8.92,5.61
-0.44,-8.92,5.61
-0.27,-9.08,5.44
-0.27,-9.08,5.44
-0.27,-9.08,5.44
-0.67,-9.01,4.81
-0.67,-9.01,4.81
-0.67,-9.01,4.81
-0.33,-10.01,5.18
-0.33,-10.01,5.18
-0.33,-10.01,5.18
-0.63,-9.58,4.74
-0.63,-9.58,4.74
-0.63,-9.58,4.74
-0.28,-8.99,4.32
-0.28,-8.99,4.32
-0.28,-8.99,4.32
-0.42,-10.06,4.18
-0.17,-10.01,4.25
-0.17,-10.01,4.25
-0.61,-9.99,3.53
-0.61,-9.99,3.53
-0.61,-9.99,3.53
-0.4,-9.29,3.29
-0.4,-9.29,3.29
-0.4,-9.29,3.29
-0.45,-10.83,3.04
-0.45,-10.83,3.04
-0.45,-10.83,3.04
-0.19,-9.78,1.85
-0.19,-9.78,1.85
-0.19,-9.78,1.85
0.11,-9.57,2.12
0.11,-9.57,2.12
0.11,-9.57,2.12
0.21,-8.84,1.62
0.21,-8.84,1.62
0.21,-8.84,1.62
0.85,-9.88,1.27
0.85,-9.88,1.27
0.85,-9.88,1.27
0.95,-8.81,0.04
0.95,-8.81,0.04
0.95,-8.81,0.04
1.24,-9.98,-0.77
1.24,-9.98,-0.77
1.24,-9.98,-0.77
1.2,-9.36,-1.19
1.2,-9.36,-1.19
1.2,-9.36,-1.19
1.31,-9.38,-0.9
1.31,-9.38,-0.9
1.31,-9.38,-0.9
1.55,-7.15,-3.45
1.55,-7.15,-3.45
1.55,-7.15,-3.45
1.44,-8.42,-3.39
1.44,-8.42,-3.39
1.44,-8.42,-3.39
1.02,-8.5,-3.85
1.02,-8.5,-3.85
1.02,-8.5,-3.85
2.12,-8.74,-3.48
2.2,-8.42,-3.38
2.2,-8.42,-3.38
2.37,-7.65,-3.83
2.73,-7.62,-4.37
2.73,-7.62,-4.37
2.34,-7.14,-4.75
2.34,-7.14,-4.75
2.34,-7.14,-4.75
2.9,-7.73,-4.44
2.9,-7.73,-4.44
2.9,-7.73,-4.44
2.82,-6.78,-4.94
2.82,-6.78,-4.94
2.76,-6.73,-5.27
2.5,-5.54,-5.67
2.5,-5.54,-5.67
2.5,-5.54,-5.67
2.58,-5.26,-5.05
2.58,-5.26,-5.05
2.58,-5.26,-5.05
2.74,-6.18,-5.45
2.74,-6.18,-5.45
2.74,-6.18,-5.45
3.02,-6.01,-5.14
3.02,-6.01,-5.14
3.16,-5.73,-5.21
3.0,-5.74,-6.03
3.0,-5.74,-6.03
3.0,-5.74,-6.03
3.04,-5.14,-5.81
3.04,-5.14,-5.81
3.04,-5.14,-5.81
3.14,-5.19,-5.66
3.14,-5.19,-5.66
3.14,-5.19,-5.66
2.82,-5.55,-6.44
2.82,-5.55,-6.44
2.82,-5.55,-6.44
3.73,-6.45,-5.99
3.73,-6.45,-5.99
3.73,-6.45,-5.99
3.15,-5.16,-6.93
3.15,-5.16,-6.93
3.15,-5.16,-6.93
3.47,-7.01,-6.79
3.47,-7.01,-6.79
2.62,-5.6,-7.19
2.62,-5.6,-7.19
2.63,-5.13,-7.1
3.63,-5.25,-6.49
3.63,-5.25,-6.49
3.63,-5.25,-6.49
3.71,-5.7,-6.62
3.71,-5.7,-6.62
3.57,-6.55,-6.38
3.57,-6.55,-6.38
3.57,-6.55,-6.38
2.88,-6.04,-6.8
2.88,-6.04,-6.8
2.88,-6.04,-6.8
3.09,-5.88,-6.88
3.09,-5.88,-6.88
3.09,-5.88,-6.88
2.81,-5.66,-6.42
2.81,-5.66,-6.42
2.81,-5.66,-6.42
3.02,-5.85,-6.37
3.02,-5.85,-6.37
3.02,-5.85,-6.37
3.53,-5.8,-6.41
3.53,-5.8,-6.41
3.47,-6.03,-6.38
3.43,-6.63,-6.85
3.43,-6.63,-6.85
3.43,-6.63,-6.85
2.82,-6.57,-7.09
2.82,-6.57,-7.09
2.82,-6.57,-7.09
2.94,-6.83,-6.27
2.94,-6.83,-6.27
2.94,-6.83,-6.27
2.82,-5.83,-6.58
2.82,-5.83,-6.58
2.89,-5.92,-6.57
3.02,-6.05,-6.59
3.02,-6.05,-6.59
3.02,-6.05,-6.59
2.74,-5.82,-6.37
2.74,-5.82,-6.37
2.74,-5.82,-6.37
2.98,-6.38,-6.35
2.98,-6.38,-6.35
2.98,-6.38,-6.35
2.97,-6.4,-6.72
2.88,-6.75,-6.61
2.88,-6.75,-6.61
2.79,-6.12,-6.49
2.79,-6.12,-6.49
2.79,-6.12,-6.49
2.75,-6.98,-6.46
2.75,-6.98,-6.46
2.75,-6.98,-6.46
2.52,-6.13,-6.83
2.52,-6.13,-6.83
2.52,-6.13,-6.83
2.38,-6.42,-6.73
2.38,-6.42,-6.73
2.38,-6.42,-6.73
2.3,-6.71,-6.57
2.3,-6.71,-6.57
2.3,-6.71,-6.57
2.4,-6.74,-6.35
2.4,-6.74,-6.35
2.4,-6.74,-6.35
2.27,-6.29,-6.58
2.27,-6.29,-6.58
2.27,-6.29,-6.58
1.89,-6.64,-6.67
1.89,-6.64,-6.67
1.89,-6.64,-6.67
2.08,-6.67,-6.43
2.08,-6.67,-6.43
2.08,-6.67,-6.43
2.27,-6.85,-6.47
2.27,-6.85,-6.47
2.27,-6.85,-6.47
2.26,-6.62,-6.46
2.26,-6.62,-6.46
2.26,-6.62,-6.46
2.32,-6.82,-6.45
2.32,-6.82,-6.45
2.15,-6.81,-6.53
1.82,-6.71,-6.54
1.82,-6.71,-6.54
1.82,-6.71,-6.54
2.0,-6.67,-6.73
2.0,-6.67,-6.73
2.0,-6.67,-6.73
1.66,-6.71,-6.79
1.66,-6.71,-6.79
1.66,-6.71,-6.79
1.81,-6.41,-6.25
1.81,-6.41,-6.25
1.93,-6.18,-6.39
1.97,-6.24,-6.81
1.97,-6.24,-6.81
1.97,-6.24,-6.81
1.77,-6.67,-6.5
1.77,-6.67,-6.5
1.77,-6.67,-6.5
1.99,-6.88,-6.15
1.99,-6.88,-6.15
1.99,-6.88,-6.15
1.78,-6.62,-6.5
1.78,-6.62,-6.5
1.78,-6.62,-6.5
1.87,-6.51,-6.58
1.87,-6.51,-6.58
1.87,-6.51,-6.58
1.68,-6.5,-6.91
1.75,-6.54,-6.66
1.75,-6.54,-6.66
1.75,-6.54,-6.66
1.83,-6.44,-6.28
1.83,-6.44,-6.28
1.76,-6.46,-6.26
1.82,-6.6,-6.58
1.82,-6.6,-6.58
1.82,-6.6,-6.58
1.83,-6.68,-6.54
1.83,-6.68,-6.54
1.83,-6.68,-6.54
1.89,-6.61,-6.31
1.89,-6.61,-6.31
1.89,-6.61,-6.31
1.93,-6.46,-6.43
1.93,-6.46,-6.43
1.91,-6.61,-6.57
1.97,-6.37,-6.4
1.97,-6.37,-6.4
1.97,-6.37,-6.4
1.79,-7.08,-6.39
1.79,-7.08,-6.39
1.79,-7.08,-6.39
1.68,-6.22,-6.84
1.68,-6.22,-6.84
1.68,-6.22,-6.84
1.93,-6.76,-6.1
1.93,-6.76,-6.1
1.93,-6.76,-6.1
2.33,-6.86,-6.16
2.33,-6.86,-6.16
2.33,-6.86,-6.16
2.03,-6.9,-6.23
2.03,-6.9,-6.23
2.03,-6.9,-6.23
1.97,-7.16,-6.12
1.97,-7.16,-6.12
2.1,-7.25,-6.15
1.72,-6.75,-6.37
1.72,-6.75,-6.37
1.72,-6.75,-6.37
2.14,-6.87,-6.03
2.14,-6.87,-6.03
2.14,-6.87,-6.03
1.88,-6.7,-5.7
1.88,-6.7,-5.7
1.88,-6.7,-5.7
1.76,-6.41,-6.08
1.76,-6.41,-6.08
1.76,-6.41,-6.08
1.65,-7.42,-6.23
1.65,-7.42,-6.23
1.59,-7.25,-6.35
1.67,-6.92,-5.74
1.67,-6.92,-5.74
1.67,-6.92,-5.74
1.33,-6.61,-5.76
1.33,-6.61,-5.76
1.33,-6.61,-5.76
1.44,-6.94,-5.62
1.28,-6.97,-5.65
1.09,-7.09,-5.56
1.09,-7.09,-5.56
1.09,-7.09,-5.56
0.78,-7.41,-5.27
0.78,-7.41,-5.27
0.78,-7.41,-5.27
0.45,-7.21,-4.56
0.45,-7.21,-4.56
0.45,-7.21,-4.56
2.0,-7.37,-5.07
2.0,-7.37,-5.07
2.72,-6.99,-5.31
3.11,-7.45,-5.44
3.31,-8.17,-5.23
3.31,-8.17,-5.23
2.16,-7.94,-5.2
2.16,-7.94,-5.2
2.16,-7.94,-5.2
1.86,-7.85,-5.36
1.86,-7.85,-5.36
1.86,-7.85,-5.36
2.41,-8.3,-5.13
2.41,-8.3,-5.13
2.13,-8.51,-5.19
2.18,-8.35,-5.38
2.57,-8.29,-5.54
2.57,-8.29,-5.54
1.98,-8.33,-5.1
1.98,-8.33,-5.1
1.98,-8.33,-5.1
1.62,-8.08,-5.41
1.62,-8.08,-5.41
1.62,-8.08,-5.41
2.51,-7.83,-5.05
2.5,-8.27,-4.49
2.5,-8.27,-4.49
1.71,-6.72,-5.2
1.71,-6.72,-5.2
1.71,-6.72,-5.2
1.35,-7.68,-5.37
1.35,-7.68,-5.37
1.35,-7.68,-5.37
0.72,-7.4,-5.67
0.72,-7.4,-5.67
0.72,-7.4,-5.67
2.92,-9.03,-4.55
2.25,-9.13,-5.05
2.25,-9.13,-5.05
1.47,-8.53,-5.24
1.47,-8.53,-5.24
1.47,-8.53,-5.24
3.01,-7.64,-4.03
3.01,-7.64,-4.03
3.01,-7.64,-4.03
2.16,-7.15,-6.16
2.16,-7.15,-6.16
2.16,-7.15,-6.16
1.71,-7.02,-4.74
1.71,-7.02,-4.74
1.71,-7.02,-4.74
2.54,-7.97,-4.55
2.54,-7.97,-4.55
2.54,-7.97,-4.55
-0.13,-8.84,-6.66
-0.13,-8.84,-6.66
-0.13,-8.84,-6.66
1.75,-9.27,-5.76
1.75,-9.27,-5.76
1.75,-9.27,-5.76
0.78,-9.08,-6.04
1.17,-10.29,-5.74
1.17,-10.29,-5.74
1.32,-6.39,-6.24
1.32,-6.39,-6.24
1.32,-6.39,-6.24
2.6,-7.24,-5.67
2.6,-7.24,-5.67
2.6,-7.24,-5.67
0.9,-4.56,-7.33
0.9,-4.56,-7.33
0.9,-4.56,-7.33
0.85,-7.14,-5.21
0.85,-7.14,-5.21
0.63,-7.14,-6.44
0.63,-7.14,-6.44
0.63,-7.14,-6.44
0.84,-4.96,-6.42
0.84,-4.96,-6.42
0.84,-4.96,-6.42
-0.27,-6.83,-6.81
-0.27,-6.83,-6.81
-0.27,-6.83,-6.81
0.13,-5.39,-6.83
0.13,-5.39,-6.83
0.13,-5.39,-6.83
0.06,-5.17,-7.59
0.06,-5.17,-7.59
0.06,-5.17,-7.59
0.37,-6.79,-7.42
0.37,-6.79,-7.42
0.37,-6.79,-7.42
0.8,-5.58,-7.09
0.8,-5.58,-7.09
0.8,-5.58,-7.09
-0.72,-6.53,-7.03
-0.72,-6.53,-7.03
-0.72,-6.53,-7.03
-0.05,-5.63,-6.9
-0.05,-5.63,-6.9
-0.05,-5.63,-6.9
-0.44,-6.82,-7.14
-0.44,-6.82,-7.14
-0.44,-6.82,-7.14
0.36,-6.07,-7.14
0.36,-6.07,-7.14
0.36,-6.07,-7.14
-1.85,-6.12,-6.98
-1.85,-6.12,-6.98
-0.46,-5.32,-6.94
-0.88,-6.44,-7.62
-0.88,-6.44,-7.62
-0.88,-6.44,-7.62
-0.26,-7.07,-7.08
-0.26,-7.07,-7.08
-0.26,-7.07,-7.08
-0.3,-5.88,-7.19
-0.3,-5.88,-7.19
-0.63,-5.78,-6.82
-0.24,-4.92,-6.94
-0.24,-4.92,-6.94
-0.24,-4.92,-6.94
-2.0,-5.82,-7.07
-2.0,-5.82,-7.07
-2.0,-5.82,-7.07
0.54,-5.14,-7.14
0.54,-5.14,-7.14
0.54,-5.14,-7.14
-1.65,-6.01,-7.53
-1.65,-6.01,-7.53
-0.75,-4.93,-6.86
0.2,-5.0,-6.49
-0.72,-5.09,-7.31
-0.72,-5.09,-7.31
-0.36,-4.51,-7.01
-0.36,-4.51,-7.01
-0.36,-4.51,-7.01
-0.52,-5.52,-7.46
-0.52,-5.52,-7.46
-0.52,-5.52,-7.46
0.06,-6.8,-6.91
0.06,-6.8,-6.91
0.06,-6.8,-6.91
-1.11,-5.94,-7.15
-1.11,-5.94,-7.15
-0.35,-5.32,-7.06
-0.37,-6.39,-7.31
-0.37,-6.39,-7.31
-0.37,-6.39,-7.31
-0.45,-6.38,-7.5
-0.45,-6.38,-7.5
-0.45,-6.38,-7.5
-0.49,-6.62,-7.69
-0.49,-6.62,-7.69
-0.49,-6.62,-7.69
-1.16,-6.68,-7.04
-1.16,-6.68,-7.04
-1.16,-6.68,-7.04
-0.46,-4.71,-7.12
-0.46,-4.71,-7.12
-0.58,-6.0,-7.23
-0.58,-6.0,-7.23
-0.58,-6.0,-7.23
-0.9,-5.9,-7.47
-0.9,-5.9,-7.47
-0.9,-5.9,-7.47
0.4,-5.38,-7.55
0.4,-5.38,-7.55
-0.41,-5.51,-7.75
-1.04,-4.93,-7.36
-1.04,-4.93,-7.36
-1.04,-4.93,-7.36
-0.3,-4.29,-7.09
-0.3,-4.29,-7.09
-0.3,-4.29,-7.09
-0.42,-4.67,-7.31
-0.42,-4.67,-7.31
-0.42,-4.67,-7.31
-1.23,-6.39,-7.45
-1.22,-6.12,-7.72
-1.22,-6.12,-7.72
0.34,-5.49,-7.5
0.34,-5.49,-7.5
0.34,-5.49,-7.5
-0.95,-5.64,-7.44
-0.95,-5.64,-7.44
-0.95,-5.64,-7.44
-0.04,-5.2,-7.25
-0.04,-5.2,-7.25
-0.04,-5.2,-7.25
-1.08,-5.75,-7.43
-1.08,-5.75,-7.43
-1.08,-5.75,-7.43
-0.97,-5.92,-7.29
-0.97,-5.92,-7.29
-0.97,-5.92,-7.29
-0.92,-5.48,-7.43
-0.92,-5.48,-7.43
-0.92,-5.48,-7.43
-0.58,-5.54,-7.43
-0.58,-5.54,-7.43
-0.69,-5.48,-7.79
-0.4,-5.76,-7.61
-0.79,-5.8,-7.41
-0.79,-5.8,-7.41
-1.01,-4.92,-7.2
-1.01,-4.92,-7.2
-1.01,-4.92,-7.2
-1.42,-5.73,-7.24
-1.42,-5.73,-7.24
-1.42,-5.73,-7.24
-0.52,-4.72,-7.33
-0.52,-4.72,-7.33
-0.73,-4.93,-7.56
-1.04,-5.89,-7.25
-1.04,-5.89,-7.25
-1.04,-5.89,-7.25
-0.75,-5.22,-7.62
-0.75,-5.22,-7.62
-0.75,-5.22,-7.62
-0.68,-5.47,-7.38
-0.68,-5.47,-7.38
-0.68,-5.47,-7.38
-0.23,-5.02,-7.38
-0.23,-5.02,-7.38
-0.23,-5.02,-7.38
-0.4,-5.26,-7.33
-0.4,-5.26,-7.33
-0.4,-5.26,-7.33
-1.25,-5.88,-7.63
-1.25,-5.88,-7.63
-1.25,-5.88,-7.63
-0.57,-5.55,-7.56
-0.57,-5.55,-7.56
-0.57,-5.55,-7.56
-1.05,-5.63,-7.59
-1.05,-5.63,-7.59
-1.05,-5.63,-7.59
-0.32,-5.04,-7.59
-0.75,-5.47,-7.41
-0.75,-5.47,-7.41
-0.94,-5.09,-7.58
-0.94,-5.09,-7.58
-0.7,-5.11,-7.22
-0.7,-5.11,-7.22
-0.7,-5.11,-7.22
-1.03,-5.43,-7.75
-0.81,-5.49,-7.58
-0.81,-5.49,-7.58
-0.64,-5.48,-7.35
-0.48,-5.1,-7.51
-0.48,-5.1,-7.51
-1.17,-5.54,-7.4
-1.17,-5.54,-7.4
-1.17,-5.54,-7.4
-0.41,-5.11,-7.7
-0.41,-5.11,-7.7
-0.41,-5.11,-7.7
-0.07,-5.52,-7.48
-0.07,-5.52,-7.48
-0.07,-5.52,-7.48
-1.96,-6.06,-7.37
-1.96,-6.06,-7.37
-1.96,-6.06,-7.37
-0.89,-3.88,-7.26
-0.89,-3.88,-7.26
-0.89,-3.88,-7.26
-0.56,-6.12,-7.59
-0.56,-6.12,-7.59
-0.56,-6.12,-7.59
-0.66,-5.82,-8.05
-0.66,-5.82,-8.05
-0.68,-5.54,-8.14
-0.91,-5.13,-7.16
-0.91,-5.13,-7.16
-0.91,-5.13,-7.16
-0.83,-4.82,-6.98
-0.83,-4.82,-6.98
-0.83,-4.82,-6.98
-1.03,-5.48,-7.39
-1.03,-5.48,-7.39
-1.03,-5.48,-7.39
-0.79,-5.62,-7.55
-0.79,-5.62,-7.55
-0.51,-5.84,-7.48
-1.59,-5.82,-7.76
-1.59,-5.82,-7.76
-1.59,-5.82,-7.76
-0.14,-5.4,-7.31
-0.14,-5.4,-7.31
-0.14,-5.4,-7.31
-0.85,-5.66,-7.79
-0.85,-5.66,-7.79
-0.85,-5.66,-7.79
-0.07,-5.4,-7.34
-0.07,-5.4,-7.34
-1.35,-5.71,-7.29
-0.43,-4.3,-7.28
-0.43,-4.3,-7.28
-0.97,-5.56,-7.44
-0.97,-5.56,-7.44
-0.97,-5.56,-7.44
-0.35,-5.65,-7.37
-0.35,-5.65,-7.37
-0.35,-5.65,-7.37
-0.86,-5.02,-7.36
-0.86,-5.02,-7.36
-0.86,-5.02,-7.36
-0.24,-5.29,-7.5
-0.24,-5.29,-7.5
-0.24,-5.29,-7.5
-0.22,-5.23,-7.76
-0.22,-5.23,-7.76
-0.22,-5.23,-7.76
-0.6,-5.44,-7.67
-0.6,-5.44,-7.67
-0.6,-5.44,-7.67
-0.67,-5.79,-7.53
-0.67,-5.79,-7.53
-0.79,-6.05,-7.63
-0.5,-5.38,-7.54
-0.5,-5.38,-7.54
-0.5,-5.38,-7.54
-0.76,-5.71,-7.44
-0.76,-5.71,-7.44
-0.76,-5.71,-7.44
-0.53,-5.31,-7.43
-0.53,-5.31,-7.43
-0.53,-5.31,-7.43
-0.79,-5.22,-7.44
-0.79,-5.22,-7.44
-0.43,-5.12,-7.45
-0.79,-5.6,-7.58
-0.79,-5.6,-7.58
-0.79,-5.6,-7.58
-0.5,-5.68,-7.54
-0.5,-5.68,-7.54
-0.5,-5.68,-7.54
-0.88,-5.41,-7.52
-0.88,-5.41,-7.52
-0.88,-5.41,-7.52
-0.38,-5.23,-7.33
-0.38,-5.23,-7.33
-0.38,-5.23,-7.33
-1.22,-5.44,-7.59
-1.22,-5.44,-7.59
-1.22,-5.44,-7.59
-0.33,-5.35,-7.25
-0.33,-5.35,-7.25
-0.33,-5.35,-7.25
-1.27,-5.43,-7.59
-1.27,-5.43,-7.59
-1.27,-5.43,-7.59
-0.36,-5.51,-7.39
-0.36,-5.51,-7.39
-0.73,-5.62,-7.54
-0.55,-5.2,-7.61
-0.55,-5.2,-7.61
-0.55,-5.2,-7.61
-0.86,-5.5,-7.42
-0.86,-5.5,-7.42
-0.86,-5.5,-7.42
-0.51,-5.11,-7.72
-0.51,-5.11,-7.72
-0.51,-5.11,-7.72
-0.68,-5.21,-7.34
-0.68,-5.21,-7.34
-0.88,-4.67,-7.85
-0.74,-5.99,-7.29
-0.74,-5.99,-7.29
-0.74,-5.99,-7.29
-0.79,-5.45,-7.54
-0.79,-5.45,-7.54
-0.79,-5.45,-7.54
-0.86,-5.45,-7.29
-0.86,-5.45,-7.29
-0.86,-5.45,-7.29
-0.75,-5.12,-7.75
-0.75,-5.12,-7.75
-0.17,-5.47,-7.5
-1.0,-5.21,-7.57
-1.0,-5.21,-7.57
-1.0,-5.21,-7.57
-0.56,-5.47,-7.61
-0.56,-5.47,-7.61
-0.56,-5.47,-7.61
-0.53,-5.39,-7.5
-0.53,-5.39,-7.5
-0.53,-5.39,-7.5
-0.78,-5.47,-7.56
-0.78,-5.47,-7.56
-0.87,-5.22,-7.5
-0.53,-5.28,-7.55
-0.53,-5.28,-7.55
-0.53,-5.28,-7.55
-0.54,-5.57,-7.36
-0.54,-5.57,-7.36
-0.54,-5.57,-7.36
-0.75,-4.91,-7.5
-0.75,-4.91,-7.5
-0.95,-5.68,-7.56
-0.52,-5.46,-7.45
-0.37,-5.12,-7.49
-0.37,-5.12,-7.49
-0.88,-5.86,-7.51
-0.88,-5.86,-7.51
-0.88,-5.86,-7.51
-0.66,-5.39,-7.42
-0.66,-5.39,-7.42
-0.66,-5.39,-7.42
-0.69,-5.58,-7.54
-0.69,-5.58,-7.54
-0.43,-5.17,-7.41
-0.51,-5.12,-7.43
-0.51,-5.12,-7.43
-0.91,-5.65,-7.47
-0.91,-5.65,-7.47
-0.91,-5.65,-7.47
-0.54,-5.65,-7.36
-0.54,-5.65,-7.36
-0.54,-5.65,-7.36
-0.71,-5.21,-7.45
-0.71,-5.21,-7.45
-0.71,-5.21,-7.45
-0.51,-5.23,-7.37
-0.8,-5.52,-7.74
-0.8,-5.52,-7.74
-0.25,-5.5,-7.43
-0.25,-5.5,-7.43
-0.25,-5.5,-7.43
-0.87,-5.5,-7.48
-0.87,-5.5,-7.48
-0.87,-5.5,-7.48
-0.59,-5.18,-7.34
-0.14,-5.29,-7.61
-0.14,-5.29,-7.61
-0.41,-5.83,-7.52
-0.41,-5.83,-7.52
-0.41,-5.83,-7.52
-0.75,-5.58,-7.53
-0.75,-5.58,-7.53
-0.75,-5.58,-7.53
-0.68,-5.37,-7.47
-0.68,-5.37,-7.47
-0.68,-5.37,-7.47
-0.15,-5.39,-7.36
-0.15,-5.39,-7.36
-0.66,-5.58,-7.51
-0.94,-5.52,-7.54
-0.49,-5.54,-7.27
-0.49,-5.54,-7.27
-0.61,-5.63,-7.54
-0.61,-5.63,-7.54
-0.61,-5.63,-7.54
-0.8,-5.66,-7.44
-0.8,-5.66,-7.44
-0.8,-5.66,-7.44
-0.24,-5.6,-7.61
-0.24,-5.6,-7.61
-0.85,-5.45,-7.58
-0.34,-5.34,-7.09
-0.34,-5.34,-7.09
-0.34,-5.34,-7.09
-1.1,-5.66,-7.45
-1.1,-5.66,-7.45
-1.1,-5.66,-7.45
-0.26,-5.44,-7.42
-0.26,-5.44,-7.42
-0.26,-5.44,-7.42
-0.81,-5.48,-7.6
-0.81,-5.48,-7.6
-0.81,-5.48,-7.6
-1.02,-5.65,-7.49
-1.02,-5.65,-7.49
-1.02,-5.65,-7.49
-0.64,-5.32,-7.38
-0.64,-5.32,-7.38
-0.64,-5.32,-7.38
-1.1,-5.77,-7.44
-1.1,-5.77,-7.44
-1.1,-5.77,-7.44
-0.1,-5.17,-7.4
-0.54,-5.8,-7.34
-0.54,-5.8,-7.34
-0.57,-5.36,-7.36
-0.57,-5.36,-7.36
-0.57,-5.36,-7.36
-0.87,-5.81,-7.36
-0.87,-5.81,-7.36
-0.87,-5.81,-7.36
-0.49,-5.35,-7.48
-0.49,-5.35,-7.48
-0.49,-5.35,-7.48
-0.66,-5.73,-7.34
-0.66,-5.73,-7.34
-0.63,-5.41,-7.76
-0.16,-5.46,-7.3
-0.16,-5.46,-7.3
-0.16,-5.46,-7.3
-0.88,-5.6,-7.67
-0.88,-5.6,-7.67
-0.88,-5.6,-7.67
-0.42,-5.29,-7.08
-0.42,-5.29,-7.08
-0.42,-5.29,-7.08
-0.83,-5.69,-7.65
-0.83,-5.69,-7.65
-0.83,-5.69,-7.65
-1.11,-5.43,-7.75
-1.11,-5.43,-7.75
-1.11,-5.43,-7.75
-0.22,-5.64,-7.02
-0.22,-5.64,-7.02
-0.22,-5.64,-7.02
-0.94,-5.46,-7.5
-0.94,-5.46,-7.5
-0.94,-5.46,-7.5
-0.25,-5.94,-7.67
-0.37,-7.72,-7.88
-0.37,-7.72,-7.88
1.63,-3.85,-10.38
1.63,-3.85,-10.38
1.63,-3.85,-10.38
-20.61,-1.3,-1.63
-20.61,-1.3,-1.63
