aX,aY,aZ
-15.32,3.35,-2.02
29.1,-9.98,2.62
25.23,-8.99,-15.92
25.23,-8.99,-15.92
-1.84,-12.73,-9.51
-1.84,-12.73,-9.51
-1.84,-12.73,-9.51
3.49,-10.92,-4.71
3.49,-10.92,-4.71
3.49,-10.92,-4.71
-1.65,-8.86,-4.16
-1.65,-8.86,-4.16
-1.65,-8.86,-4.16
-1.35,-9.48,-4.29
-1.35,-9.48,-4.29
-1.35,-9.48,-4.29
0.7,-6.46,-5.16
0.7,-6.46,-5.16
0.59,-7.3,-5.01
1.82,-6.91,-5.47
1.82,-6.91,-5.47
1.82,-6.91,-5.47
1.23,-9.02,-5.47
1.23,-9.02,-5.47
1.23,-9.02,-5.47
1.0,-8.7,-4.7
1.0,-8.7,-4.7
1.0,-8.7,-4.7
0.43,-8.07,-4.87
0.44,-7.63,-4.86
0.44,-7.63,-4.86
0.94,-8.45,-4.56
0.94,-8.45,-4.56
0.94,-8.45,-4.56
1.25,-7.88,-4.99
1.25,-7.88,-4.99
1.25,-7.88,-4.99
0.67,-8.62,-4.99
0.67,-8.62,-4.99
1.03,-7.85,-4.86
1.73,-7.66,-4.75
1.54,-8.27,-4.73
1.54,-8.27,-4.73
1.13,-8.18,-4.76
1.13,-8.18,-4.76
1.13,-8.18,-4.76
1.47,-7.41,-4.87
1.47,-7.41,-4.87
0.9,-8.27,-4.83
0.9,-8.27,-4.83
0.66,-8.33,-4.75
0.98,-7.83,-4.67
0.98,-7.83,-4.67
0.98,-7.83,-4.67
0.94,-8.35,-4.62
0.94,-8.35,-4.62
0.94,-8.35,-4.62
0.88,-7.98,-4.95
0.88,-7.98,-4.95
0.88,-7.98,-4.95
1.43,-8.38,-4.6
1.43,-8.38,-4.6
1.54,-8.07,-4.6
1.28,-8.26,-4.74
1.28,-8.26,-4.74
1.28,-8.26,-4.74
1.15,-8.32,-4.6
1.15,-8.32,-4.6
1.15,-8.32,-4.6
1.11,-8.4,-4.64
1.11,-8.4,-4.64
1.11,-8.4,-4.64
1.07,-7.94,-4.74
1.07,-7.94,-4.74
0.98,-8.27,-4.7
0.95,-8.08,-4.43
0.95,-8.08,-4.43
1.22,-8.17,-4.58
1.22,-8.17,-4.58
1.22,-8.17,-4.58
1.25,-8.37,-4.52
1.25,-8.37,-4.52
1.25,-8.37,-4.52
1.26,-7.94,-4.7
1.26,-7.94,-4.7
1.19,-8.25,-4.57
1.06,-8.2,-4.64
1.06,-8.2,-4.64
1.06,-8.2,-4.64
1.5,-8.09,-4.57
1.5,-8.09,-4.57
1.5,-8.09,-4.57
1.57,-8.19,-4.82
1.57,-8.19,-4.82
1.57,-8.19,-4.82
1.63,-8.59,-4.73
1.63,-8.59,-4.73
1.42,-8.32,-4.76
1.46,-7.99,-4.49
1.46,-7.99,-4.49
1.46,-7.99,-4.49
1.44,-8.03,-4.64
1.44,-8.03,-4.64
1.44,-8.03,-4.64
1.33,-8.03,-4.68
1.33,-8.03,-4.68
1.33,-8.03,-4.68
1.39,-8.12,-4.77
1.52,-8.45,-4.76
1.52,-8.45,-4.76
1.55,-8.42,-4.67
1.55,-8.42,-4.67
1.55,-8.42,-4.67
1.32,-7.97,-4.51
1.32,-7.97,-4.51
1.32,-7.97,-4.51
1.18,-7.82,-4.52
1.18,-7.82,-4.52
1.18,-7.82,-4.52
1.24,-7.68,-4.39
1.24,-7.68,-4.39
1.24,-7.68,-4.39
1.41,-7.39,-4.16
1.41,-7.39,-4.16
1.41,-7.39,-4.16
1.32,-8.28,-4.53
1.32,-8.28,-4.53
1.32,-8.28,-4.53
1.69,-9.16,-4.45
1.69,-9.16,-4.45
1.69,-9.16,-4.45
1.95,-8.68,-4.51
1.95,-8.68,-4.51
1.95,-8.68,-4.51
2.67,-8.7,-4.42
2.67,-8.7,-4.42
2.67,-8.7,-4.42
2.61,-9.07,-4.01
2.61,-9.07,-4.01
2.61,-9.07,-4.01
1.59,-8.05,-4.23
1.59,-8.05,-4.23
1.38,-8.06,-4.28
1.34,-7.91,-4.31
1.34,-7.91,-4.31
1.34,-7.91,-4.31
1.23,-7.16,-4.07
1.23,-7.16,-4.07
1.23,-7.16,-4.07
0.69,-6.47,-3.96
0.69,-6.47,-3.96
0.69,-6.47,-3.96
0.94,-7.1,-3.71
0.94,-7.1,-3.71
0.94,-7.1,-3.71
1.08,-7.58,-3.26
1.39,-7.16,-3.2
1.39,-7.16,-3.2
2.81,-5.79,-2.91
2.81,-5.79,-2.91
2.81,-5.79,-2.91
3.49,-6.24,-2.64
3.49,-6.24,-2.64
3.49,-6.24,-2.64
3.86,-7.92,-1.84
3.86,-7.92,-1.84
3.86,-7.92,-1.84
4.24,-7.8,-0.77
4.24,-7.8,-0.77
4.24,-7.8,-0.77
5.5,-8.59,0.33
5.5,-8.59,0.33
5.5,-8.59,0.33
3.85,-8.67,0.76
3.85,-8.67,0.76
3.85,-8.67,0.76
4.2,-8.2,1.14
4.2,-8.2,1.14
4.2,-8.2,1.14
2.62,-9.02,0.52
2.62,-9.02,0.52
2.62,-9.02,0.52
1.83,-8.2,1.24
1.83,-8.2,1.24
1.83,-8.2,1.24
1.02,-12.2,4.92
1.02,-12.2,4.92
1.02,-12.2,4.92
-0.04,-11.39,5.18
-0.04,-11.39,5.18
-0.04,-11.39,5.18
-0.42,-9.67,5.23
-0.42,-9.67,5.23
-0.99,-9.46,4.78
-1.22,-11.14,4.54
-1.22,-11.14,4.54
-1.22,-11.14,4.54
-0.32,-9.25,4.23
-0.32,-9.25,4.23
-0.32,-9.25,4.23
-0.01,-8.78,4.14
-0.01,-8.78,4.14
-0.01,-8.78,4.14
1.52,-8.58,4.93
1.52,-8.58,4.93
1.27,-8.68,5.09
-0.22,-8.17,5.03
-0.22,-8.17,5.03
-0.22,-8.17,5.03
-1.24,-9.67,4.54
-1.24,-9.67,4.54
-1.24,-9.67,4.54
-1.92,-10.91,4.37
-1.92,-10.91,4.37
-1.92,-10.91,4.37
-3.04,-10.49,4.38
-3.04,-10.49,4.38
-3.09,-10.3,4.06
-3.2,-10.57,3.74
-3.2,-10.57,3.74
-3.2,-10.57,3.74
-1.42,-9.5,3.77
-1.42,-9.5,3.77
-1.42,-9.5,3.77
-1.7,-9.59,3.92
-1.7,-9.59,3.92
-1.7,-9.59,3.92
-0.71,-9.67,5.2
-0.29,-9.04,5.23
-0.29,-9.04,5.23
-0.93,-8.54,4.03
-0.93,-8.54,4.03
-0.93,-8.54,4.03
-1.07,-8.62,3.71
-1.07,-8.62,3.71
-1.07,-8.62,3.71
-1.62,-8.28,3.52
-1.62,-8.28,3.52
-1.62,-8.28,3.52
-1.62,-8.91,3.47
-1.62,-8.91,3.47
-1.62,-8.91,3.47
-1.65,-9.11,2.9
-1.65,-9.11,2.9
-1.65,-9.11,2.9
-1.53,-10.07,2.95
-1.53,-10.07,2.95
-1.53,-10.07,2.95
-1.35,-10.95,2.75
-1.35,-10.95,2.75
-1.35,-10.95,2.75
-1.25,-11.26,2.95
-1.19,-11.51,3.03
-1.19,-11.51,3.03
-1.49,-11.82,3.32
-1.49,-11.82,3.32
-1.49,-11.82,3.32
-0.88,-13.07,3.69
-0.88,-13.07,3.69
-0.88,-13.07,3.69
-0.44,-12.45,3.34
-0.44,-12.45,3.34
0.42,-12.73,3.91
0.51,-12.72,3.44
0.51,-12.72,3.44
0.51,-12.72,3.44
-0.35,-10.12,2.51
-0.35,-10.12,2.51
-0.35,-10.12,2.51
-0.2,-9.6,2.02
-0.2,-9.6,2.02
-0.2,-9.6,2.02
0.43,-8.67,0.82
0.43,-8.67,0.82
0.6,-8.16,0.86
0.6,-7.82,0.78
0.6,-7.82,0.78
0.6,-7.82,0.78
1.45,-4.97,-1.87
1.45,-4.97,-1.87
1.45,-4.97,-1.87
0.72,-2.99,-2.63
0.72,-2.99,-2.63
0.72,-2.99,-2.63
1.89,1.47,-1.85
1.89,1.47,-1.85
1.89,1.47,-1.85
1.69,0.36,-2.21
1.69,0.36,-2.21
1.69,0.36,-2.21
2.2,-1.19,-1.28
2.2,-1.19,-1.28
2.2,-1.19,-1.28
2.57,-1.75,0.68
2.57,-1.75,0.68
2.57,-1.75,0.68
4.21,-3.75,1.25
3.5,-4.06,1.46
3.5,-4.06,1.46
1.57,-8.23,7.15
1.57,-8.23,7.15
1.57,-8.23,7.15
0.87,-6.95,4.87
0.87,-6.95,4.87
0.87,-6.95,4.87
-2.05,-12.99,4.89
-2.05,-12.99,4.89
-2.05,-12.99,4.89
-3.74,-13.99,6.7
-3.74,-13.99,6.7
-3.91,-13.88,5.2
-4.17,-14.34,4.18
-4.17,-14.34,4.18
-4.17,-14.34,4.18
-6.69,-17.8,6.29
-6.69,-17.8,6.29
-6.69,-17.8,6.29
-2.93,-13.72,6.57
-2.93,-13.72,6.57
-2.93,-13.72,6.57
-2.75,-13.79,5.89
-2.75,-13.79,5.89
-1.79,-13.83,6.18
-0.27,-10.76,5.5
-0.27,-10.76,5.5
-0.27,-10.76,5.5
0.66,-8.51,5.27
0.66,-8.51,5.27
0.66,-8.51,5.27
2.27,-7.54,5.23
2.27,-7.54,5.23
2.27,-7.54,5.23
1.49,-5.98,4.45
2.15,-5.5,4.69
2.15,-5.5,4.69
2.89,-4.89,4.68
2.89,-4.89,4.68
2.89,-4.89,4.68
2.79,-4.97,4.55
2.79,-4.97,4.55
2.79,-4.97,4.55
2.95,-6.91,4.94
2.95,-6.91,4.94
2.95,-6.91,4.94
2.87,-7.45,5.35
2.87,-7.45,5.35
2.87,-7.45,5.35
2.4,-8.04,5.55
2.4,-8.04,5.55
2.4,-8.04,5.55
1.97,-8.58,5.58
1.97,-8.58,5.58
1.97,-8.58,5.58
2.0,-8.2,5.71
2.0,-8.2,5.71
2.01,-6.4,6.15
2.01,-6.4,6.15
2.01,-6.4,6.15
1.14,-5.1,5.8
1.14,-5.1,5.8
1.14,-5.1,5.8
1.08,-5.64,6.32
1.08,-5.64,6.32
1.08,-5.64,6.32
0.28,-6.17,6.61
0.28,-6.17,6.61
0.28,-6.17,6.61
-0.38,-6.5,6.41
-0.38,-6.5,6.41
-0.67,-7.38,7.04
-1.41,-8.52,7.32
-1.93,-8.61,7.58
-1.93,-8.61,7.58
-1.95,-6.45,7.46
-1.95,-6.45,7.46
-1.95,-6.45,7.46
-3.24,-7.79,8.02
-3.24,-7.79,8.02
-3.24,-7.79,8.02
-3.17,-8.25,8.53
-3.17,-8.25,8.53
-3.06,-6.86,7.96
-3.28,-6.13,7.63
-3.28,-6.13,7.63
-3.28,-6.13,7.63
-2.96,-7.02,8.14
-2.96,-7.02,8.14
-2.96,-7.02,8.14
-3.6,-6.09,7.58
-3.6,-6.09,7.58
-3.6,-6.09,7.58
-3.5,-5.92,7.37
-3.5,-5.92,7.37
-3.18,-6.14,7.44
-2.77,-5.34,7.05
-2.77,-5.34,7.05
-2.77,-5.34,7.05
-2.25,-5.95,7.15
-2.25,-5.95,7.15
-2.25,-5.95,7.15
-2.14,-6.18,7.6
-2.14,-6.18,7.6
-2.14,-6.18,7.6
-2.06,-5.49,7.18
-2.06,-5.49,7.18
-1.73,-4.99,6.99
-2.16,-6.15,7.68
-2.16,-6.15,7.68
-2.16,-6.15,7.68
-2.24,-5.61,6.94
-2.24,-5.61,6.94
-2.24,-5.61,6.94
-2.95,-5.22,6.13
-2.95,-5.22,6.13
-2.95,-5.22,6.13
-3.71,-5.78,6.24
-3.71,-5.78,6.24
-3.71,-5.78,6.24
-4.34,-5.69,7.1
-4.34,-5.69,7.1
-4.34,-5.69,7.1
-4.77,-4.96,6.49
-4.77,-4.96,6.49
-4.77,-4.96,6.49
-6.06,-6.68,6.95
-6.06,-6.68,6.95
-6.06,-6.68,6.95
-4.9,-7.03,7.6
-4.77,-5.8,7.37
-4.77,-5.8,7.37
-4.82,-5.01,7.54
-4.82,-5.01,7.54
-4.82,-5.01,7.54
-6.06,-4.99,6.69
-6.06,-4.99,6.69
-5.91,-5.07,6.64
-5.91,-5.07,6.64
-5.91,-5.07,6.64
-6.23,-4.95,6.35
-6.23,-4.95,6.35
-5.78,-4.42,6.16
-5.14,-5.17,6.81
-5.14,-5.17,6.81
-5.14,-5.17,6.81
-4.98,-5.38,6.51
-4.98,-5.38,6.51
-4.98,-5.38,6.51
-4.05,-5.45,7.01
-4.05,-5.45,7.01
-4.05,-5.45,7.01
-5.07,-4.43,6.27
-5.07,-4.43,6.27
-4.49,-4.38,6.61
-5.39,-5.03,6.42
-5.39,-5.03,6.42
-5.39,-5.03,6.42
-4.7,-5.05,6.72
-4.7,-5.05,6.72
-4.7,-5.05,6.72
-5.29,-5.53,6.93
-5.29,-5.53,6.93
-4.95,-4.46,6.43
-5.02,-5.22,6.44
-4.82,-5.36,6.78
-4.82,-5.36,6.78
-4.93,-4.84,6.53
-4.93,-4.84,6.53
-4.93,-4.84,6.53
-5.32,-4.84,6.43
-5.32,-4.84,6.43
-5.32,-4.84,6.43
-5.01,-4.95,6.57
-5.01,-4.95,6.57
-5.04,-5.09,6.64
-5.02,-4.99,6.68
-5.01,-4.76,6.66
-5.01,-4.76,6.66
-5.16,-4.82,6.68
-5.16,-4.82,6.68
-5.16,-4.82,6.68
-5.17,-4.97,6.6
-5.17,-4.97,6.6
-5.17,-4.97,6.6
-5.2,-4.92,6.52
-5.2,-4.92,6.52
-5.34,-5.0,6.62
-5.04,-4.66,6.42
-5.04,-4.66,6.42
-5.31,-4.54,6.45
-5.23,-5.14,6.66
-5.23,-5.14,6.66
-5.23,-5.14,6.66
-5.07,-4.72,6.48
-5.07,-4.72,6.48
-5.07,-4.72,6.48
-5.02,-4.92,6.56
-5.02,-4.92,6.56
-5.06,-4.81,6.66
-5.28,-4.94,6.67
-5.28,-4.94,6.67
-5.28,-4.94,6.67
-5.2,-4.84,6.62
-5.2,-4.84,6.62
-5.2,-4.84,6.62
-5.01,-4.96,6.62
-5.01,-4.96,6.62
-5.01,-4.96,6.62
-5.06,-5.04,6.57
-5.06,-5.04,6.57
-5.06,-5.04,6.57
-4.87,-4.96,6.82
-4.87,-4.96,6.82
-4.87,-4.96,6.82
-5.34,-5.21,6.67
-5.34,-5.21,6.67
-5.34,-5.21,6.67
-5.0,-5.15,6.58
-5.0,-5.15,6.58
-5.0,-5.15,6.58
-5.54,-5.03,6.07
-5.54,-5.03,6.07
-5.54,-5.03,6.07
-5.56,-5.03,7.12
-5.56,-5.03,7.12
-5.56,-5.03,7.12
-5.08,-4.82,6.74
-5.08,-4.82,6.74
-5.08,-4.82,6.74
-4.05,-4.89,7.15
-4.05,-4.89,7.15
-4.05,-4.89,7.15
-3.74,-6.03,8.0
-3.74,-6.03,8.0
-3.74,-6.03,8.0
-3.9,-4.81,7.56
-3.9,-4.81,7.56
-3.9,-4.81,7.56
-3.82,-5.81,8.31
-3.82,-5.81,8.31
-3.82,-5.81,8.31
-3.57,-3.89,7.34
-3.57,-3.89,7.34
-3.57,-3.89,7.34
-3.53,-5.02,7.9
-3.53,-5.02,7.9
-3.53,-5.02,7.9
-2.72,-3.64,7.58
-2.72,-3.64,7.58
-2.72,-3.64,7.58
-2.21,-5.02,8.41
-2.21,-5.02,8.41
-2.21,-5.02,8.41
-1.71,-4.95,8.11
-1.71,-4.95,8.11
-1.71,-4.95,8.11
-1.77,-3.98,7.99
-1.77,-3.98,7.99
-1.77,-3.98,7.99
-2.23,-4.92,8.6
-2.23,-4.92,8.6
-2.23,-4.92,8.6
-2.29,-5.02,8.49
-2.29,-5.02,8.49
-2.29,-5.02,8.49
-2.18,-4.08,8.09
-2.18,-4.08,8.09
-2.18,-4.08,8.09
-3.2,-5.2,8.45
-3.2,-5.2,8.45
-3.2,-5.2,8.45
-3.2,-4.65,8.32
-3.2,-4.65,8.32
-3.2,-4.65,8.32
-3.43,-4.74,8.57
-3.43,-4.74,8.57
-3.43,-4.74,8.57
-3.33,-4.31,7.39
-3.33,-4.31,7.39
-3.33,-4.31,7.39
-3.22,-4.11,7.67
-3.22,-4.11,7.67
-3.22,-4.11,7.67
-3.34,-4.56,8.02
-3.34,-4.56,8.02
-3.34,-4.56,8.02
-3.17,-4.43,8.11
-3.17,-4.43,8.11
-3.36,-5.06,7.85
-3.36,-5.06,7.85
-3.36,-5.06,7.85
-2.84,-4.47,7.85
-2.84,-4.47,7.85
-2.84,-4.47,7.85
-2.59,-5.02,8.16
-2.67,-5.35,8.08
-2.67,-5.35,8.08
-3.0,-4.62,7.96
-3.0,-4.62,7.96
-3.0,-4.62,7.96
-3.0,-5.3,8.09
-3.0,-5.3,8.09
-3.0,-5.3,8.09
-3.2,-4.78,7.25
-3.2,-4.78,7.25
-3.2,-4.78,7.25
-3.45,-5.19,7.6
-3.45,-5.19,7.6
-3.45,-5.19,7.6
-3.32,-4.13,7.68
-3.32,-4.13,7.68
-2.32,-4.59,8.13
-2.32,-4.59,8.13
-2.32,-4.59,8.13
-2.78,-4.04,8.02
-2.78,-4.04,8.02
-3.26,-4.13,8.14
-3.29,-4.2,8.44
-3.29,-4.2,8.44
-3.29,-4.2,8.44
-3.22,-4.14,8.35
-3.22,-4.14,8.35
-3.22,-4.14,8.35
-2.87,-4.44,8.48
-2.87,-4.44,8.48
-2.87,-4.44,8.48
-2.96,-4.84,8.9
-2.96,-4.84,8.9
-2.96,-4.84,8.9
-2.88,-4.76,9.07
-2.88,-4.76,9.07
-2.88,-4.76,9.07
-2.73,-4.09,8.39
-2.73,-4.09,8.39
-2.73,-4.09,8.39
-2.82,-4.27,8.11
-2.82,-4.27,8.11
-2.82,-4.27,8.11
-2.94,-4.51,8.25
-2.94,-4.51,8.25
-3.17,-4.28,8.48
-3.26,-4.81,8.86
-3.26,-4.81,8.86
-3.26,-4.81,8.86
-2.91,-4.59,8.62
-2.91,-4.59,8.62
-2.91,-4.59,8.62
-3.48,-4.0,8.03
-3.48,-4.0,8.03
-3.48,-4.0,8.03
-2.95,-4.82,8.72
-2.95,-4.82,8.72
-3.12,-4.76,8.92
-2.72,-4.76,8.95
-2.72,-4.76,8.95
-2.72,-4.76,8.95
-2.93,-4.23,8.46
-2.93,-4.23,8.46
-2.93,-4.23,8.46
-3.09,-4.54,8.02
-3.09,-4.54,8.02
-3.09,-4.54,8.02
-3.01,-5.06,7.74
-3.01,-5.06,7.74
-3.02,-5.0,7.59
-3.1,-4.68,7.73
-3.1,-4.68,7.73
-3.1,-4.68,7.73
-3.12,-4.57,7.9
-3.12,-4.57,7.9
-3.12,-4.57,7.9
-3.25,-4.47,7.48
-3.25,-4.47,7.48
-3.06,-4.6,7.63
-3.02,-4.68,7.89
-3.02,-4.68,7.89
-3.13,-4.74,8.12
-3.23,-4.19,8.28
-3.23,-4.19,8.28
-3.23,-4.19,8.28
-3.2,-4.26,7.95
-3.2,-4.26,7.95
-3.2,-4.26,7.95
-3.16,-5.1,8.31
-3.16,-5.1,8.31
-3.04,-4.95,8.55
-3.14,-4.61,8.64
-3.07,-4.33,8.66
-3.07,-4.33,8.66
-3.09,-4.25,8.34
-3.09,-4.25,8.34
-3.09,-4.25,8.34
-3.41,-4.25,7.93
-3.41,-4.25,7.93
-3.41,-4.25,7.93
-3.62,-5.03,8.27
-3.62,-5.03,8.27
-3.62,-5.03,8.27
-2.97,-4.3,8.26
-2.97,-4.3,8.26
-2.97,-4.3,8.26
-2.91,-4.57,8.5
-2.91,-4.57,8.5
-2.91,-4.57,8.5
-2.96,-4.83,8.32
-2.96,-4.83,8.32
-2.96,-4.83,8.32
-2.95,-5.0,8.31
-2.95,-5.0,8.31
-2.95,-5.0,8.31
-2.73,-4.48,8.01
-2.73,-4.48,8.01
-2.73,-4.48,8.01
-3.23,-3.97,7.65
-3.23,-3.97,7.65
-3.23,-3.97,7.65
-3.56,-4.84,8.43
-3.56,-4.84,8.43
-3.56,-4.84,8.43
-3.23,-3.8,8.07
-3.23,-3.8,8.07
-3.23,-3.8,8.07
-3.52,-4.01,7.97
-3.62,-4.55,8.13
-3.62,-4.55,8.13
-3.32,-4.72,8.36
-3.32,-4.72,8.36
-3.32,-4.72,8.36
-3.6,-5.09,8.29
-3.6,-5.09,8.29
-3.6,-5.09,8.29
-3.06,-5.22,8.63
-3.06,-5.22,8.63
-3.06,-5.22,8.63
-2.75,-4.62,7.93
-3.16,-4.85,7.71
-3.16,-4.85,7.71
-3.26,-4.02,7.86
-3.26,-4.02,7.86
-3.26,-4.02,7.86
-3.75,-4.12,7.93
-3.75,-4.12,7.93
-3.75,-4.12,7.93
-3.22,-5.14,8.27
-3.22,-5.14,8.27
-3.07,-4.81,8.2
-2.5,-4.77,8.21
-2.5,-4.77,8.21
-2.5,-4.77,8.21
-2.65,-5.06,8.47
-2.65,-5.06,8.47
-2.65,-5.06,8.47
-2.07,-5.54,9.09
-2.07,-5.54,9.09
-2.07,-5.54,9.09
-1.83,-4.43,8.95
-2.08,-4.08,9.07
-2.04,-5.16,8.91
-2.04,-5.16,8.91
-2.04,-5.16,8.91
-2.49,-5.68,8.07
-2.49,-5.68,8.07
-2.49,-5.68,8.07
-2.59,-6.59,7.86
-2.59,-6.59,7.86
-2.59,-6.59,7.86
-2.81,-5.24,7.93
-2.36,-5.44,8.27
-2.36,-5.44,8.27
-2.38,-6.25,8.25
-2.38,-6.25,8.25
-2.38,-6.25,8.25
-2.48,-5.06,7.78
-2.48,-5.06,7.78
-2.48,-5.06,7.78
-2.08,-6.19,7.59
-2.08,-6.19,7.59
-2.08,-6.19,7.59
-1.72,-6.19,7.87
-1.72,-6.19,7.87
-1.72,-6.19,7.87
-1.52,-7.05,7.47
-1.52,-7.05,7.47
-1.52,-7.05,7.47
-1.43,-6.68,7.07
-1.43,-6.68,7.07
-1.43,-6.68,7.07
-0.65,-7.54,7.08
-0.65,-7.54,7.08
-0.65,-7.54,7.08
-1.11,-7.14,7.33
-1.11,-7.14,7.33
-1.11,-7.14,7.33
-1.57,-6.86,6.82
-1.57,-6.86,6.82
-1.57,-6.86,6.82
-1.99,-7.14,6.15
-1.99,-7.14,6.15
-1.99,-7.14,6.15
-1.68,-7.33,6.34
-1.68,-7.33,6.34
-1.68,-7.33,6.34
-1.2,-8.64,6.1
-1.2,-8.64,6.1
-1.2,-8.64,6.1
-0.81,-9.14,6.29
-0.83,-9.06,6.17
-0.83,-9.06,6.17
-0.78,-8.28,5.52
-0.78,-8.28,5.52
-0.78,-8.28,5.52
-0.87,-9.31,5.55
-0.87,-9.31,5.55
-0.87,-9.31,5.55
-0.72,-9.11,5.23
-0.72,-9.11,5.23
-0.72,-9.11,5.23
-0.43,-9.58,4.43
-0.43,-9.58,4.43
-0.43,-9.58,4.43
-0.51,-9.61,4.47
-0.51,-9.61,4.47
-0.51,-9.61,4.47
-0.28,-9.28,3.82
-0.28,-9.28,3.82
-0.28,-9.28,3.82
-0.05,-9.05,3.38
-0.05,-9.05,3.38
-0.05,-9.05,3.38
-0.23,-9.74,2.48
-0.23,-9.74,2.48
-0.23,-9.74,2.48
-0.14,-9.76,2.37
-0.14,-9.76,2.37
-0.14,-9.76,2.37
-0.34,-9.49,1.75
-0.34,-9.49,1.75
-0.34,-9.49,1.75
-0.12,-9.41,0.77
-0.12,-9.41,0.77
0.0,-9.9,0.79
0.1,-9.63,0.79
0.32,-9.33,0.65
0.32,-9.33,0.65
0.91,-9.06,0.34
0.91,-9.06,0.34
0.91,-9.06,0.34
0.79,-9.18,-0.06
0.79,-9.18,-0.06
0.79,-9.18,-0.06
0.61,-8.93,-0.48
0.61,-8.93,-0.48
0.55,-8.13,-1.08
0.3,-8.55,-0.82
0.3,-8.55,-0.82
0.3,-8.55,-0.82
1.47,-9.03,0.02
1.47,-9.03,0.02
1.47,-9.03,0.02
2.03,-7.78,-2.37
2.03,-7.78,-2.37
2.03,-7.78,-2.37
2.04,-9.38,-1.92
2.04,-9.38,-1.92
2.66,-9.21,-2.76
2.6,-7.86,-3.47
2.6,-7.86,-3.47
2.6,-7.86,-3.47
2.15,-8.07,-3.27
2.15,-8.07,-3.27
2.15,-8.07,-3.27
2.45,-7.64,-3.61
2.45,-7.64,-3.61
2.45,-7.64,-3.61
2.72,-7.67,-4.07
2.72,-7.67,-4.07
2.72,-7.67,-4.07
2.67,-7.77,-3.93
2.67,-7.77,-3.93
2.67,-7.77,-3.93
3.17,-7.23,-4.02
3.17,-7.23,-4.02
3.17,-7.23,-4.02
3.17,-6.43,-4.01
3.17,-6.43,-4.01
3.05,-6.74,-4.23
2.64,-6.7,-4.5
2.76,-6.7,-4.5
2.76,-6.7,-4.5
2.54,-6.34,-4.47
2.54,-6.34,-4.47
2.54,-6.34,-4.47
3.25,-6.52,-4.69
3.25,-6.52,-4.69
3.25,-6.52,-4.69
3.09,-7.05,-5.03
3.09,-7.05,-5.03
3.09,-7.05,-5.03
3.56,-7.25,-4.92
3.56,-7.25,-4.92
3.57,-7.25,-4.62
3.43,-6.63,-5.08
3.43,-6.63,-5.08
3.43,-6.63,-5.08
3.04,-7.03,-5.17
3.04,-7.03,-5.17
3.04,-7.03,-5.17
3.13,-7.2,-5.3
3.13,-7.2,-5.3
3.13,-7.2,-5.3
2.73,-7.25,-5.54
2.73,-7.25,-5.54
3.06,-7.86,-5.43
3.06,-7.86,-5.43
3.06,-7.86,-5.43
3.2,-8.13,-5.1
3.2,-8.13,-5.1
3.2,-8.13,-5.1
2.95,-7.94,-5.04
2.95,-7.94,-5.04
2.95,-7.94,-5.04
2.66,-7.67,-4.96
2.66,-7.67,-4.96
3.09,-7.23,-4.61
2.58,-7.44,-4.97
2.58,-7.44,-4.97
2.8,-7.31,-4.77
2.8,-7.31,-4.77
2.8,-7.31,-4.77
2.38,-7.01,-5.04
2.38,-7.01,-5.04
2.32,-8.23,-5.19
2.18,-7.91,-5.62
2.18,-7.91,-5.62
2.18,-7.91,-5.62
2.7,-8.28,-5.04
2.7,-8.28,-5.04
2.7,-8.28,-5.04
2.61,-7.3,-5.24
2.61,-7.3,-5.24
2.61,-7.3,-5.24
2.72,-7.71,-5.11
2.72,-7.71,-5.11
2.69,-7.8,-5.31
2.36,-7.88,-5.05
2.36,-7.88,-5.05
2.36,-7.88,-5.05
2.01,-7.69,-4.88
2.01,-7.69,-4.88
2.01,-7.69,-4.88
2.38,-7.89,-4.69
2.38,-7.89,-4.69
2.38,-7.89,-4.69
2.86,-7.64,-4.66
2.86,-7.64,-4.66
2.86,-7.64,-4.66
2.74,-7.51,-4.77
2.74,-7.51,-4.77
2.74,-7.51,-4.77
2.56,-8.11,-5.08
2.56,-8.11,-5.08
2.56,-8.11,-5.08
1.88,-8.21,-5.09
1.88,-8.21,-5.09
1.88,-8.21,-5.09
1.84,-8.56,-4.75
1.84,-8.56,-4.75
1.84,-8.56,-4.75
1.87,-7.85,-4.95
1.87,-7.85,-4.95
1.87,-7.85,-4.95
1.9,-7.65,-4.97
1.9,-7.65,-4.97
1.9,-7.65,-4.97
1.78,-7.52,-4.99
1.78,-7.52,-4.99
1.78,-7.52,-4.99
1.92,-8.35,-4.8
1.93,-8.17,-4.79
2.13,-7.85,-4.71
2.13,-7.85,-4.71
2.13,-7.85,-4.71
2.18,-8.15,-4.84
2.18,-8.15,-4.84
2.18,-8.15,-4.84
1.95,-8.13,-4.86
1.95,-8.13,-4.86
1.95,-8.13,-4.86
1.67,-7.72,-4.88
1.67,-7.72,-4.88
1.67,-7.72,-4.88
1.45,-7.77,-5.16
1.45,-7.77,-5.16
1.45,-7.77,-5.16
1.79,-8.09,-4.8
1.79,-8.09,-4.8
1.79,-8.09,-4.8
1.86,-8.04,-4.81
1.86,-8.04,-4.81
1.86,-8.04,-4.81
1.7,-8.2,-4.71
1.7,-8.2,-4.71
1.7,-8.2,-4.71
1.55,-8.03,-4.94
1.55,-8.03,-4.94
1.55,-8.03,-4.94
1.63,-8.25,-4.98
1.63,-8.25,-4.98
1.63,-8.25,-4.98
1.56,-7.87,-4.89
1.56,-7.87,-4.89
1.56,-7.87,-4.89
1.63,-8.05,-4.71
1.63,-8.05,-4.71
1.63,-8.05,-4.71
1.74,-7.95,-4.93
1.74,-7.95,-4.93
1.42,-7.85,-5.23
1.27,-7.95,-5.16
1.27,-7.95,-5.16
1.27,-7.95,-5.16
1.37,-7.76,-4.91
1.37,-7.76,-4.91
1.37,-7.76,-4.91
1.38,-7.75,-5.09
1.38,-7.75,-5.09
1.5,-7.91,-4.94
1.57,-7.96,-4.95
1.57,-7.96,-4.95
1.57,-7.96,-4.95
1.52,-8.06,-4.91
1.52,-8.06,-4.91
1.52,-8.06,-4.91
1.55,-8.0,-4.94
1.55,-8.0,-4.94
1.55,-8.0,-4.94
1.49,-7.84,-4.98
1.49,-7.84,-4.98
1.49,-7.84,-4.98
1.47,-7.74,-4.94
1.48,-8.24,-4.87
1.48,-8.24,-4.87
1.53,-7.86,-4.85
1.53,-7.86,-4.85
1.53,-7.86,-4.85
1.47,-8.1,-5.02
1.47,-8.1,-5.02
1.47,-8.1,-5.02
1.49,-8.06,-5.03
1.44,-8.05,-4.96
1.44,-8.05,-4.96
1.37,-7.8,-4.97
1.37,-7.8,-4.97
1.37,-7.8,-4.97
1.57,-7.78,-4.93
1.57,-7.78,-4.93
1.57,-7.78,-4.93
1.46,-7.69,-5.03
1.46,-7.69,-5.03
1.46,-7.69,-5.03
1.57,-7.92,-4.76
1.57,-7.92,-4.76
1.36,-7.85,-4.85
1.13,-8.14,-4.87
1.13,-8.14,-4.87
1.13,-8.14,-4.87
1.3,-8.02,-5.02
1.3,-8.02,-5.02
1.3,-8.02,-5.02
1.23,-7.45,-5.1
1.23,-7.45,-5.1
1.23,-7.45,-5.1
1.33,-7.8,-4.94
1.33,-7.8,-4.94
1.35,-7.64,-4.78
1.43,-7.82,-4.81
1.41,-8.2,-4.8
1.41,-8.2,-4.8
1.24,-8.07,-4.95
1.24,-8.07,-4.95
1.24,-8.07,-4.95
1.2,-8.3,-4.67
1.2,-8.3,-4.67
1.2,-8.3,-4.67
1.56,-8.27,-4.71
1.56,-8.27,-4.71
1.56,-8.27,-4.71
1.5,-8.19,-4.41
1.5,-8.19,-4.41
1.5,-8.19,-4.41
1.15,-7.67,-4.51
1.15,-7.67,-4.51
1.15,-7.67,-4.51
1.29,-8.22,-4.53
1.29,-8.22,-4.53
1.18,-8.13,-4.45
1.18,-8.13,-4.45
0.93,-8.37,-4.43
1.04,-8.15,-4.6
1.04,-8.15,-4.6
1.04,-8.15,-4.6
1.36,-8.02,-4.6
1.36,-8.02,-4.6
1.36,-8.02,-4.6
1.35,-7.62,-4.53
1.35,-7.62,-4.53
1.35,-7.62,-4.53
1.19,-8.4,-4.5
1.36,-8.63,-4.39
1.36,-8.63,-4.39
1.09,-7.73,-4.38
1.09,-7.73,-4.38
1.09,-7.73,-4.38
1.01,-8.72,-3.91
1.01,-8.72,-3.91
1.01,-8.72,-3.91
1.03,-8.27,-4.56
1.03,-8.27,-4.56
1.03,-8.27,-4.56
1.41,-8.85,-3.61
1.41,-8.85,-3.61
1.41,-8.85,-3.61
1.52,-8.49,-4.34
1.52,-8.49,-4.34
1.52,-8.49,-4.34
1.21,-8.2,-4.8
1.21,-8.2,-4.8
1.21,-8.2,-4.8
0.15,-7.21,-3.94
0.15,-7.21,-3.94
0.15,-7.21,-3.94
1.04,-8.83,-4.03
1.04,-8.83,-4.03
1.82,-9.53,-3.6
1.63,-8.35,-3.91
1.63,-8.35,-3.91
1.63,-8.35,-3.91
1.76,-7.84,-4.07
1.76,-7.84,-4.07
1.76,-7.84,-4.07
0.83,-8.04,-3.99
0.83,-8.04,-3.99
0.83,-8.04,-3.99
0.76,-8.16,-4.18
0.76,-8.16,-4.18
0.37,-8.0,-3.99
2.55,-8.4,-3.51
2.55,-8.4,-3.51
2.55,-8.4,-3.51
2.44,-9.01,-3.92
2.44,-9.01,-3.92
2.44,-9.01,-3.92
1.52,-9.12,-4.1
1.52,-9.12,-4.1
1.52,-9.12,-4.1
1.25,-9.64,-3.3
1.25,-9.64,-3.3
1.25,-9.64,-3.3
2.05,-8.57,-3.69
2.05,-8.57,-3.69
2.05,-8.57,-3.69
1.87,-9.04,-3.8
1.87,-9.04,-3.8
1.87,-9.04,-3.8
1.25,-8.53,-3.51
1.25,-8.53,-3.51
1.25,-8.53,-3.51
0.57,-8.6,-3.63
1.62,-8.81,-3.2
1.62,-8.81,-3.2
0.77,-8.07,-3.09
0.77,-8.07,-3.09
0.77,-8.07,-3.09
0.56,-8.89,-3.39
0.56,-8.89,-3.39
0.56,-8.89,-3.39
1.62,-9.74,-2.95
1.62,-9.74,-2.95
1.3,-9.33,-3.37
1.07,-10.2,-3.43
1.07,-10.2,-3.43
1.33,-10.67,-3.02
-1.06,-9.74,-3.51
-1.06,-9.74,-3.51
-1.06,-9.74,-3.51
1.14,-8.85,-3.89
1.14,-8.85,-3.89
1.14,-8.85,-3.89
1.49,-8.84,-4.33
1.49,-8.84,-4.33
1.49,-8.84,-4.33
-0.74,-10.68,-3.19
-0.74,-10.68,-3.19
-0.74,-10.68,-3.19
1.01,-7.15,-3.48
1.01,-7.15,-3.48
1.01,-7.15,-3.48
-0.01,-11.75,-3.49
-0.01,-11.75,-3.49
-0.01,-11.75,-3.49
1.76,-5.52,-4.03
1.76,-5.52,-4.03
1.76,-5.52,-4.03
0.93,-8.04,-5.3
0.93,-8.04,-5.3
1.69,-9.71,-4.75
0.75,-7.02,-4.86
0.75,-7.02,-4.86
0.75,-7.02,-4.86
1.17,-6.46,-5.69
1.17,-6.46,-5.69
1.17,-6.46,-5.69
-0.56,-7.36,-5.18
-0.56,-7.36,-5.18
-0.56,-7.36,-5.18
-1.16,-7.18,-5.76
-1.16,-7.18,-5.76
-1.16,-7.18,-5.76
2.54,-5.12,-5.28
2.54,-5.12,-5.28
-2.24,-6.9,-6.42
-2.24,-6.9,-6.42
-2.24,-6.9,-6.42
1.16,-7.44,-5.49
1.16,-7.44,-5.49
1.16,-7.44,-5.49
1.6,-7.48,-6.64
1.6,-7.48,-6.64
1.6,-7.48,-6.64
-0.81,-7.61,-5.44
-0.81,-7.61,-5.44
-0.81,-7.61,-5.44
1.37,-5.96,-6.01
1.37,-5.96,-6.01
1.37,-5.96,-6.01
-2.59,-7.22,-5.8
-2.59,-7.22,-5.8
-0.6,-7.36,-4.89
0.34,-8.3,-4.95
0.34,-8.3,-4.95
-0.5,-8.43,-5.81
-0.65,-6.97,-5.83
-0.65,-6.97,-5.83
-0.65,-6.97,-5.83
-0.63,-7.87,-5.88
-0.63,-7.87,-5.88
-0.63,-7.87,-5.88
0.11,-6.92,-5.24
0.11,-6.92,-5.24
0.11,-6.92,-5.24
-1.64,-6.5,-5.88
-1.64,-6.5,-5.88
-1.59,-7.01,-6.43
-0.16,-9.93,-5.46
-0.16,-9.93,-5.46
-0.16,-9.93,-5.46
-1.04,-6.21,-6.63
-1.04,-6.21,-6.63
-1.04,-6.21,-6.63
-0.67,-8.08,-5.07
-0.67,-8.08,-5.07
-0.67,-8.08,-5.07
0.06,-6.21,-6.38
-0.7,-7.55,-5.89
0.9,-5.0,-5.87
0.9,-5.0,-5.87
0.9,-5.0,-5.87
-2.02,-7.3,-6.37
-2.02,-7.3,-6.37
-2.02,-7.3,-6.37
-0.57,-6.32,-5.42
-0.57,-6.32,-5.42
-0.17,-7.77,-5.67
-0.2,-7.79,-6.19
-0.2,-7.79,-6.19
-0.2,-7.79,-6.19
0.52,-7.45,-6.4
0.52,-7.45,-6.4
0.52,-7.45,-6.4
-0.79,-6.01,-5.79
-0.79,-6.01,-5.79
-0.79,-6.01,-5.79
0.63,-6.24,-6.08
0.63,-6.24,-6.08
0.63,-6.24,-6.08
-2.56,-6.46,-6.77
-2.56,-6.46,-6.77
-2.56,-6.46,-6.77
0.52,-8.61,-6.04
0.52,-8.61,-6.04
0.52,-8.61,-6.04
0.12,-7.22,-6.67
0.12,-7.22,-6.67
0.12,-7.22,-6.67
-0.07,-6.91,-6.03
-0.54,-6.17,-6.68
-0.54,-6.17,-6.68
0.73,-7.53,-6.07
0.73,-7.53,-6.07
0.73,-7.53,-6.07
-0.45,-6.42,-6.82
-0.45,-6.42,-6.82
-0.45,-6.42,-6.82
0.68,-7.27,-6.67
0.68,-7.27,-6.67
0.68,-7.27,-6.67
-0.44,-6.46,-6.02
0.83,-5.93,-6.04
0.83,-5.93,-6.04
0.37,-7.14,-6.02
-0.99,-6.69,-5.84
-0.99,-6.69,-5.84
0.07,-6.93,-5.98
0.07,-6.93,-5.98
0.07,-6.93,-5.98
-0.47,-6.9,-6.66
-0.47,-6.9,-6.66
-0.47,-6.9,-6.66
0.01,-7.08,-5.67
0.01,-7.08,-5.67
0.01,-7.08,-5.67
-0.78,-6.29,-6.48
-0.78,-6.29,-6.48
-0.01,-6.6,-6.17
-0.59,-7.77,-6.24
-0.59,-7.77,-6.24
-0.59,-7.77,-6.24
-0.02,-6.99,-6.15
-0.02,-6.99,-6.15
-0.02,-6.99,-6.15
-0.02,-6.9,-6.17
-0.62,-6.71,-6.34
-0.62,-6.71,-6.34
-0.23,-7.25,-6.37
-0.23,-7.25,-6.37
-0.23,-7.25,-6.37
-0.64,-6.69,-6.2
-0.64,-6.69,-6.2
-0.64,-6.69,-6.2
-0.19,-7.17,-6.19
-0.19,-7.17,-6.19
-0.19,-7.17,-6.19
-0.61,-6.73,-6.22
-0.61,-6.73,-6.22
0.08,-6.51,-6.29
-0.2,-6.67,-6.19
-0.2,-6.67,-6.19
-0.2,-6.67,-6.19
-0.24,-6.69,-6.3
-0.24,-6.69,-6.3
-0.24,-6.69,-6.3
-0.52,-7.61,-6.21
-0.52,-7.61,-6.21
-0.52,-7.61,-6.21
0.06,-7.11,-6.02
0.06,-7.11,-6.02
0.06,-7.11,-6.02
-0.77,-6.88,-6.42
-0.77,-6.88,-6.42
-0.77,-6.88,-6.42
0.23,-6.78,-6.26
0.23,-6.78,-6.26
0.23,-6.78,-6.26
-0.63,-6.95,-6.61
-0.63,-6.95,-6.61
-0.21,-6.79,-6.66
0.05,-6.65,-5.92
0.05,-6.65,-5.92
0.05,-6.65,-5.92
-0.45,-6.96,-6.39
-0.45,-6.96,-6.39
-0.45,-6.96,-6.39
-0.57,-6.76,-6.15
-0.57,-6.76,-6.15
-0.57,-6.76,-6.15
-0.0,-6.76,-6.72
-0.0,-6.76,-6.72
0.11,-6.8,-6.39
-0.18,-6.96,-6.18
-0.18,-6.96,-6.18
-0.24,-6.42,-6.51
-0.44,-7.2,-6.15
-0.44,-7.2,-6.15
-0.44,-7.2,-6.15
-0.55,-6.31,-6.56
-0.55,-6.31,-6.56
-0.55,-6.31,-6.56
-0.43,-7.09,-5.91
-0.43,-7.09,-5.91
-0.43,-7.09,-5.91
-0.19,-6.24,-6.59
-0.19,-6.24,-6.59
-0.19,-6.24,-6.59
-0.02,-5.97,-6.12
-0.02,-5.97,-6.12
-0.32,-7.62,-6.59
-0.32,-7.62,-6.59
-0.32,-7.62,-6.59
-0.06,-5.99,-6.14
-0.06,-5.99,-6.14
-0.06,-5.99,-6.14
-0.45,-6.54,-6.53
-0.45,-6.54,-6.53
-0.45,-6.54,-6.53
-0.16,-7.28,-6.31
-0.16,-7.28,-6.31
-0.16,-7.28,-6.31
-0.45,-6.26,-6.53
-0.45,-6.26,-6.53
-0.45,-6.26,-6.53
-0.06,-6.98,-6.47
-0.06,-6.98,-6.47
-0.06,-6.98,-6.47
-0.32,-6.44,-6.41
-0.32,-6.44,-6.41
-0.32,-6.44,-6.41
-0.35,-7.13,-6.43
-0.35,-7.13,-6.43
-0.35,-7.13,-6.43
-0.33,-6.45,-6.62
-0.33,-6.45,-6.62
-0.33,-6.45,-6.62
-0.13,-6.89,-6.22
-0.13,-6.89,-6.22
-0.13,-6.89,-6.22
-0.18,-6.66,-6.59
-0.18,-6.66,-6.59
0.34,-6.9,-6.53
-0.62,-6.92,-6.41
-0.62,-6.92,-6.41
-0.62,-6.92,-6.41
-0.23,-6.7,-6.3
-0.23,-6.7,-6.3
0.01,-6.59,-6.34
0.01,-6.59,-6.34
0.01,-6.59,-6.34
-0.26,-6.72,-6.24
-0.26,-6.72,-6.24
-0.26,-6.72,-6.24
-0.69,-6.96,-6.24
-0.69,-6.96,-6.24
-0.69,-6.96,-6.24
-0.27,-6.49,-6.57
-0.27,-6.49,-6.57
-0.27,-6.49,-6.57
-0.65,-7.33,-6.12
-0.65,-7.33,-6.12
-0.06,-6.36,-6.11
0.22,-6.2,-6.3
0.22,-6.2,-6.3
-0.57,-6.76,-6.48
-0.01,-6.68,-6.23
-0.01,-6.68,-6.23
-0.01,-6.68,-6.23
-0.53,-7.07,-6.61
-0.53,-7.07,-6.61
-0.53,-7.07,-6.61
0.16,-6.97,-6.19
0.16,-6.97,-6.19
0.16,-6.97,-6.19
0.2,-6.71,-6.69
0.2,-6.71,-6.69
0.2,-6.71,-6.69
-0.22,-6.5,-6.35
-0.22,-6.5,-6.35
-0.22,-6.5,-6.35
-0.44,-7.2,-6.23
-0.44,-7.2,-6.23
-0.44,-7.2,-6.23
-0.68,-5.98,-6.12
-0.68,-5.98,-6.12
-0.68,-5.98,-6.12
0.15,-7.03,-6.05
0.15,-7.03,-6.05
0.15,-7.03,-6.05
-0.4,-6.86,-6.7
-0.4,-6.86,-6.7
-0.4,-6.86,-6.7
-0.26,-6.25,-6.11
-0.26,-6.25,-6.11
-0.26,-6.25,-6.11
-0.25,-6.97,-6.75
-0.25,-6.97,-6.75
-0.03,-7.32,-6.38
-0.2,-6.35,-6.83
-0.2,-6.35,-6.83
-0.2,-6.35,-6.83
-0.14,-7.06,-6.29
-0.14,-7.06,-6.29
-0.14,-7.06,-6.29
-0.39,-6.35,-6.45
-0.39,-6.35,-6.45
-0.39,-6.35,-6.45
-0.47,-7.22,-6.17
-0.47,-7.22,-6.17
-0.47,-7.22,-6.17
-0.14,-6.64,-6.52
-0.14,-6.64,-6.52
-0.8,-6.87,-6.75
0.22,-6.44,-6.0
0.22,-6.44,-6.0
0.22,-6.44,-6.0
-0.19,-7.25,-6.67
-0.19,-7.25,-6.67
-0.19,-7.25,-6.67
-0.01,-6.49,-6.06
-0.01,-6.49,-6.06
-0.01,-6.49,-6.06
0.01,-7.07,-6.34
0.01,-7.07,-6.34
0.01,-7.07,-6.34
-0.41,-6.75,-6.44
-0.41,-6.75,-6.44
-0.41,-6.75,-6.44
-0.15,-6.91,-6.26
-0.15,-6.91,-6.26
-0.15,-6.91,-6.26
-0.56,-6.52,-6.46
-0.56,-6.52,-6.46
-0.56,-6.52,-6.46
-0.39,-6.59,-6.06
-0.39,-6.59,-6.06
-0.39,-6.59,-6.06
-0.2,-6.96,-6.69
-0.2,-6.96,-6.69
-0.2,-6.96,-6.69
-0.07,-6.4,-6.26
-0.07,-6.4,-6.26
-0.07,-6.4,-6.26
-0.18,-7.37,-6.69
-0.18,-7.37,-6.69
-0.18,-7.37,-6.69
-0.04,-6.0,-6.15
-0.04,-6.0,-6.15
-0.32,-6.34,-6.75
-0.28,-7.07,-6.16
-0.28,-7.07,-6.16
-0.28,-7.07,-6.16
-0.41,-6.93,-6.62
-0.41,-6.93,-6.62
-0.41,-6.93,-6.62
-0.16,-6.46,-6.28
-0.16,-6.46,-6.28
-0.16,-6.46,-6.28
0.14,-6.97,-6.7
0.14,-6.97,-6.7
-0.36,-7.93,-6.74
0.02,-5.62,-5.95
0.02,-5.62,-5.95
0.02,-5.62,-5.95
-0.52,-7.39,-6.6
-0.52,-7.39,-6.6
-0.52,-7.39,-6.6
0.22,-5.97,-6.34
0.22,-5.97,-6.34
0.22,-5.97,-6.34
-0.39,-7.64,-6.74
-0.39,-7.64,-6.74
-0.68,-6.86,-6.12
-0.11,-6.8,-6.77
-0.11,-6.8,-6.77
-0.11,-6.8,-6.77
-0.24,-6.71,-6.09
-0.24,-6.71,-6.09
-0.24,-6.71,-6.09
-0.11,-6.25,-6.64
-0.11,-6.25,-6.64
-0.11,-6.25,-6.64
-0.23,-6.94,-6.0
-0.23,-6.94,-6.0
-0.02,-5.82,-6.14
0.04,-7.79,-6.47
0.04,-7.79,-6.47
0.04,-7.79,-6.47
-0.55,-6.16,-6.38
-0.55,-6.16,-6.38
-0.55,-6.16,-6.38
-0.1,-7.23,-6.49
-0.1,-7.23,-6.49
-0.1,-7.23,-6.49
-0.2,-7.13,-6.86
-0.2,-7.13,-6.86
-0.2,-7.13,-6.86
-0.36,-6.73,-5.97
-0.36,-6.73,-5.97
-0.36,-6.73,-5.97
-0.22,-6.97,-6.56
-0.22,-6.97,-6.56
-0.22,-6.97,-6.56
-0.0,-6.24,-6.22
-0.0,-6.24,-6.22
-0.0,-6.24,-6.22
-0.3,-6.85,-6.11
-0.3,-6.85,-6.11
-0.3,-6.85,-6.11
-0.36,-6.76,-6.7
-0.36,-6.76,-6.7
-0.36,-6.76,-6.7
-0.32,-6.78,-6.09
-0.32,-6.78,-6.09
-0.32,-6.78,-6.09
-0.08,-6.6,-6.59
-0.68,-6.6,-6.67
0.31,-6.46,-6.19
0.13,-6.94,-6.46
0.13,-6.94,-6.46
-0.21,-6.92,-6.51
-0.21,-6.92,-6.51
-0.21,-6.92,-6.51
0.33,-6.46,-6.52
0.33,-6.46,-6.52
0.33,-6.46,-6.52
-0.77,-6.98,-6.17
-0.77,-6.98,-6.17
-0.77,-6.98,-6.17
-0.61,-7.01,-6.74
-0.61,-7.01,-6.74
-0.61,-7.01,-6.74
0.33,-6.07,-6.33
0.33,-6.07,-6.33
0.33,-6.07,-6.33
-0.44,-7.43,-6.7
-0.44,-7.43,-6.7
-0.44,-7.43,-6.7
-0.33,-6.48,-6.2
-0.33,-6.48,-6.2
-0.16,-6.5,-6.26
-0.25,-7.11,-6.51
-0.25,-7.11,-6.51
-0.25,-7.11,-6.51
0.15,-6.19,-6.49
0.15,-6.19,-6.49
0.15,-6.19,-6.49
-0.35,-7.32,-6.44
-0.35,-7.32,-6.44
-0.35,-7.32,-6.44
-0.01,-6.24,-6.57
0.1,-7.14,-6.65
0.1,-7.14,-6.65
-0.07,-6.53,-5.94
-0.07,-6.53,-5.94
-0.07,-6.53,-5.94
-0.13,-6.91,-6.6
-0.13,-6.91,-6.6
-0.13,-6.91,-6.6
0.11,-6.46,-6.3
0.11,-6.46,-6.3
0.35,-6.12,-6.29
-0.24,-7.32,-6.65
-0.24,-7.32,-6.65
-0.24,-7.32,-6.65
-0.05,-6.3,-6.2
-0.05,-6.3,-6.2
-0.05,-6.3,-6.2
-0.25,-7.02,-6.59
-0.25,-7.02,-6.59
0.16,-6.35,-6.35
0.16,-6.35,-6.35
0.16,-6.35,-6.35
-0.26,-7.11,-6.51
-0.26,-7.11,-6.51
-0.26,-7.11,-6.51
0.27,-6.36,-6.53
0.27,-6.36,-6.53
0.27,-6.36,-6.53
0.14,-7.02,-6.45
0.14,-7.02,-6.45
0.14,-7.02,-6.45
-0.37,-6.57,-6.52
-0.37,-6.57,-6.52
-0.36,-6.86,-6.57
0.14,-6.57,-6.17
0.14,-6.57,-6.17
0.14,-6.57,-6.17
0.09,-7.49,-6.49
0.09,-7.49,-6.49
0.09,-7.49,-6.49
0.25,-6.02,-6.27
0.25,-6.02,-6.27
0.25,-6.02,-6.27
-0.25,-7.18,-6.44
-0.25,-7.18,-6.44
-0.25,-7.18,-6.44
0.16,-6.31,-6.07
-0.22,-6.84,-6.63
-0.22,-6.84,-6.63
1.25,-6.22,-7.45
1.25,-6.22,-7.45
1.25,-6.22,-7.45
5.74,-5.86,-9.78
5.74,-5.86,-9.78
5.74,-5.86,-9.78
-19.04,-7.14,-10.76
