aX,aY,aZ
-20.07,-8.95,-6.94
-1.28,-5.87,0.47
-1.28,-5.87,0.47
-1.28,-5.87,0.47
10.97,-8.41,-16.55
10.97,-8.41,-16.55
10.97,-8.41,-16.55
4.25,-9.34,-11.55
4.25,-9.34,-11.55
4.25,-9.34,-11.55
0.76,-5.5,-9.69
1.74,-4.64,-8.36
1.74,-4.64,-8.36
-0.52,-6.71,-6.45
-0.52,-6.71,-6.45
-0.52,-6.71,-6.45
0.84,-5.21,-6.33
0.84,-5.21,-6.33
1.43,-5.19,-7.31
1.43,-5.19,-7.31
1.24,-4.87,-7.82
1.25,-5.64,-8.1
1.25,-5.64,-8.1
1.25,-5.64,-8.1
0.88,-6.25,-7.74
0.88,-6.25,-7.74
0.88,-6.25,-7.74
1.26,-6.0,-7.24
1.26,-6.0,-7.24
1.26,-6.0,-7.24
0.66,-5.81,-7.47
0.66,-5.81,-7.47
0.66,-5.81,-7.47
1.18,-5.75,-7.14
1.18,-5.75,-7.14
1.27,-5.16,-7.37
0.73,-5.43,-7.69
0.73,-5.43,-7.69
0.73,-5.43,-7.69
0.81,-6.33,-7.2
0.81,-6.33,-7.2
0.81,-6.33,-7.2
0.75,-5.56,-7.39
0.75,-5.56,-7.39
0.58,-5.64,-7.57
0.97,-5.66,-7.42
0.97,-5.66,-7.42
0.97,-5.66,-7.42
1.08,-5.22,-7.6
1.08,-5.22,-7.6
1.08,-5.22,-7.6
1.01,-5.33,-7.58
1.01,-5.33,-7.58
1.01,-5.33,-7.58
1.18,-5.19,-7.37
1.18,-5.19,-7.37
1.18,-5.19,-7.37
0.94,-5.79,-7.39
0.94,-5.79,-7.39
0.94,-5.79,-7.39
0.85,-5.37,-7.61
0.85,-5.37,-7.61
0.85,-5.37,-7.61
1.14,-5.35,-7.47
1.14,-5.35,-7.47
1.14,-5.35,-7.47
1.13,-5.31,-7.47
1.13,-5.31,-7.47
1.13,-5.31,-7.47
1.4,-5.5,-7.41
1.4,-5.5,-7.41
1.4,-5.5,-7.41
1.37,-5.68,-7.46
1.37,-5.68,-7.46
1.37,-5.68,-7.46
1.36,-5.75,-7.72
1.36,-5.75,-7.72
1.36,-5.75,-7.72
1.51,-5.69,-7.61
1.51,-5.69,-7.61
1.51,-5.69,-7.61
1.71,-5.44,-7.77
1.71,-5.44,-7.77
1.71,-5.44,-7.77
1.84,-5.52,-7.59
1.84,-5.52,-7.59
1.68,-5.5,-7.66
1.68,-5.5,-7.66
1.68,-5.5,-7.66
1.65,-5.58,-7.51
1.65,-5.58,-7.51
1.6,-5.73,-7.43
1.42,-5.64,-7.49
1.42,-5.64,-7.49
1.33,-5.66,-7.58
1.22,-5.74,-7.45
1.22,-5.74,-7.45
1.22,-5.74,-7.45
1.44,-5.36,-7.46
1.44,-5.36,-7.46
1.44,-5.36,-7.46
1.59,-5.49,-7.54
1.59,-5.49,-7.54
1.71,-5.37,-7.68
1.52,-5.3,-7.78
1.52,-5.3,-7.78
1.52,-5.3,-7.78
1.7,-4.93,-7.75
1.7,-4.93,-7.75
1.7,-4.93,-7.75
1.78,-5.0,-7.51
1.78,-5.0,-7.51
1.78,-5.0,-7.51
1.57,-5.08,-7.59
1.69,-5.12,-7.43
1.69,-5.12,-7.43
1.65,-4.73,-7.28
1.65,-4.73,-7.28
1.65,-4.73,-7.28
1.41,-4.73,-7.11
1.41,-4.73,-7.11
1.41,-4.73,-7.11
1.65,-4.8,-7.42
1.65,-4.8,-7.42
1.65,-4.8,-7.42
2.11,-5.22,-7.75
2.11,-5.22,-7.75
2.11,-5.22,-7.75
2.18,-5.21,-8.05
2.76,-5.77,-7.73
2.76,-5.77,-7.73
2.89,-6.0,-6.58
2.89,-6.0,-6.58
2.89,-6.0,-6.58
2.15,-6.15,-6.53
2.15,-6.15,-6.53
2.15,-6.15,-6.53
0.58,-5.45,-6.36
0.58,-5.45,-6.36
-0.23,-5.89,-6.26
0.15,-5.34,-5.22
0.15,-5.34,-5.22
0.15,-5.34,-5.22
-0.53,-3.99,-4.42
-0.53,-3.99,-4.42
-0.53,-3.99,-4.42
-0.68,-5.55,-4.8
-0.68,-5.55,-4.8
-0.68,-5.55,-4.8
0.0,-6.43,-3.57
0.0,-6.43,-3.57
0.0,-6.43,-3.57
2.08,-6.8,-3.51
2.08,-6.8,-3.51
2.08,-6.8,-3.51
2.69,-7.42,-2.63
2.69,-7.42,-2.63
2.69,-7.42,-2.63
4.65,-7.09,-1.5
4.65,-7.09,-1.5
4.65,-7.09,-1.5
4.24,-8.94,-1.5
4.24,-8.94,-1.5
3.07,-10.14,-0.92
3.9,-10.14,-0.39
3.9,-10.14,-0.39
3.9,-10.14,-0.39
2.83,-10.05,0.23
2.83,-10.05,0.23
2.83,-10.05,0.23
1.53,-11.67,0.22
1.53,-11.67,0.22
1.53,-11.67,0.22
-0.98,-12.66,4.55
0.16,-10.82,3.62
0.16,-10.82,3.62
-0.07,-12.4,2.45
-0.07,-12.4,2.45
-0.07,-12.4,2.45
-0.26,-11.24,0.97
-0.26,-11.24,0.97
-0.26,-11.24,0.97
0.37,-11.51,0.7
0.37,-11.51,0.7
0.37,-11.51,0.7
0.13,-12.04,2.04
0.45,-11.47,2.58
-0.21,-10.05,2.31
-0.21,-10.05,2.31
-0.21,-10.05,2.31
-1.28,-9.44,2.41
-1.28,-9.44,2.41
-1.28,-9.44,2.41
-0.98,-9.75,3.27
-0.98,-9.75,3.27
-0.98,-9.75,3.27
-1.74,-8.21,2.98
-1.31,-7.97,2.78
-1.31,-7.97,2.78
-1.97,-9.69,3.53
-1.97,-9.69,3.53
-1.97,-9.69,3.53
-1.89,-8.97,2.9
-1.89,-8.97,2.9
-1.89,-8.97,2.9
-1.37,-8.21,3.01
-1.37,-8.21,3.01
-2.93,-9.16,2.76
-2.61,-9.09,2.05
-2.61,-9.09,2.05
-2.01,-9.05,1.25
-1.8,-8.69,1.09
-1.8,-8.69,1.09
-1.8,-8.69,1.09
-2.22,-10.28,2.08
-2.22,-10.28,2.08
-2.22,-10.28,2.08
-2.17,-10.49,2.77
-2.17,-10.49,2.77
-1.68,-9.21,2.4
-1.68,-9.21,2.4
-1.68,-9.21,2.4
-1.26,-9.3,2.13
-1.26,-9.3,2.13
-1.26,-9.3,2.13
-1.61,-8.95,1.77
-1.61,-8.95,1.77
-1.61,-8.95,1.77
-1.81,-9.86,2.59
-1.81,-9.86,2.59
-1.81,-9.86,2.59
-1.8,-8.82,2.02
-1.8,-8.82,2.02
-1.8,-8.82,2.02
-1.37,-9.01,1.79
-1.37,-9.01,1.79
-1.37,-9.01,1.79
-1.81,-9.06,1.6
-1.81,-9.06,1.6
-1.81,-9.06,1.6
-1.48,-9.16,1.47
-1.48,-9.16,1.47
-1.48,-9.16,1.47
-1.31,-9.52,2.37
-1.31,-9.52,2.37
-1.43,-9.56,2.38
-1.51,-8.72,1.81
-1.51,-8.72,1.81
-1.51,-8.72,1.81
-2.08,-8.97,1.49
-2.08,-8.97,1.49
-2.08,-8.97,1.49
-1.25,-8.27,2.27
-1.25,-8.27,2.27
-1.25,-8.27,2.27
-2.02,-8.62,2.4
-2.02,-8.62,2.4
-1.8,-8.55,2.12
-1.96,-8.81,1.68
-1.96,-8.81,1.68
-1.96,-8.81,1.68
-0.86,-9.14,2.39
-0.86,-9.14,2.39
-0.86,-9.14,2.39
-0.45,-10.01,2.59
-0.45,-10.01,2.59
-0.45,-10.01,2.59
0.17,-10.27,1.91
0.17,-10.27,1.91
0.32,-10.24,1.85
1.37,-10.57,1.36
1.37,-10.57,1.36
1.37,-10.57,1.36
0.74,-10.49,0.4
0.74,-10.49,0.4
0.74,-10.49,0.4
0.94,-9.78,-0.15
0.94,-9.78,-0.15
0.94,-9.78,-0.15
0.76,-8.57,-0.06
0.76,-8.57,-0.06
0.07,-8.07,0.01
-0.2,-7.74,-0.4
-0.2,-7.74,-0.4
-0.2,-7.74,-0.4
-1.01,-8.08,-1.41
-1.01,-8.08,-1.41
-1.01,-8.08,-1.41
-1.08,-9.77,0.86
-1.08,-9.77,0.86
-1.08,-9.77,0.86
-0.05,-9.4,1.51
-0.41,-10.17,4.29
-0.41,-10.17,4.29
-1.09,-8.76,2.16
-1.09,-8.76,2.16
-1.09,-8.76,2.16
-0.77,-8.98,2.6
-0.77,-8.98,2.6
-0.77,-8.98,2.6
-1.38,-9.62,3.28
-1.38,-9.62,3.28
-1.38,-9.62,3.28
-1.42,-9.94,3.54
-1.42,-9.94,3.54
-1.27,-10.11,3.36
-0.82,-10.04,2.1
-0.82,-10.04,2.1
-0.82,-10.04,2.1
-0.93,-10.59,1.21
-0.93,-10.59,1.21
-0.93,-10.59,1.21
0.31,-13.59,2.85
0.31,-13.59,2.85
0.31,-13.59,2.85
0.51,-15.17,2.27
0.51,-15.17,2.27
0.9,-14.59,1.29
1.57,-13.5,0.87
1.57,-13.5,0.87
1.57,-13.5,0.87
1.58,-12.4,0.58
1.58,-12.4,0.58
1.58,-12.4,0.58
2.62,-11.38,-0.12
2.62,-11.38,-0.12
2.81,-10.93,0.07
2.89,-10.81,0.21
2.89,-10.81,0.21
2.69,-10.45,0.02
2.56,-9.63,0.04
2.56,-9.63,0.04
2.56,-9.63,0.04
1.82,-8.61,-0.62
1.82,-8.61,-0.62
1.82,-8.61,-0.62
1.93,-7.23,-1.9
1.93,-7.23,-1.9
1.93,-7.23,-1.9
1.86,-4.51,-1.95
1.86,-4.51,-1.95
1.86,-4.51,-1.95
2.27,-2.29,-2.6
2.27,-2.29,-2.6
2.27,-2.29,-2.6
2.87,-3.15,-2.24
2.87,-3.15,-2.24
2.87,-3.15,-2.24
3.09,-2.57,-1.88
3.09,-2.57,-1.88
3.09,-2.57,-1.88
4.69,-3.08,-0.06
4.69,-3.08,-0.06
4.69,-3.08,-0.06
3.25,-4.32,1.55
3.25,-4.32,1.55
1.97,-2.24,1.6
1.97,-2.24,1.6
1.97,-2.24,1.6
1.32,-2.56,1.35
1.32,-2.56,1.35
-1.41,-4.03,7.79
0.23,-5.09,2.43
0.23,-5.09,2.43
1.24,-6.73,4.14
-1.43,-7.74,4.56
-1.43,-7.74,4.56
-1.43,-7.74,4.56
-2.06,-12.57,5.42
-2.06,-12.57,5.42
-2.06,-12.57,5.42
-3.63,-14.69,5.95
-3.63,-14.69,5.95
-3.78,-12.49,5.46
-3.24,-14.91,5.87
-3.24,-14.91,5.87
-2.63,-15.3,6.41
-3.35,-12.69,7.01
-3.35,-12.69,7.01
-3.35,-12.69,7.01
-4.38,-10.18,6.37
-4.38,-10.18,6.37
-4.38,-10.18,6.37
-3.92,-9.57,6.19
-3.92,-9.57,6.19
-2.71,-9.19,6.1
-2.41,-8.69,5.9
-2.89,-8.43,5.72
-2.89,-8.43,5.72
-2.54,-7.71,6.27
-2.54,-7.71,6.27
-2.54,-7.71,6.27
-3.59,-7.94,6.68
-3.59,-7.94,6.68
-3.59,-7.94,6.68
-3.79,-7.84,6.52
-3.79,-7.84,6.52
-3.79,-7.84,6.52
-2.93,-7.19,6.35
-2.93,-7.19,6.35
-2.93,-7.19,6.35
-3.06,-7.1,6.31
-3.06,-7.1,6.31
-3.06,-7.1,6.31
-3.11,-7.01,6.03
-3.11,-7.01,6.03
-3.11,-7.01,6.03
-3.44,-7.61,6.29
-3.44,-7.61,6.29
-3.44,-7.61,6.29
-2.77,-6.56,6.35
-2.77,-6.56,6.35
-2.77,-6.56,6.35
-3.72,-6.74,6.23
-3.72,-6.74,6.23
-3.72,-6.74,6.23
-3.48,-7.34,6.78
-3.48,-7.34,6.78
-3.48,-7.34,6.78
-3.56,-7.12,6.39
-3.56,-7.12,6.39
-3.56,-7.12,6.39
-3.48,-6.6,6.1
-3.48,-6.6,6.1
-3.48,-6.6,6.1
-3.5,-7.24,6.02
-3.5,-7.24,6.02
-3.5,-7.24,6.02
-2.81,-6.8,5.86
-2.81,-6.8,5.86
-2.81,-6.8,5.86
-2.75,-6.75,5.86
-2.75,-6.75,5.86
-2.75,-6.75,5.86
-2.34,-6.88,6.23
-2.52,-7.04,5.93
-2.52,-7.04,5.93
-2.67,-7.01,6.15
-2.67,-7.01,6.15
-2.67,-7.01,6.15
-2.52,-7.04,6.15
-2.52,-7.04,6.15
-2.52,-7.04,6.15
-2.73,-7.16,5.97
-2.37,-7.04,5.8
-2.37,-7.04,5.8
-2.16,-7.03,6.07
-2.16,-7.03,6.07
-2.16,-7.03,6.07
-2.16,-7.1,5.94
-2.16,-7.1,5.94
-2.16,-7.1,5.94
-1.24,-6.92,5.81
-1.24,-6.92,5.81
-1.9,-7.02,5.72
-1.7,-6.86,5.5
-1.7,-6.86,5.5
-1.7,-6.86,5.5
-2.51,-6.62,4.86
-2.51,-6.62,4.86
-2.51,-6.62,4.86
-3.17,-7.17,5.16
-3.17,-7.17,5.16
-3.17,-7.17,5.16
-3.78,-6.72,5.06
-3.78,-6.72,5.06
-3.78,-6.72,5.06
-5.06,-7.08,5.43
-5.06,-7.08,5.43
-5.42,-7.88,5.49
-4.93,-7.97,5.63
-4.93,-7.97,5.63
-4.93,-7.97,5.63
-3.85,-7.46,6.17
-3.85,-7.46,6.17
-3.85,-7.46,6.17
-4.11,-5.97,5.54
-4.11,-5.97,5.54
-4.11,-5.97,5.54
-5.24,-6.1,5.17
-5.24,-6.1,5.17
-5.24,-6.1,5.17
-5.28,-6.63,5.4
-5.28,-6.63,5.4
-5.28,-6.63,5.4
-4.83,-6.38,5.29
-4.83,-6.38,5.29
-4.83,-6.38,5.29
-4.51,-7.02,5.33
-4.51,-7.02,5.33
-4.51,-7.02,5.33
-4.32,-6.49,5.27
-4.32,-6.49,5.27
-4.3,-6.1,5.04
-4.17,-6.69,5.44
-4.17,-6.69,5.44
-4.17,-6.69,5.44
-4.04,-6.28,5.51
-4.04,-6.28,5.51
-4.04,-6.28,5.51
-3.84,-7.26,5.9
-3.84,-7.26,5.9
-3.84,-7.26,5.9
-4.19,-6.3,5.36
-4.19,-6.3,5.36
-4.33,-5.81,5.22
-4.72,-6.4,5.22
-4.72,-6.4,5.22
-4.72,-6.4,5.22
-3.95,-7.3,6.04
-3.95,-7.3,6.04
-3.95,-7.3,6.04
-4.21,-6.26,5.47
-4.21,-6.26,5.47
-4.66,-6.55,5.54
-4.41,-6.37,5.55
-4.24,-6.71,5.69
-4.24,-6.71,5.69
-4.06,-6.56,5.94
-4.06,-6.56,5.94
-4.06,-6.56,5.94
-4.26,-6.25,5.89
-4.26,-6.25,5.89
-4.26,-6.25,5.89
-4.66,-6.68,5.66
-4.66,-6.68,5.66
-4.14,-6.29,5.87
-4.14,-6.29,5.87
-4.14,-6.29,5.87
-4.53,-6.28,5.79
-4.53,-6.28,5.79
-4.53,-6.28,5.79
-4.59,-6.45,5.6
-4.59,-6.45,5.6
-4.59,-6.45,5.6
-4.53,-6.5,5.77
-4.53,-6.5,5.77
-4.42,-6.45,5.72
-4.48,-6.25,5.57
-4.48,-6.25,5.57
-4.53,-6.28,5.63
-4.49,-6.31,5.64
-4.49,-6.31,5.64
-4.49,-6.31,5.64
-4.48,-6.28,5.66
-4.48,-6.28,5.66
-4.48,-6.28,5.66
-4.42,-6.28,5.71
-4.42,-6.28,5.71
-4.42,-6.28,5.71
-4.45,-6.43,5.7
-4.54,-6.29,5.63
-4.54,-6.29,5.63
-4.64,-6.31,5.61
-4.64,-6.31,5.61
-4.64,-6.31,5.61
-4.46,-6.3,5.71
-4.46,-6.3,5.71
-4.46,-6.3,5.71
-4.53,-6.32,5.8
-4.53,-6.32,5.8
-4.46,-6.24,5.72
-4.46,-6.36,5.68
-4.46,-6.36,5.68
-4.61,-6.11,5.67
-4.61,-6.11,5.67
-4.61,-6.11,5.67
-4.49,-6.36,5.74
-4.49,-6.36,5.74
-4.49,-6.36,5.74
-4.46,-6.14,5.73
-4.46,-6.14,5.73
-4.47,-6.1,5.75
-4.57,-6.17,5.79
-4.57,-6.17,5.79
-4.57,-6.17,5.79
-4.59,-6.18,5.68
-4.59,-6.18,5.68
-4.59,-6.18,5.68
-4.63,-6.26,5.72
-4.63,-6.26,5.72
-4.63,-6.26,5.72
-4.64,-5.79,5.71
-4.64,-5.79,5.71
-4.64,-5.79,5.71
-4.54,-6.9,6.34
-4.54,-6.9,6.34
-4.54,-6.9,6.34
-5.11,-6.46,5.51
-5.11,-6.46,5.51
-5.11,-6.46,5.51
-5.36,-6.2,5.26
-5.36,-6.2,5.26
-5.36,-6.2,5.26
-4.77,-6.62,5.57
-4.77,-6.62,5.57
-4.77,-6.62,5.57
-3.98,-6.94,6.02
-3.98,-6.94,6.02
-3.98,-6.94,6.02
-2.74,-5.54,6.15
-2.74,-5.54,6.15
-2.74,-5.54,6.15
-3.23,-8.63,6.49
-3.23,-8.63,6.49
-3.23,-8.63,6.49
-2.27,-6.23,6.33
-2.27,-6.23,6.33
-2.27,-6.23,6.33
-3.1,-6.89,6.97
-3.1,-6.89,6.97
-3.1,-6.89,6.97
-2.24,-6.0,6.65
-2.24,-6.0,6.65
-2.24,-6.0,6.65
-3.17,-6.5,6.93
-3.17,-6.5,6.93
-3.17,-6.5,6.93
-2.54,-6.29,6.4
-2.17,-6.07,6.33
-2.17,-6.07,6.33
-1.59,-6.23,7.06
-1.59,-6.23,7.06
-1.59,-6.23,7.06
-1.3,-6.06,7.09
-1.3,-6.06,7.09
-1.3,-6.06,7.09
-1.64,-5.87,6.98
-1.64,-5.87,6.98
-1.64,-5.87,6.98
-1.8,-6.46,7.19
-2.0,-6.15,7.15
-2.0,-6.15,7.15
-2.03,-6.91,7.02
-2.03,-6.91,7.02
-2.03,-6.91,7.02
-1.97,-6.47,6.57
-1.97,-6.47,6.57
-1.97,-6.47,6.57
-2.18,-6.71,6.81
-2.18,-6.71,6.81
-2.18,-6.71,6.81
-2.51,-6.55,6.7
-2.51,-6.55,6.7
-2.51,-6.55,6.7
-2.3,-6.87,7.04
-2.3,-6.87,7.04
-2.19,-6.72,6.72
-2.02,-6.01,6.64
-2.02,-6.01,6.64
-2.02,-6.01,6.64
-2.03,-6.26,7.19
-2.03,-6.26,7.19
-2.03,-6.26,7.19
-2.76,-6.77,7.26
-2.76,-6.77,7.26
-2.76,-6.77,7.26
-3.09,-6.53,7.1
-3.09,-6.53,7.1
-3.09,-6.53,7.1
-2.95,-6.65,7.02
-2.95,-6.65,7.02
-2.95,-6.65,7.02
-2.92,-6.42,6.79
-2.92,-6.42,6.79
-2.92,-6.42,6.79
-2.74,-6.88,7.13
-2.74,-6.88,7.13
-2.6,-7.03,6.8
-2.75,-6.71,6.35
-2.75,-6.71,6.35
-2.75,-6.71,6.35
-2.83,-6.8,6.5
-2.83,-6.8,6.5
-2.83,-6.8,6.5
-2.96,-7.38,6.69
-2.96,-7.38,6.69
-2.96,-7.38,6.69
-3.12,-6.64,6.17
-3.12,-6.64,6.17
-2.99,-6.26,6.01
-2.97,-6.73,6.17
-2.97,-6.73,6.17
-2.97,-6.73,6.17
-3.17,-6.34,5.61
-3.17,-6.34,5.61
-3.08,-6.17,5.58
-3.08,-6.17,5.58
-3.08,-6.17,5.58
-3.14,-6.25,5.85
-3.14,-6.25,5.85
-2.89,-6.59,5.79
-2.98,-6.59,5.89
-2.95,-6.6,6.16
-2.71,-7.25,6.67
-2.71,-7.25,6.67
-2.71,-7.25,6.67
-2.58,-7.14,6.54
-2.58,-7.14,6.54
-2.58,-7.14,6.54
-2.75,-6.9,6.55
-2.75,-6.9,6.55
-2.75,-6.9,6.55
-2.4,-7.2,6.6
-2.4,-7.2,6.6
-2.4,-7.2,6.6
-2.39,-6.52,6.02
-2.39,-6.52,6.02
-2.39,-6.52,6.02
-2.46,-6.59,5.94
-2.46,-6.59,5.94
-2.46,-6.59,5.94
-2.48,-6.29,6.15
-2.48,-6.29,6.15
-2.73,-5.81,6.08
-2.53,-6.26,6.34
-2.53,-6.26,6.34
-2.53,-6.26,6.34
-3.01,-6.3,6.61
-3.01,-6.3,6.61
-3.01,-6.3,6.61
-3.13,-5.86,6.85
-3.13,-5.86,6.85
-3.13,-5.86,6.85
-2.72,-6.55,6.87
-2.72,-6.55,6.87
-2.72,-6.55,6.87
-3.41,-5.9,6.67
-3.41,-5.9,6.67
-3.41,-5.9,6.67
-3.76,-5.65,6.76
-3.76,-5.65,6.76
-3.76,-5.65,6.76
-3.39,-6.47,7.53
-3.39,-6.47,7.53
-3.39,-6.47,7.53
-2.52,-7.04,7.73
-2.52,-7.04,7.73
-2.1,-7.02,7.71
-2.17,-6.88,7.22
-2.17,-6.88,7.22
-2.17,-6.88,7.22
-2.33,-6.73,6.83
-2.33,-6.73,6.83
-2.33,-6.73,6.83
-2.53,-6.57,6.74
-2.53,-6.57,6.74
-2.53,-6.57,6.74
-2.77,-6.74,6.99
-2.72,-6.96,7.17
-2.72,-6.96,7.17
-2.89,-7.02,7.25
-2.89,-7.02,7.25
-2.89,-7.02,7.25
-2.87,-6.89,7.07
-2.87,-6.89,7.07
-2.87,-6.89,7.07
-2.96,-6.59,6.77
-2.96,-6.59,6.77
-2.96,-6.59,6.77
-2.92,-6.81,6.56
-2.92,-6.81,6.56
-2.92,-6.81,6.56
-3.1,-6.94,6.23
-3.1,-6.94,6.23
-3.1,-6.94,6.23
-3.38,-6.72,6.08
-3.38,-6.72,6.08
-3.38,-6.72,6.08
-3.52,-5.51,5.42
-3.52,-5.51,5.42
-3.52,-5.51,5.42
-3.54,-5.89,5.85
-3.47,-6.14,6.05
-3.47,-6.14,6.05
-2.82,-6.64,6.17
-2.82,-6.64,6.17
-2.82,-6.64,6.17
-2.66,-6.05,5.86
-2.66,-6.05,5.86
-2.66,-6.05,5.86
-3.08,-6.9,6.33
-3.08,-6.9,6.33
-3.08,-6.9,6.33
-2.93,-6.9,6.98
-2.93,-6.9,6.98
-2.93,-6.9,6.98
-3.13,-6.79,6.76
-3.13,-6.79,6.76
-3.13,-6.79,6.76
-3.28,-6.46,6.49
-3.28,-6.46,6.49
-3.28,-6.46,6.49
-3.45,-6.54,6.46
-3.45,-6.54,6.46
-3.45,-6.54,6.46
-3.25,-6.8,6.72
-3.17,-6.69,6.68
-3.17,-6.69,6.68
-3.15,-6.38,6.72
-3.15,-6.38,6.72
-3.15,-6.38,6.72
-3.16,-6.23,6.73
-3.16,-6.23,6.73
-3.16,-6.23,6.73
-3.13,-5.97,6.63
-3.13,-5.97,6.63
-3.12,-5.95,6.59
-3.39,-6.39,6.8
-3.39,-6.39,6.8
-3.39,-6.39,6.8
-3.19,-6.14,6.68
-3.19,-6.14,6.68
-3.19,-6.14,6.68
-3.11,-5.88,6.46
-3.11,-5.88,6.46
-3.11,-5.88,6.46
-3.17,-6.84,7.01
-3.17,-6.84,7.01
-3.17,-6.84,7.01
-3.31,-6.96,7.25
-3.31,-6.96,7.25
-3.24,-6.33,7.2
-3.53,-6.04,6.5
-3.53,-6.04,6.5
-3.53,-6.04,6.5
-3.07,-6.32,6.26
-3.07,-6.32,6.26
-3.07,-6.32,6.26
-3.07,-6.39,6.33
-3.07,-6.39,6.33
-3.07,-6.39,6.33
-2.67,-6.76,7.07
-2.67,-6.76,7.07
-2.67,-6.76,7.07
-2.8,-6.76,6.48
-2.8,-6.76,6.48
-2.8,-6.76,6.48
-2.89,-6.35,6.02
-2.89,-6.35,6.02
-2.89,-6.35,6.02
-3.15,-6.36,6.31
-3.15,-6.36,6.31
-3.15,-6.36,6.31
-3.2,-6.24,6.68
-3.2,-6.24,6.68
-3.11,-6.04,6.74
-3.07,-5.89,6.71
-3.07,-5.89,6.71
-2.89,-5.92,6.66
-2.89,-5.92,6.66
-2.89,-5.92,6.66
-3.14,-6.27,6.89
-3.14,-6.27,6.89
-3.14,-6.27,6.89
-3.16,-6.26,6.93
-3.16,-6.26,6.93
-2.99,-6.43,7.02
-3.17,-6.79,6.93
-3.17,-6.79,6.93
-3.17,-6.79,6.93
-2.94,-6.36,6.77
-2.94,-6.36,6.77
-2.63,-6.9,6.88
-2.57,-7.08,6.96
-2.57,-7.08,6.96
-2.66,-6.95,7.01
-2.66,-6.95,7.01
-2.66,-6.95,7.01
-2.74,-7.09,7.26
-2.74,-7.09,7.26
-2.74,-7.09,7.26
-2.38,-6.58,7.19
-2.38,-6.58,7.19
-2.38,-6.58,7.19
-2.66,-6.21,7.01
-2.65,-6.35,7.09
-2.65,-6.35,7.09
-2.52,-6.88,7.31
-2.52,-6.88,7.31
-2.52,-6.88,7.31
-2.07,-7.11,6.99
-2.07,-7.11,6.99
-2.07,-7.11,6.99
-2.04,-6.98,6.62
-2.04,-6.98,6.62
-2.04,-6.98,6.62
-1.93,-7.21,7.39
-1.93,-7.21,7.39
-1.93,-7.21,7.39
-1.9,-7.62,6.69
-1.76,-7.76,6.26
-1.76,-7.76,6.26
-2.11,-7.02,6.2
-2.11,-7.02,6.2
-2.11,-7.02,6.2
-2.25,-7.7,6.23
-2.25,-7.7,6.23
-2.25,-7.7,6.23
-1.56,-7.44,6.48
-1.56,-7.44,6.48
-1.12,-7.93,6.8
-1.36,-8.61,6.02
-1.36,-8.61,6.02
-1.36,-8.61,6.02
-1.7,-6.92,5.95
-1.7,-6.92,5.95
-1.7,-6.92,5.95
-1.72,-8.92,5.81
-1.72,-8.92,5.81
-1.72,-8.92,5.81
-1.13,-8.03,6.19
-1.13,-8.03,6.19
-1.13,-8.03,6.19
-0.89,-8.15,5.15
-0.89,-8.15,5.15
-0.89,-8.15,5.15
-0.17,-7.73,5.51
-0.17,-7.73,5.51
-0.17,-7.73,5.51
-0.16,-8.22,5.15
-0.16,-8.22,5.15
-0.16,-8.22,5.15
-0.19,-8.61,4.63
-0.19,-8.61,4.63
-0.45,-9.95,4.41
-0.72,-9.78,4.49
-0.72,-9.78,4.49
-0.72,-9.78,4.49
-1.46,-10.34,3.6
-1.46,-10.34,3.6
-1.46,-10.34,3.6
-0.59,-10.33,3.97
-0.59,-10.33,3.97
-0.59,-10.33,3.97
-0.7,-10.21,3.63
-0.7,-10.21,3.63
-0.46,-9.69,3.53
0.23,-9.49,3.27
0.23,-9.49,3.27
0.23,-9.49,3.27
0.23,-9.63,2.85
0.23,-9.63,2.85
0.23,-9.63,2.85
-0.07,-9.22,1.95
-0.07,-9.22,1.95
-0.07,-9.22,1.95
-0.37,-9.83,1.7
-0.37,-9.83,1.7
-0.45,-9.97,1.7
-0.63,-9.38,0.85
-0.63,-9.38,0.85
-0.63,-9.38,0.85
-0.83,-9.85,0.11
-0.83,-9.85,0.11
-0.83,-9.85,0.11
0.31,-10.25,0.15
0.31,-10.25,0.15
0.15,-9.69,-0.27
0.15,-9.69,-0.27
0.15,-9.69,-0.27
0.05,-9.71,0.0
0.05,-9.71,0.0
0.05,-9.71,0.0
1.47,-11.1,2.23
1.47,-11.1,2.23
1.47,-11.1,2.23
1.58,-7.32,-1.81
1.58,-7.32,-1.81
1.58,-7.32,-1.81
0.87,-8.55,-2.92
0.87,-8.55,-2.92
0.98,-8.23,-3.42
1.5,-7.76,-3.98
1.5,-7.76,-3.98
1.5,-7.76,-3.98
2.04,-7.94,-3.68
2.04,-7.94,-3.68
2.04,-7.94,-3.68
2.19,-7.49,-4.23
2.19,-7.49,-4.23
2.19,-7.49,-4.23
2.23,-7.35,-4.54
2.22,-6.57,-5.0
2.22,-6.57,-5.0
2.68,-6.94,-4.74
2.68,-6.94,-4.74
2.68,-6.94,-4.74
2.69,-6.74,-5.07
2.69,-6.74,-5.07
2.69,-6.74,-5.07
2.83,-6.8,-5.71
2.83,-6.8,-5.71
2.83,-6.8,-5.71
3.32,-7.12,-5.66
3.32,-7.12,-5.66
3.32,-7.12,-5.66
3.4,-6.42,-5.36
3.4,-6.42,-5.36
3.4,-6.42,-5.36
2.93,-5.58,-5.6
2.93,-5.58,-5.6
2.93,-5.58,-5.6
3.2,-5.52,-5.71
3.2,-5.52,-5.71
3.2,-5.52,-5.71
3.18,-5.81,-6.27
3.18,-5.81,-6.27
2.88,-5.27,-6.43
3.45,-5.9,-5.5
3.45,-5.9,-5.5
3.45,-5.9,-5.5
3.59,-4.93,-6.1
3.59,-4.93,-6.1
3.59,-4.93,-6.1
3.45,-5.55,-6.49
3.45,-5.55,-6.49
3.45,-5.55,-6.49
3.98,-5.22,-6.15
3.98,-5.22,-6.15
3.83,-5.35,-5.63
3.81,-5.59,-6.47
3.81,-5.59,-6.47
3.81,-5.59,-6.47
3.46,-5.26,-6.52
3.46,-5.26,-6.52
3.46,-5.26,-6.52
3.83,-4.84,-6.26
3.83,-4.84,-6.26
3.16,-4.75,-7.29
3.16,-4.75,-7.29
3.98,-5.68,-6.94
4.19,-6.9,-6.7
4.19,-6.9,-6.7
4.19,-6.9,-6.7
3.98,-6.42,-6.64
3.98,-6.42,-6.64
3.98,-6.42,-6.64
3.43,-5.76,-6.49
3.43,-5.76,-6.49
3.43,-5.76,-6.49
3.3,-5.53,-6.99
3.3,-5.53,-6.99
3.26,-5.64,-7.14
3.5,-5.92,-6.44
3.5,-5.92,-6.44
3.5,-5.92,-6.44
3.42,-5.77,-6.41
3.42,-5.77,-6.41
3.42,-5.77,-6.41
3.42,-5.45,-6.4
3.42,-5.45,-6.4
3.5,-5.24,-6.47
3.61,-6.08,-6.8
3.61,-6.08,-6.8
3.61,-6.08,-6.8
3.36,-6.26,-6.5
3.36,-6.26,-6.5
3.36,-6.26,-6.5
3.51,-6.56,-6.57
3.51,-6.56,-6.57
3.51,-6.56,-6.57
3.18,-5.79,-6.96
3.18,-5.79,-6.96
3.18,-5.79,-6.96
2.94,-5.81,-6.46
2.94,-5.81,-6.46
2.97,-5.78,-6.42
2.9,-5.97,-6.78
2.9,-5.97,-6.78
2.9,-5.97,-6.78
3.04,-6.08,-6.6
3.04,-6.08,-6.6
3.04,-6.08,-6.6
2.98,-6.7,-6.31
2.98,-6.7,-6.31
2.98,-6.7,-6.31
2.83,-6.31,-6.77
2.82,-6.55,-6.73
2.82,-6.55,-6.73
2.88,-6.56,-6.76
2.88,-6.56,-6.76
2.88,-6.56,-6.76
3.13,-6.52,-6.42
3.13,-6.52,-6.42
3.13,-6.52,-6.42
2.98,-6.2,-6.51
2.98,-6.2,-6.51
2.98,-6.2,-6.51
2.73,-6.29,-6.8
2.71,-6.53,-6.68
2.71,-6.53,-6.68
2.69,-6.7,-6.54
2.69,-6.7,-6.54
2.69,-6.7,-6.54
2.45,-6.48,-6.46
2.45,-6.48,-6.46
2.45,-6.48,-6.46
2.43,-6.44,-6.44
2.43,-6.44,-6.44
2.43,-6.52,-6.26
2.45,-6.57,-6.22
2.32,-6.24,-6.39
2.32,-6.24,-6.39
2.28,-6.79,-6.48
2.28,-6.79,-6.48
2.28,-6.79,-6.48
2.28,-6.41,-6.64
2.28,-6.41,-6.64
2.28,-6.41,-6.64
2.19,-6.8,-6.66
2.19,-6.8,-6.66
2.29,-6.91,-6.49
2.29,-7.09,-6.42
2.29,-7.09,-6.42
2.23,-7.05,-6.56
2.23,-7.05,-6.56
2.23,-7.05,-6.56
2.09,-7.01,-6.39
2.09,-7.01,-6.39
2.09,-7.01,-6.39
2.14,-6.71,-6.3
2.14,-6.71,-6.3
2.06,-6.61,-6.45
1.91,-6.56,-6.69
1.91,-6.56,-6.69
1.91,-6.56,-6.69
2.08,-6.57,-6.46
2.08,-6.57,-6.46
2.08,-6.57,-6.46
2.08,-6.4,-6.28
2.08,-6.4,-6.28
2.08,-6.4,-6.28
2.04,-6.73,-6.32
2.04,-6.73,-6.32
2.05,-6.74,-6.46
2.22,-6.6,-6.51
2.22,-6.6,-6.51
2.22,-6.6,-6.51
2.06,-6.61,-6.43
2.06,-6.61,-6.43
2.06,-6.61,-6.43
2.01,-6.28,-6.43
2.01,-6.28,-6.43
2.01,-6.28,-6.43
2.14,-6.93,-6.39
2.27,-6.69,-6.49
2.27,-6.69,-6.49
2.29,-6.8,-6.43
2.29,-6.8,-6.43
2.29,-6.8,-6.43
1.95,-6.48,-6.6
1.95,-6.48,-6.6
1.95,-6.48,-6.6
2.05,-7.11,-6.39
2.05,-7.11,-6.39
2.05,-7.11,-6.39
2.03,-6.63,-6.49
2.03,-6.63,-6.49
2.03,-6.63,-6.49
2.24,-6.19,-6.42
2.24,-6.19,-6.42
2.24,-6.19,-6.42
2.13,-6.66,-6.25
2.13,-6.66,-6.25
2.13,-6.66,-6.25
2.24,-6.53,-6.31
2.24,-6.53,-6.31
2.24,-6.53,-6.31
2.19,-6.72,-6.33
2.19,-6.72,-6.33
2.06,-6.67,-6.53
1.99,-6.89,-6.42
2.16,-7.12,-6.23
2.16,-7.12,-6.23
2.32,-6.48,-6.28
2.32,-6.48,-6.28
2.32,-6.48,-6.28
2.11,-6.76,-6.32
2.11,-6.76,-6.32
2.11,-6.76,-6.32
2.06,-6.59,-6.15
2.06,-6.59,-6.15
1.98,-6.78,-6.08
1.98,-7.13,-6.25
1.98,-7.13,-6.25
1.98,-7.13,-6.25
1.97,-6.97,-6.04
1.97,-6.97,-6.04
1.97,-6.97,-6.04
2.1,-6.33,-6.07
2.1,-6.33,-6.07
2.1,-6.33,-6.07
2.39,-6.49,-6.09
2.39,-6.49,-6.09
2.1,-6.64,-6.15
1.84,-6.68,-6.06
1.84,-6.68,-6.06
1.84,-6.68,-6.06
2.13,-6.9,-5.86
2.13,-6.9,-5.86
2.13,-6.9,-5.86
2.31,-7.18,-5.86
2.31,-7.18,-5.86
2.31,-7.18,-5.86
1.94,-7.17,-6.06
1.94,-7.17,-6.06
1.94,-7.17,-6.06
1.86,-6.32,-6.12
1.86,-6.32,-6.12
1.86,-6.32,-6.12
1.78,-7.2,-6.31
1.78,-7.2,-6.31
1.78,-7.2,-6.31
1.05,-7.27,-6.17
1.05,-7.27,-6.17
1.05,-7.27,-6.17
1.84,-7.23,-5.98
1.84,-7.23,-5.98
1.84,-7.23,-5.98
1.7,-6.92,-5.79
1.7,-6.92,-5.79
1.7,-6.92,-5.79
1.62,-7.64,-5.56
1.62,-7.64,-5.56
1.62,-7.64,-5.56
1.69,-7.48,-5.82
1.69,-7.48,-5.82
1.69,-7.48,-5.82
1.04,-6.26,-5.29
1.04,-6.26,-5.29
1.04,-6.26,-5.29
1.0,-7.04,-5.72
1.0,-7.04,-5.72
1.0,-7.04,-5.72
2.22,-7.94,-5.41
2.22,-7.94,-5.41
2.22,-7.94,-5.41
2.82,-8.23,-5.68
2.82,-8.23,-5.68
2.82,-8.23,-5.68
3.94,-8.44,-5.91
3.94,-8.44,-5.91
3.05,-7.86,-5.9
1.47,-6.58,-5.86
1.47,-6.58,-5.86
1.47,-6.58,-5.86
1.28,-7.57,-5.88
1.28,-7.57,-5.88
1.28,-7.57,-5.88
1.11,-7.11,-5.51
1.11,-7.11,-5.51
1.57,-7.24,-5.34
2.17,-7.15,-5.72
2.17,-7.15,-5.72
2.85,-7.29,-5.56
1.88,-8.05,-5.36
1.88,-8.05,-5.36
1.88,-8.05,-5.36
1.61,-7.33,-5.63
1.61,-7.33,-5.63
1.61,-7.33,-5.63
1.26,-7.33,-5.5
1.26,-7.33,-5.5
1.26,-7.33,-5.5
1.73,-7.47,-4.88
1.66,-7.91,-5.29
1.66,-7.91,-5.29
1.8,-8.36,-4.94
1.8,-8.36,-4.94
1.8,-8.36,-4.94
2.48,-6.8,-6.57
2.48,-6.8,-6.57
2.48,-6.8,-6.57
2.4,-9.32,-5.66
2.4,-9.32,-5.66
2.29,-8.4,-4.54
2.31,-7.36,-5.33
2.16,-7.46,-6.25
2.16,-7.46,-6.25
1.36,-9.3,-4.74
1.36,-9.3,-4.74
1.36,-9.3,-4.74
1.57,-7.77,-4.98
1.57,-7.77,-4.98
2.18,-7.15,-6.16
2.18,-7.15,-6.16
2.18,-7.15,-6.16
0.85,-9.85,-5.44
1.31,-6.99,-5.89
1.31,-6.99,-5.89
0.97,-7.31,-6.57
0.97,-7.31,-6.57
0.97,-7.31,-6.57
2.81,-7.65,-6.27
2.81,-7.65,-6.27
2.81,-7.65,-6.27
0.72,-7.94,-6.1
0.72,-7.94,-6.1
2.13,-6.28,-6.14
2.66,-3.51,-7.01
0.79,-5.75,-6.88
0.79,-5.75,-6.88
0.64,-6.45,-6.13
0.64,-6.45,-6.13
0.64,-6.45,-6.13
-0.22,-6.72,-6.62
-0.22,-6.72,-6.62
-0.22,-6.72,-6.62
1.47,-6.11,-6.68
1.47,-6.11,-6.68
1.47,-6.11,-6.68
0.8,-6.03,-7.01
0.8,-6.03,-7.01
0.8,-6.03,-7.01
-1.77,-6.42,-6.66
-1.77,-6.42,-6.66
-1.77,-6.42,-6.66
1.63,-5.01,-5.67
1.63,-5.01,-5.67
1.63,-5.01,-5.67
-1.84,-5.17,-7.2
-1.84,-5.17,-7.2
0.26,-5.23,-6.86
-1.32,-7.14,-7.25
-1.32,-7.14,-7.25
-1.32,-7.14,-7.25
0.55,-6.25,-7.1
0.55,-6.25,-7.1
0.55,-6.25,-7.1
-1.45,-6.66,-7.25
-1.45,-6.66,-7.25
-1.45,-6.66,-7.25
1.52,-5.36,-7.17
1.52,-5.36,-7.17
1.52,-5.36,-7.17
0.73,-6.19,-7.1
0.73,-6.19,-7.1
0.73,-6.19,-7.1
-1.89,-6.72,-6.96
-1.89,-6.72,-6.96
-1.89,-6.72,-6.96
-0.39,-4.51,-7.11
-0.39,-4.51,-7.11
-0.39,-4.51,-7.11
0.21,-5.93,-6.81
0.21,-5.93,-6.81
0.21,-5.93,-6.81
-0.48,-6.7,-7.48
-0.48,-6.7,-7.48
-0.48,-6.7,-7.48
-0.08,-5.99,-7.02
-0.08,-5.99,-7.02
-0.08,-5.99,-7.02
-1.17,-6.94,-7.17
-1.17,-6.94,-7.17
-1.17,-6.94,-7.17
0.01,-4.74,-6.95
0.01,-4.74,-6.95
-1.06,-6.74,-7.33
-0.03,-6.14,-7.06
0.23,-5.36,-7.03
0.23,-5.36,-7.03
-0.82,-6.54,-7.55
-0.82,-6.54,-7.55
-0.82,-6.54,-7.55
-0.92,-6.06,-7.25
-0.92,-6.06,-7.25
-0.92,-6.06,-7.25
-0.45,-5.6,-7.29
-0.45,-5.6,-7.29
-0.68,-4.87,-7.02
0.04,-5.07,-7.11
0.04,-5.07,-7.11
0.04,-5.07,-7.11
-0.88,-4.97,-7.54
-0.88,-4.97,-7.54
-0.88,-4.97,-7.54
-0.11,-5.88,-7.29
-0.11,-5.88,-7.29
-0.11,-5.88,-7.29
-0.4,-4.54,-7.88
-0.4,-4.54,-7.88
-0.04,-4.75,-7.34
-0.34,-6.11,-7.48
-0.84,-6.26,-7.63
-0.84,-6.26,-7.63
-0.09,-4.89,-7.55
-0.09,-4.89,-7.55
-0.09,-4.89,-7.55
-0.57,-5.82,-7.01
-0.57,-5.82,-7.01
-0.57,-5.82,-7.01
-0.6,-5.45,-7.67
-0.6,-5.45,-7.67
-0.6,-5.45,-7.67
0.12,-5.32,-7.73
0.12,-5.32,-7.73
0.12,-5.32,-7.73
-0.15,-6.47,-7.83
-0.15,-6.47,-7.83
-0.15,-6.47,-7.83
-0.51,-4.82,-7.16
-0.51,-4.82,-7.16
-0.51,-4.82,-7.16
0.09,-4.96,-7.45
0.09,-4.96,-7.45
0.09,-4.96,-7.45
-0.71,-5.65,-8.04
-0.71,-5.65,-8.04
-0.71,-5.65,-8.04
-0.08,-5.68,-7.93
-0.08,-5.68,-7.93
-0.08,-5.68,-7.93
-0.09,-5.16,-7.53
-0.09,-5.16,-7.53
-0.09,-5.16,-7.53
-0.91,-5.09,-7.27
-0.91,-5.09,-7.27
-0.97,-4.83,-7.09
-0.92,-5.87,-7.56
-0.92,-5.87,-7.56
-0.92,-5.87,-7.56
-0.83,-5.5,-7.73
-0.83,-5.5,-7.73
-0.83,-5.5,-7.73
-0.67,-5.28,-7.76
-0.67,-5.28,-7.76
-0.67,-5.28,-7.76
-0.5,-4.81,-7.51
-0.5,-4.81,-7.51
-0.5,-4.81,-7.51
-0.68,-5.26,-7.79
-0.68,-5.26,-7.79
-0.68,-5.26,-7.79
-0.68,-5.87,-7.59
-0.68,-5.87,-7.59
-0.68,-5.87,-7.59
-0.23,-4.99,-7.97
-0.23,-4.99,-7.97
-0.23,-4.99,-7.97
-0.73,-4.87,-7.54
-0.24,-3.98,-7.46
-0.24,-3.98,-7.46
-0.38,-4.87,-7.66
-0.38,-4.87,-7.66
-0.38,-4.87,-7.66
-0.49,-5.35,-7.91
-0.49,-5.35,-7.91
-0.49,-5.35,-7.91
-0.32,-5.3,-7.88
-0.32,-5.3,-7.88
-0.32,-5.3,-7.88
-0.4,-5.11,-7.74
-0.4,-5.11,-7.74
-0.37,-4.76,-7.61
-0.37,-4.76,-7.61
-0.37,-4.76,-7.61
-0.97,-5.44,-7.8
-0.97,-5.44,-7.8
-0.97,-5.44,-7.8
0.09,-4.96,-7.65
0.09,-4.96,-7.65
0.09,-4.96,-7.65
-0.47,-5.39,-7.82
-0.47,-5.39,-7.82
-0.34,-5.01,-7.79
-0.38,-5.41,-7.61
-0.38,-5.41,-7.61
-0.38,-5.41,-7.61
-0.58,-5.27,-7.73
-0.58,-5.27,-7.73
-0.58,-5.27,-7.73
-0.7,-5.33,-7.69
-0.7,-5.33,-7.69
-0.7,-5.33,-7.69
-0.24,-5.43,-7.42
-0.24,-5.43,-7.42
-0.37,-5.5,-7.53
-0.33,-5.0,-7.47
-0.33,-5.0,-7.47
-0.33,-5.0,-7.47
-0.42,-5.16,-7.8
-0.42,-5.16,-7.8
-0.42,-5.16,-7.8
-0.17,-5.22,-7.65
-0.17,-5.22,-7.65
-0.17,-5.22,-7.65
-0.6,-5.39,-7.69
-0.6,-5.39,-7.69
-0.35,-5.21,-7.51
-0.09,-4.86,-7.79
-0.09,-4.86,-7.79
-0.09,-4.86,-7.79
-0.43,-5.3,-7.66
-0.43,-5.3,-7.66
-0.43,-5.3,-7.66
-0.31,-4.93,-7.85
-0.31,-4.93,-7.85
0.1,-4.56,-7.71
-0.25,-4.85,-7.71
-0.6,-4.96,-7.63
-0.6,-4.96,-7.63
-0.48,-5.21,-7.82
-0.48,-5.21,-7.82
-0.48,-5.21,-7.82
-0.42,-5.46,-7.77
-0.42,-5.46,-7.77
-0.42,-5.46,-7.77
-0.11,-4.98,-7.74
-0.11,-4.98,-7.74
-0.11,-4.98,-7.74
-0.42,-4.84,-7.67
-0.42,-4.84,-7.67
-0.42,-4.84,-7.67
-0.35,-5.13,-7.83
-0.35,-5.13,-7.83
-0.35,-5.13,-7.83
-0.24,-5.33,-7.85
-0.24,-5.33,-7.85
-0.24,-5.33,-7.85
-0.44,-5.02,-7.85
-0.44,-5.02,-7.85
-0.29,-5.0,-8.0
-0.26,-5.4,-7.67
-0.14,-4.9,-7.47
-0.14,-4.9,-7.47
-0.54,-5.35,-7.81
-0.54,-5.35,-7.81
-0.54,-5.35,-7.81
-0.28,-5.32,-7.69
-0.28,-5.32,-7.69
-0.28,-5.32,-7.69
-0.61,-5.65,-7.87
-0.61,-5.65,-7.87
-0.61,-5.65,-7.87
-0.15,-4.59,-7.4
-0.15,-4.59,-7.4
-0.49,-4.91,-7.45
-0.29,-5.43,-7.75
-0.29,-5.43,-7.75
-0.29,-5.43,-7.75
-0.25,-4.99,-7.54
-0.25,-4.99,-7.54
-0.25,-4.99,-7.54
-0.44,-5.36,-7.87
-0.44,-5.36,-7.87
-0.48,-5.56,-7.7
-0.71,-5.21,-7.66
0.09,-5.45,-7.68
0.09,-5.45,-7.68
-0.46,-5.68,-7.61
-0.46,-5.68,-7.61
-0.46,-5.68,-7.61
-0.57,-4.16,-7.35
-0.57,-4.16,-7.35
-0.57,-4.16,-7.35
0.03,-4.71,-7.57
0.03,-4.71,-7.57
0.03,-4.71,-7.57
-0.44,-5.03,-7.83
-0.44,-5.03,-7.83
-0.44,-5.03,-7.83
-0.17,-5.08,-7.58
-0.17,-5.08,-7.58
-0.17,-5.08,-7.58
-0.63,-5.21,-7.6
-0.63,-5.21,-7.6
-0.63,-5.21,-7.6
-0.45,-5.48,-7.83
-0.44,-5.66,-7.66
-0.44,-5.66,-7.66
-0.36,-4.93,-7.75
-0.36,-4.93,-7.75
-0.36,-4.93,-7.75
-0.06,-5.54,-7.43
-0.06,-5.54,-7.43
-0.06,-5.54,-7.43
-0.18,-4.78,-7.85
-0.18,-4.78,-7.85
-0.18,-4.78,-7.85
-0.17,-5.1,-7.36
-0.17,-5.1,-7.36
-0.17,-5.1,-7.36
-0.11,-4.85,-7.84
-0.11,-4.85,-7.84
-0.11,-4.85,-7.84
0.19,-5.27,-7.9
0.19,-5.27,-7.9
0.19,-5.27,-7.9
-0.31,-6.3,-8.31
-0.31,-6.3,-8.31
-0.31,-6.3,-8.31
0.12,-4.81,-7.52
0.12,-4.81,-7.52
0.12,-4.81,-7.52
0.51,-5.35,-7.68
0.51,-5.35,-7.68
0.51,-5.35,-7.68
-0.09,-5.2,-8.03
-0.09,-5.2,-8.03
-0.09,-5.2,-8.03
0.16,-5.55,-7.76
0.16,-5.55,-7.76
0.16,-5.55,-7.76
-0.0,-5.13,-7.78
0.2,-5.22,-7.5
0.2,-5.22,-7.5
0.03,-5.27,-7.45
-0.18,-5.21,-7.55
-0.18,-5.21,-7.55
-0.16,-4.94,-7.87
-0.16,-4.94,-7.87
-0.16,-4.94,-7.87
-0.18,-5.41,-7.47
-0.18,-5.41,-7.47
-0.18,-5.41,-7.47
0.09,-4.92,-7.8
-0.02,-5.4,-7.45
-0.02,-5.4,-7.45
-0.15,-4.73,-7.8
-0.15,-4.73,-7.8
-0.15,-4.73,-7.8
0.26,-5.32,-7.7
0.26,-5.32,-7.7
0.11,-4.95,-7.52
0.11,-4.95,-7.52
0.11,-4.95,-7.52
-0.35,-5.57,-7.9
-0.35,-5.57,-7.9
-0.35,-5.57,-7.9
0.31,-5.72,-7.91
0.31,-5.72,-7.91
0.31,-5.72,-7.91
0.09,-4.51,-7.63
0.09,-4.51,-7.63
0.09,-4.51,-7.63
-0.27,-5.19,-7.55
-0.27,-5.19,-7.55
-0.27,-5.19,-7.55
0.28,-5.05,-7.66
0.28,-5.05,-7.66
0.07,-5.72,-7.49
-0.21,-5.26,-8.02
-0.21,-5.26,-8.02
-0.21,-5.26,-8.02
-0.08,-5.26,-7.37
-0.08,-5.26,-7.37
-0.08,-5.26,-7.37
-0.16,-5.17,-7.74
-0.16,-5.17,-7.74
-0.16,-5.17,-7.74
-0.02,-5.36,-7.4
-0.02,-5.36,-7.4
-0.02,-5.36,-7.4
-0.33,-5.32,-7.91
-0.43,-5.59,-7.82
-0.43,-5.59,-7.82
0.59,-5.12,-7.43
0.59,-5.12,-7.43
0.59,-5.12,-7.43
-0.59,-5.75,-7.72
-0.59,-5.75,-7.72
-0.59,-5.75,-7.72
0.3,-5.03,-7.51
0.3,-5.03,-7.51
0.3,-5.03,-7.51
0.14,-5.29,-7.63
0.14,-5.29,-7.63
0.14,-5.29,-7.63
0.01,-4.89,-7.53
0.01,-4.89,-7.53
0.01,-4.89,-7.53
0.15,-5.33,-7.7
0.15,-5.33,-7.7
0.15,-5.33,-7.7
-0.1,-5.05,-7.71
-0.1,-5.05,-7.71
-0.1,-5.05,-7.71
0.06,-5.26,-7.6
0.06,-5.26,-7.6
0.06,-5.26,-7.6
-0.01,-5.38,-7.71
-0.01,-5.38,-7.71
-0.01,-5.38,-7.71
-0.21,-5.25,-7.62
-0.21,-5.25,-7.62
-0.21,-5.25,-7.62
-0.07,-5.38,-7.75
-0.07,-5.38,-7.75
0.0,-5.44,-7.61
-0.01,-5.29,-7.8
-0.01,-5.29,-7.8
-0.01,-5.29,-7.8
-0.1,-5.51,-7.59
-0.1,-5.51,-7.59
-0.1,-5.51,-7.59
-0.15,-5.24,-7.85
-0.15,-5.24,-7.85
-0.15,-5.24,-7.85
0.1,-5.5,-7.3
-0.01,-4.93,-7.33
-0.01,-4.93,-7.33
-0.49,-5.57,-7.64
-0.49,-5.57,-7.64
-0.49,-5.57,-7.64
0.48,-4.98,-7.5
0.48,-4.98,-7.5
0.48,-4.98,-7.5
-0.27,-5.51,-7.93
-0.27,-5.51,-7.93
-0.27,-5.51,-7.93
0.42,-4.99,-7.35
-0.28,-5.07,-7.74
-0.28,-5.07,-7.74
0.09,-5.61,-7.38
0.09,-5.61,-7.38
0.09,-5.61,-7.38
-0.34,-5.37,-7.97
-0.34,-5.37,-7.97
-0.34,-5.37,-7.97
0.41,-5.32,-7.45
0.41,-5.32,-7.45
0.41,-5.32,-7.45
-0.25,-5.68,-7.75
-0.25,-5.68,-7.75
-0.25,-5.68,-7.75
0.34,-4.89,-7.48
0.34,-4.89,-7.48
0.34,-4.89,-7.48
-0.3,-5.66,-7.64
-0.3,-5.66,-7.64
-0.3,-5.66,-7.64
0.23,-5.14,-7.45
0.23,-5.14,-7.45
0.23,-5.14,-7.45
0.0,-5.56,-7.76
0.4,-5.37,-7.5
0.4,-5.37,-7.5
-0.14,-5.21,-7.79
-0.14,-5.21,-7.79
-0.14,-5.21,-7.79
-0.08,-5.31,-7.49
-0.08,-5.31,-7.49
-0.08,-5.31,-7.49
0.0,-5.12,-7.6
0.0,-5.12,-7.6
0.0,-5.12,-7.6
0.18,-5.42,-7.62
0.18,-5.42,-7.62
0.18,-5.42,-7.62
-0.15,-5.47,-7.71
-0.15,-5.47,-7.71
-0.15,-5.47,-7.71
0.2,-5.17,-7.53
0.2,-5.17,-7.53
0.2,-5.17,-7.53
-0.5,-5.71,-7.72
-0.5,-5.71,-7.72
0.31,-5.21,-7.48
0.31,-4.76,-7.42
0.31,-4.76,-7.42
-0.31,-5.07,-7.82
0.14,-5.28,-7.51
0.14,-5.28,-7.51
0.14,-5.28,-7.51
-0.48,-5.6,-7.82
-0.48,-5.6,-7.82
-0.48,-5.6,-7.82
-0.01,-5.48,-7.54
-0.01,-5.48,-7.54
-0.01,-5.48,-7.54
-0.08,-5.38,-7.83
-0.08,-5.38,-7.83
-0.08,-5.38,-7.83
0.02,-5.21,-7.44
0.02,-5.21,-7.44
0.02,-5.21,-7.44
-0.23,-5.13,-7.75
-0.23,-5.13,-7.75
-0.23,-5.13,-7.75
-0.12,-5.67,-7.52
-0.12,-5.67,-7.52
0.0,-5.26,-7.54
-0.06,-5.1,-7.82
-0.23,-5.47,-7.78
-0.23,-5.47,-7.78
0.35,-4.95,-7.42
0.35,-4.95,-7.42
0.35,-4.95,-7.42
-0.63,-5.66,-7.8
-0.63,-5.66,-7.8
-0.63,-5.66,-7.8
0.21,-5.13,-7.52
0.21,-5.13,-7.52
-0.38,-5.58,-7.75
-0.38,-5.58,-7.75
-0.38,-5.58,-7.75
0.42,-4.72,-7.59
0.42,-4.72,-7.59
0.42,-4.72,-7.59
-0.41,-5.73,-7.66
-0.41,-5.73,-7.66
0.08,-5.33,-7.33
0.08,-5.33,-7.33
0.08,-5.33,-7.33
-0.35,-5.6,-7.94
-0.35,-5.6,-7.94
-0.35,-5.6,-7.94
0.25,-5.41,-7.33
0.25,-5.41,-7.33
0.25,-5.41,-7.33
-0.42,-5.28,-7.77
-0.42,-5.28,-7.77
-0.42,-5.28,-7.77
-0.2,-5.17,-7.24
-0.2,-5.17,-7.24
-0.2,-5.17,-7.24
-0.07,-5.38,-7.74
-0.07,-5.38,-7.74
-0.07,-5.38,-7.74
0.08,-5.33,-7.67
0.08,-5.33,-7.67
0.08,-5.33,-7.67
-0.33,-5.43,-7.74
-0.33,-5.43,-7.74
-0.33,-5.43,-7.74
0.1,-5.23,-7.75
0.1,-5.23,-7.75
0.1,-5.23,-7.75
-0.11,-5.31,-7.19
-0.11,-5.31,-7.19
-0.11,-5.31,-7.19
-0.21,-5.05,-7.65
-0.21,-5.05,-7.65
-0.21,-5.05,-7.65
0.02,-5.64,-7.34
0.02,-5.64,-7.34
0.02,-5.64,-7.34
-0.15,-5.46,-7.9
-0.15,-5.46,-7.9
-0.15,-5.46,-7.9
0.12,-5.43,-7.4
0.12,-5.43,-7.4
0.11,-5.04,-7.5
-0.33,-5.76,-7.77
-0.33,-5.76,-7.77
-0.33,-5.76,-7.77
0.25,-4.72,-7.35
0.25,-4.72,-7.35
0.25,-4.72,-7.35
-0.38,-5.8,-7.99
0.07,-5.54,-7.53
0.07,-5.54,-7.53
0.64,-5.09,-7.24
-0.08,-5.33,-7.67
-0.08,-5.33,-7.67
0.08,-5.55,-7.51
0.08,-5.55,-7.51
0.08,-5.55,-7.51
-0.22,-5.22,-7.67
-0.22,-5.22,-7.67
-0.22,-5.22,-7.67
0.23,-5.12,-7.6
0.23,-5.12,-7.6
0.23,-5.12,-7.6
0.12,-5.29,-7.56
0.12,-5.29,-7.56
0.12,-5.29,-7.56
0.11,-6.27,-7.68
0.11,-6.27,-7.68
0.11,-6.27,-7.68
3.35,-2.49,-10.27
3.35,-2.49,-10.27
3.35,-2.49,-10.27
-22.66,-3.11,-1.38
