aX,aY,aZ
-20.34,-10.31,-11.3
-2.16,-2.96,4.75
-2.16,-2.96,4.75
16.69,-1.52,7.6
2.74,-10.17,-11.06
2.74,-10.17,-11.06
2.74,-10.17,-11.06
4.54,-9.43,-7.64
4.54,-9.43,-7.64
4.54,-9.43,-7.64
2.89,-6.69,-6.0
2.89,-6.69,-6.0
2.89,-6.69,-6.0
0.46,-8.65,-6.27
0.46,-8.65,-6.27
-0.13,-7.89,-6.17
0.29,-7.13,-6.03
1.22,-7.61,-4.77
1.22,-7.61,-4.77
1.14,-6.64,-6.09
1.14,-6.64,-6.09
1.14,-6.64,-6.09
1.46,-7.93,-6.5
1.46,-7.93,-6.5
1.46,-7.93,-6.5
2.17,-7.9,-5.41
2.17,-7.33,-6.03
2.17,-7.33,-6.03
1.53,-7.71,-6.04
1.53,-7.71,-6.04
1.53,-7.71,-6.04
1.26,-7.93,-5.57
1.26,-7.93,-5.57
1.26,-7.93,-5.57
1.7,-6.42,-5.96
1.7,-6.42,-5.96
1.7,-6.42,-5.96
1.43,-7.45,-5.68
1.43,-7.45,-5.68
1.41,-7.82,-5.52
1.88,-7.38,-5.27
1.88,-7.38,-5.27
1.88,-7.38,-5.27
1.15,-7.81,-5.49
1.15,-7.81,-5.49
1.15,-7.81,-5.49
1.33,-7.35,-5.34
1.33,-7.35,-5.34
1.33,-7.35,-5.34
1.2,-7.94,-5.59
1.2,-7.94,-5.59
1.2,-7.94,-5.59
1.39,-7.35,-5.5
1.39,-7.35,-5.5
1.39,-7.35,-5.5
1.93,-7.42,-5.45
1.93,-7.42,-5.45
1.93,-7.42,-5.45
1.61,-7.81,-5.59
1.61,-7.81,-5.59
1.58,-7.82,-5.82
1.58,-7.82,-5.82
1.72,-7.84,-5.51
1.83,-7.82,-5.32
1.75,-7.39,-5.41
1.75,-7.39,-5.41
1.44,-7.69,-5.44
1.44,-7.69,-5.44
1.44,-7.69,-5.44
1.41,-7.52,-5.32
1.41,-7.52,-5.32
1.41,-7.52,-5.32
1.55,-7.27,-5.32
1.74,-7.7,-5.33
1.74,-7.7,-5.33
1.96,-7.63,-5.6
1.96,-7.63,-5.6
1.96,-7.63,-5.6
2.13,-7.84,-5.49
2.13,-7.84,-5.49
2.13,-7.84,-5.49
1.83,-8.1,-5.41
1.83,-8.1,-5.41
1.83,-8.1,-5.41
1.97,-8.22,-5.44
1.97,-8.22,-5.44
1.97,-8.22,-5.44
2.31,-7.22,-5.45
2.31,-7.22,-5.45
2.31,-7.22,-5.45
2.0,-7.46,-5.6
2.0,-7.46,-5.6
2.0,-7.46,-5.6
2.41,-7.23,-5.62
2.41,-7.23,-5.62
2.41,-7.23,-5.62
2.49,-7.68,-5.82
2.49,-7.68,-5.82
2.3,-7.59,-5.83
2.31,-7.59,-5.82
2.32,-7.45,-5.89
2.32,-7.45,-5.89
2.52,-6.94,-5.78
2.52,-6.94,-5.78
2.52,-6.94,-5.78
2.15,-6.64,-5.69
2.15,-6.64,-5.69
2.15,-6.64,-5.69
2.06,-6.68,-5.73
2.06,-6.68,-5.73
1.98,-7.08,-5.82
2.12,-7.09,-5.87
2.12,-7.09,-5.87
2.12,-7.09,-5.87
1.96,-7.25,-5.74
1.96,-7.25,-5.74
1.96,-7.25,-5.74
1.28,-7.15,-5.75
1.28,-7.15,-5.75
1.28,-7.15,-5.75
1.65,-7.33,-5.66
1.65,-7.33,-5.66
1.91,-7.44,-5.66
2.09,-7.52,-5.96
2.09,-7.52,-5.96
2.09,-7.52,-5.96
2.42,-6.82,-6.07
2.42,-6.82,-6.07
2.42,-6.82,-6.07
3.16,-6.88,-5.96
3.16,-6.88,-5.96
3.71,-7.39,-5.78
3.52,-7.46,-5.7
3.35,-7.07,-5.97
3.35,-7.07,-5.97
2.46,-7.19,-6.07
2.46,-7.19,-6.07
2.46,-7.19,-6.07
2.09,-7.55,-6.12
2.09,-7.55,-6.12
2.09,-7.55,-6.12
2.47,-6.93,-5.71
2.47,-6.93,-5.71
2.47,-6.93,-5.71
2.08,-6.69,-6.05
2.08,-6.69,-6.05
1.8,-6.97,-6.08
1.58,-6.79,-5.96
1.58,-6.79,-5.96
1.58,-6.79,-5.96
2.3,-6.69,-5.58
2.3,-6.69,-5.58
2.3,-6.69,-5.58
2.66,-6.98,-5.63
2.66,-6.98,-5.63
2.67,-6.67,-5.74
2.77,-6.37,-5.59
2.83,-6.11,-5.41
2.83,-6.11,-5.41
2.73,-5.47,-5.75
2.73,-5.47,-5.75
2.73,-5.47,-5.75
2.43,-5.56,-5.34
2.43,-5.56,-5.34
2.43,-5.56,-5.34
2.03,-5.54,-4.7
2.03,-5.54,-4.7
2.03,-5.54,-4.7
1.97,-5.93,-3.45
1.97,-5.93,-3.45
1.97,-5.93,-3.45
2.15,-4.82,-3.08
2.15,-4.82,-3.08
2.15,-4.82,-3.08
2.83,-8.24,-2.35
2.83,-8.24,-2.35
2.83,-8.24,-2.35
2.92,-6.8,-1.5
2.92,-6.8,-1.5
2.92,-6.8,-1.5
3.52,-6.65,-0.91
3.52,-6.65,-0.91
4.06,-7.63,-0.18
5.38,-10.08,0.44
5.38,-10.08,0.44
5.38,-10.08,0.44
4.48,-8.38,0.01
4.48,-8.38,0.01
4.48,-8.38,0.01
4.34,-10.63,1.01
4.34,-10.63,1.01
4.34,-10.63,1.01
3.73,-11.73,5.66
3.73,-11.73,5.66
3.73,-11.73,5.66
2.91,-12.16,5.64
2.91,-12.16,5.64
2.91,-12.16,5.64
3.38,-9.55,4.33
3.38,-9.55,4.33
3.38,-9.55,4.33
2.32,-10.37,4.87
2.32,-10.37,4.87
2.32,-10.37,4.87
2.64,-9.21,5.78
2.64,-9.21,5.78
2.64,-9.21,5.78
0.79,-8.33,4.91
0.79,-8.33,4.91
0.79,-8.33,4.91
1.09,-9.08,5.88
1.09,-9.08,5.88
1.09,-9.08,5.88
1.3,-8.52,6.08
1.3,-8.52,6.08
1.3,-8.52,6.08
1.14,-7.63,5.1
1.14,-7.63,5.1
1.14,-7.63,5.1
1.27,-8.05,5.02
1.27,-8.05,5.02
1.27,-8.05,5.02
0.3,-7.55,3.99
0.3,-7.55,3.99
0.3,-7.55,3.99
0.33,-7.58,4.27
0.33,-7.58,4.27
0.33,-7.58,4.27
0.23,-7.97,5.1
-0.76,-8.51,5.11
-1.26,-9.65,5.36
-1.26,-9.65,5.36
-1.26,-9.65,5.36
-1.26,-9.83,5.36
-1.26,-9.83,5.36
-1.26,-9.83,5.36
-2.34,-10.03,5.15
-2.87,-10.62,5.1
-2.87,-10.62,5.1
-2.36,-9.63,4.47
-2.36,-9.63,4.47
-2.36,-9.63,4.47
-2.99,-7.9,3.76
-2.99,-7.9,3.76
-2.99,-7.9,3.76
-3.14,-9.06,4.19
-3.14,-9.06,4.19
-3.14,-9.06,4.19
-2.63,-8.67,5.24
-2.61,-8.57,4.97
-2.61,-8.57,4.97
-2.61,-8.6,5.44
-2.61,-8.6,5.44
-2.61,-8.6,5.44
-2.04,-8.4,4.6
-2.04,-8.4,4.6
-2.04,-8.4,4.6
-2.21,-7.8,4.16
-2.21,-7.8,4.16
-2.21,-7.8,4.16
-1.99,-8.51,4.7
-2.15,-8.7,4.84
-2.15,-8.7,4.84
-2.49,-8.31,4.77
-2.49,-8.31,4.77
-2.49,-8.31,4.77
-2.53,-8.82,4.09
-2.53,-8.82,4.09
-2.53,-8.82,4.09
-1.88,-9.98,3.6
-1.88,-9.98,3.6
-1.88,-9.98,3.6
-2.09,-10.02,3.31
-2.42,-9.63,3.07
-2.42,-9.63,3.07
-2.9,-10.12,2.98
-2.9,-10.12,2.98
-2.9,-10.12,2.98
-3.19,-9.72,3.02
-3.19,-9.72,3.02
-3.19,-9.72,3.02
-2.67,-10.05,3.51
-2.67,-10.05,3.51
-2.67,-10.05,3.51
-2.09,-9.96,2.99
-2.09,-9.96,2.99
-2.09,-9.96,2.99
-1.51,-11.4,3.38
-1.51,-11.4,3.38
-1.32,-11.63,3.65
-1.35,-11.12,3.2
-1.35,-11.12,3.2
-1.35,-11.12,3.2
-0.86,-11.08,3.19
-0.86,-11.08,3.19
-0.86,-11.08,3.19
-0.05,-11.52,3.12
-0.05,-11.52,3.12
-0.05,-11.52,3.12
-0.27,-10.2,2.08
-0.27,-10.2,2.08
-0.27,-10.2,2.08
1.43,-10.11,1.9
1.43,-10.11,1.9
1.43,-10.11,1.9
0.93,-9.53,1.09
0.93,-9.53,1.09
0.93,-9.53,1.09
2.24,-9.12,0.46
2.24,-9.12,0.46
2.44,-8.0,0.14
2.44,-8.0,0.14
2.44,-8.0,0.14
2.61,-6.84,0.52
2.61,-6.84,0.52
2.61,-6.84,0.52
2.58,-4.19,-5.02
2.58,-4.19,-5.02
2.58,-4.19,-5.02
2.58,-1.78,-2.92
2.58,-1.78,-2.92
2.58,-1.78,-2.92
2.03,-1.36,-2.65
2.03,-1.36,-2.65
2.03,-1.36,-2.65
2.84,-0.79,-1.88
2.84,-0.79,-1.88
2.84,-0.79,-1.88
2.9,-1.55,-0.66
2.9,-1.55,-0.66
2.9,-1.55,-0.66
3.62,-3.3,-0.5
3.62,-3.3,-0.5
3.94,-3.95,-0.04
4.65,-5.39,1.32
4.65,-5.39,1.32
4.65,-5.39,1.32
4.67,-7.08,1.13
4.67,-7.08,1.13
4.67,-7.08,1.13
4.21,-8.87,3.24
4.21,-8.87,3.24
4.21,-8.87,3.24
3.38,-10.09,3.55
2.1,-8.89,3.51
2.1,-8.89,3.51
2.54,-10.58,5.51
3.32,-11.91,6.93
3.32,-11.91,6.93
1.77,-9.22,5.11
1.77,-9.22,5.11
1.77,-9.22,5.11
2.48,-11.05,7.33
2.48,-11.05,7.33
2.48,-11.05,7.33
1.43,-7.53,7.47
1.43,-7.53,7.47
0.67,-6.15,6.53
0.23,-9.17,7.67
0.23,-9.17,7.67
0.23,-9.17,7.67
0.89,-6.11,6.95
0.89,-6.11,6.95
0.89,-6.11,6.95
0.29,-8.21,6.65
0.29,-8.21,6.65
0.29,-8.21,6.65
0.0,-9.56,7.65
0.0,-9.56,7.65
0.0,-9.56,7.65
-1.11,-7.98,7.67
-1.11,-7.98,7.67
-1.11,-7.98,7.67
-1.55,-9.45,9.11
-1.55,-9.45,9.11
-1.55,-9.45,9.11
-1.71,-7.24,8.51
-1.71,-7.24,8.51
-1.71,-7.24,8.51
-1.41,-7.3,9.41
-1.41,-7.3,9.41
-1.41,-7.3,9.41
-3.43,-6.81,8.43
-3.43,-6.81,8.43
-3.43,-6.81,8.43
-2.36,-6.08,8.68
-2.36,-6.08,8.68
-2.36,-6.08,8.68
-3.44,-5.25,8.23
-3.44,-5.25,8.23
-3.44,-5.25,8.23
-3.24,-5.51,8.14
-3.24,-5.51,8.14
-3.52,-5.32,7.8
-3.43,-5.41,7.81
-3.43,-5.41,7.81
-3.43,-5.41,7.81
-3.27,-4.82,7.76
-3.27,-4.82,7.76
-3.4,-4.93,7.49
-3.4,-4.93,7.49
-3.4,-4.93,7.49
-3.33,-5.18,7.93
-3.33,-5.18,7.93
-3.31,-5.21,7.7
-2.78,-5.23,8.13
-2.78,-5.23,8.13
-2.78,-5.23,8.13
-3.2,-4.9,7.61
-3.2,-4.9,7.61
-3.2,-4.9,7.61
-3.23,-5.76,7.69
-3.23,-5.76,7.69
-3.23,-5.76,7.69
-2.92,-4.91,7.49
-3.2,-4.83,7.55
-3.2,-4.83,7.55
-2.76,-5.52,7.42
-2.76,-5.52,7.42
-2.76,-5.52,7.42
-2.07,-5.1,7.18
-2.07,-5.1,7.18
-2.07,-5.1,7.18
-2.38,-5.19,7.19
-2.38,-5.19,7.19
-2.25,-4.99,7.29
-2.68,-4.98,7.21
-3.28,-4.99,6.9
-3.28,-4.99,6.9
-4.61,-5.0,6.56
-4.61,-5.0,6.56
-4.61,-5.0,6.56
-4.17,-5.52,6.91
-4.17,-5.52,6.91
-4.17,-5.52,6.91
-8.58,-5.53,5.97
-8.58,-5.53,5.97
-6.85,-5.46,6.33
-6.43,-6.07,6.61
-5.68,-6.11,6.98
-5.68,-6.11,6.98
-5.32,-4.68,6.74
-5.32,-4.68,6.74
-5.32,-4.68,6.74
-4.85,-4.71,6.21
-4.85,-4.71,6.21
-4.85,-4.71,6.21
-6.0,-3.32,5.7
-6.0,-3.32,5.7
-6.48,-5.36,6.34
-6.48,-5.36,6.34
-6.48,-5.36,6.34
-6.63,-4.67,6.04
-6.63,-4.67,6.04
-6.63,-4.67,6.04
-5.22,-4.37,6.18
-5.22,-4.37,6.18
-5.22,-4.37,6.18
-5.18,-5.75,6.64
-5.18,-5.75,6.64
-4.85,-5.95,6.52
-4.95,-4.37,5.98
-4.95,-4.37,5.98
-4.95,-4.37,5.98
-4.72,-5.13,7.03
-4.72,-5.13,7.03
-4.72,-5.13,7.03
-5.63,-4.74,6.5
-5.63,-4.74,6.5
-5.63,-4.74,6.5
-5.64,-4.9,6.34
-5.64,-4.9,6.34
-5.64,-4.9,6.34
-5.36,-4.97,6.42
-5.36,-4.97,6.42
-5.36,-4.97,6.42
-5.63,-4.79,6.27
-5.63,-4.79,6.27
-5.63,-4.79,6.27
-5.7,-4.62,6.34
-5.7,-4.62,6.34
-5.7,-4.62,6.34
-5.4,-4.4,6.42
-5.4,-4.4,6.42
-5.47,-4.34,6.61
-5.69,-4.16,6.52
-5.69,-4.16,6.52
-5.69,-4.16,6.52
-5.5,-4.61,6.51
-5.5,-4.61,6.51
-5.5,-4.61,6.51
-5.39,-4.31,6.45
-5.39,-4.31,6.45
-5.39,-4.31,6.45
-5.56,-4.67,6.43
-5.56,-4.67,6.43
-5.56,-4.67,6.43
-5.69,-4.35,6.5
-5.69,-4.35,6.5
-5.69,-4.35,6.5
-5.82,-4.38,6.38
-5.82,-4.38,6.38
-5.82,-4.38,6.38
-5.75,-4.66,6.3
-5.75,-4.66,6.3
-5.75,-4.66,6.3
-5.66,-4.16,6.39
-5.66,-4.16,6.39
-5.66,-4.16,6.39
-5.39,-4.66,6.5
-5.39,-4.66,6.5
-5.39,-4.66,6.5
-5.41,-4.28,6.55
-5.41,-4.28,6.55
-5.41,-4.28,6.55
-5.47,-4.54,6.42
-5.47,-4.54,6.42
-5.47,-4.54,6.42
-5.55,-4.35,6.35
-5.55,-4.35,6.35
-5.81,-4.36,6.4
-5.7,-4.69,6.42
-5.7,-4.69,6.42
-5.7,-4.69,6.42
-5.4,-4.15,6.22
-5.4,-4.15,6.22
-5.4,-4.15,6.22
-5.7,-4.5,6.49
-5.7,-4.5,6.49
-5.7,-4.5,6.49
-5.65,-4.19,6.4
-5.65,-4.19,6.4
-5.65,-4.19,6.4
-5.68,-4.21,6.46
-5.68,-4.21,6.46
-5.68,-4.21,6.46
-5.56,-4.16,6.44
-5.56,-4.16,6.44
-5.56,-4.16,6.44
-5.59,-4.4,6.57
-5.59,-4.4,6.57
-5.59,-4.4,6.57
-5.65,-4.32,6.45
-5.65,-4.32,6.45
-5.65,-4.32,6.45
-5.73,-4.47,6.4
-5.62,-4.49,6.44
-5.62,-4.49,6.44
-5.76,-4.48,6.3
-5.76,-4.48,6.3
-5.76,-4.48,6.3
-5.8,-4.64,6.37
-5.8,-4.64,6.37
-5.8,-4.64,6.37
-6.26,-4.8,6.46
-6.24,-4.9,6.07
-6.24,-4.9,6.07
-6.1,-4.89,5.78
-6.1,-4.89,5.78
-6.1,-4.89,5.78
-6.25,-4.48,7.02
-6.25,-4.48,7.02
-6.25,-4.48,7.02
-5.71,-3.8,6.91
-5.71,-3.8,6.91
-5.71,-3.8,6.91
-4.54,-4.29,7.08
-4.54,-4.29,7.08
-3.92,-5.38,7.65
-3.92,-5.38,7.65
-3.92,-5.38,7.65
-3.97,-3.87,6.98
-3.97,-3.87,6.98
-3.97,-3.87,6.98
-4.26,-6.09,8.66
-4.26,-6.09,8.66
-4.26,-6.09,8.66
-3.72,-4.58,8.22
-3.72,-4.58,8.22
-3.38,-3.5,7.5
-4.12,-4.08,7.58
-4.12,-4.08,7.58
-4.12,-4.08,7.58
-3.69,-4.79,7.92
-3.69,-4.79,7.92
-3.69,-4.79,7.92
-3.01,-3.75,7.7
-3.01,-3.75,7.7
-3.01,-3.75,7.7
-2.87,-4.24,7.74
-2.87,-4.24,7.74
-2.87,-4.24,7.74
-2.68,-4.73,8.21
-2.68,-4.73,8.21
-2.68,-4.73,8.21
-2.29,-3.68,8.07
-2.29,-3.68,8.07
-2.29,-3.68,8.07
-2.21,-4.61,8.31
-2.21,-4.61,8.31
-2.21,-4.61,8.31
-2.21,-4.3,8.35
-2.21,-4.3,8.35
-2.16,-4.0,8.38
-2.44,-4.34,8.39
-2.44,-4.34,8.39
-2.44,-4.34,8.39
-2.61,-4.32,8.37
-2.61,-4.32,8.37
-2.61,-4.32,8.37
-2.86,-4.64,8.45
-2.86,-4.64,8.45
-2.86,-4.64,8.45
-2.75,-4.5,8.52
-2.75,-4.5,8.52
-2.75,-4.5,8.52
-3.09,-4.42,8.12
-3.09,-4.42,8.12
-3.09,-4.42,8.12
-3.16,-4.34,8.42
-3.16,-4.34,8.42
-3.16,-4.34,8.42
-3.08,-4.62,8.52
-3.08,-4.62,8.52
-2.74,-4.94,8.44
-2.54,-4.76,8.41
-2.54,-4.76,8.41
-2.46,-4.34,8.42
-2.61,-4.51,8.34
-2.61,-4.51,8.34
-2.61,-4.51,8.34
-2.78,-4.38,8.19
-2.78,-4.38,8.19
-2.78,-4.38,8.19
-3.08,-4.58,8.15
-3.08,-4.58,8.15
-3.08,-4.58,8.15
-3.02,-4.56,7.94
-3.02,-4.56,7.94
-3.02,-4.56,7.94
-3.0,-4.86,7.87
-3.0,-4.86,7.87
-3.0,-4.86,7.87
-3.46,-5.08,7.93
-3.46,-5.08,7.93
-3.46,-5.08,7.93
-2.78,-4.88,8.39
-2.78,-4.88,8.39
-2.78,-4.88,8.39
-3.26,-4.53,8.37
-3.32,-4.57,8.47
-3.32,-4.57,8.47
-3.22,-4.66,8.07
-3.22,-4.66,8.07
-3.22,-4.66,8.07
-3.18,-4.91,7.71
-3.18,-4.91,7.71
-3.18,-4.91,7.71
-3.42,-4.51,7.96
-3.42,-4.51,7.96
-3.45,-4.53,8.34
-3.3,-4.62,8.41
-3.09,-4.67,8.41
-3.09,-4.67,8.41
-2.92,-4.55,8.59
-2.92,-4.55,8.59
-2.92,-4.55,8.59
-2.44,-4.43,8.73
-2.44,-4.43,8.73
-2.44,-4.43,8.73
-2.62,-4.55,8.3
-2.62,-4.55,8.3
-2.62,-4.55,8.3
-2.81,-4.31,7.7
-2.81,-4.31,7.7
-2.81,-4.31,7.7
-3.16,-4.69,7.75
-3.16,-4.69,7.75
-3.16,-4.69,7.75
-3.31,-4.31,8.26
-3.31,-4.31,8.26
-3.31,-4.31,8.26
-2.75,-5.18,8.94
-2.75,-5.18,8.94
-2.75,-5.18,8.94
-2.28,-4.47,8.2
-2.28,-4.47,8.2
-2.28,-4.47,8.2
-2.26,-4.68,8.2
-2.26,-4.68,8.2
-2.26,-4.68,8.2
-2.49,-4.54,8.4
-2.49,-4.54,8.4
-2.49,-4.54,8.4
-2.72,-4.51,8.18
-2.72,-4.51,8.18
-2.72,-4.51,8.18
-3.04,-4.4,7.77
-3.04,-4.4,7.77
-3.04,-4.4,7.77
-3.18,-4.29,7.86
-3.18,-4.29,7.86
-3.18,-4.29,7.86
-2.97,-4.13,7.92
-2.97,-4.13,7.92
-2.97,-4.13,7.92
-2.68,-4.48,8.0
-2.68,-4.48,8.0
-2.56,-4.25,7.98
-3.14,-3.52,7.64
-3.14,-3.52,7.64
-3.14,-3.52,7.64
-3.27,-3.62,8.21
-3.27,-3.62,8.21
-3.27,-3.62,8.21
-2.89,-4.17,8.95
-2.89,-4.17,8.95
-2.89,-4.17,8.95
-2.43,-4.78,9.31
-2.43,-4.78,9.31
-2.43,-4.78,9.31
-2.49,-4.74,8.77
-2.49,-4.74,8.77
-2.49,-4.74,8.77
-2.7,-4.04,8.37
-2.7,-4.04,8.37
-2.7,-4.04,8.37
-2.94,-4.24,8.2
-2.94,-4.24,8.2
-2.94,-4.24,8.2
-3.07,-4.34,8.53
-3.07,-4.34,8.53
-3.07,-4.34,8.53
-2.98,-5.38,9.03
-2.98,-5.38,9.03
-2.98,-5.38,9.03
-2.48,-4.82,8.57
-2.48,-4.82,8.57
-2.23,-4.55,8.54
-2.23,-4.55,8.54
-2.23,-4.55,8.54
-2.87,-4.9,9.03
-2.87,-4.9,9.03
-2.87,-4.9,9.03
-3.17,-4.27,8.59
-3.17,-4.27,8.59
-2.95,-4.11,8.32
-2.69,-4.3,8.11
-2.69,-4.3,8.11
-2.69,-4.3,8.11
-2.38,-4.62,8.25
-2.38,-4.62,8.25
-2.38,-4.62,8.25
-2.79,-4.61,7.88
-2.79,-4.61,7.88
-2.79,-4.61,7.88
-3.18,-4.77,7.59
-3.18,-4.77,7.59
-3.08,-4.71,7.69
-3.06,-4.71,8.01
-3.06,-4.71,8.01
-3.06,-4.71,8.01
-2.99,-4.74,8.29
-2.99,-4.74,8.29
-2.99,-4.74,8.29
-3.14,-4.21,8.43
-3.14,-4.21,8.43
-3.14,-4.21,8.43
-3.29,-4.72,7.99
-3.29,-4.72,7.99
-3.29,-4.72,7.99
-2.88,-5.3,7.93
-2.88,-5.3,7.93
-2.88,-5.3,7.93
-2.71,-4.6,8.3
-2.71,-4.6,8.3
-2.71,-4.6,8.3
-2.98,-4.22,8.56
-2.98,-4.22,8.56
-2.98,-4.22,8.56
-3.3,-4.17,8.24
-3.3,-4.17,8.24
-3.3,-4.17,8.24
-3.39,-4.9,8.19
-3.39,-4.9,8.19
-3.39,-4.9,8.19
-3.29,-4.84,8.16
-3.29,-4.84,8.16
-3.29,-4.84,8.16
-3.11,-4.44,8.03
-3.11,-4.44,8.03
-2.86,-4.37,8.08
-2.9,-4.21,8.12
-2.9,-4.21,8.12
-2.9,-4.21,8.12
-3.25,-4.44,8.44
-3.25,-4.44,8.44
-3.25,-4.44,8.44
-3.26,-4.41,8.21
-3.26,-4.41,8.21
-3.26,-4.41,8.21
-3.33,-4.38,8.03
-3.33,-4.38,8.03
-3.33,-4.38,8.03
-3.18,-4.25,8.29
-3.18,-4.25,8.29
-3.18,-4.25,8.29
-3.31,-4.22,8.37
-3.31,-4.22,8.37
-3.31,-4.22,8.37
-3.3,-4.46,8.17
-3.3,-4.46,8.17
-3.3,-4.46,8.17
-3.29,-4.35,8.17
-3.29,-4.35,8.17
-3.5,-4.42,8.52
-3.13,-4.48,8.75
-3.13,-4.48,8.75
-3.13,-4.48,8.75
-2.83,-4.68,8.09
-2.83,-4.68,8.09
-2.83,-4.68,8.09
-3.41,-5.12,8.36
-3.41,-5.12,8.36
-3.41,-5.12,8.36
-2.74,-4.58,8.97
-2.74,-4.58,8.97
-2.97,-5.0,8.84
-2.62,-5.25,8.53
-2.62,-5.25,8.53
-2.62,-5.25,8.53
-2.64,-3.98,8.5
-2.64,-3.98,8.5
-2.64,-3.98,8.5
-2.83,-5.17,8.89
-2.83,-5.17,8.89
-2.83,-5.17,8.89
-3.01,-4.78,8.27
-3.01,-4.78,8.27
-3.09,-5.02,8.1
-2.38,-4.75,7.88
-2.38,-4.75,7.88
-2.38,-4.75,7.88
-2.2,-5.15,7.88
-2.2,-5.15,7.88
-2.2,-5.15,7.88
-2.65,-5.29,8.39
-2.65,-5.29,8.39
-2.65,-5.29,8.39
-2.73,-5.02,8.08
-2.73,-5.02,8.08
-2.73,-5.02,8.08
-2.03,-5.61,8.39
-2.03,-5.61,8.39
-2.03,-5.61,8.39
-2.11,-5.55,8.16
-2.11,-5.55,8.16
-2.11,-5.55,8.16
-2.29,-5.83,7.48
-2.29,-5.83,7.48
-2.29,-5.83,7.48
-2.26,-6.3,8.15
-2.26,-6.3,8.15
-2.26,-6.3,8.15
-1.46,-6.38,7.85
-1.46,-6.38,7.85
-1.46,-6.38,7.85
-1.56,-6.17,7.42
-1.56,-6.17,7.42
-1.56,-6.17,7.42
-1.62,-5.73,7.24
-1.62,-5.73,7.24
-1.7,-6.62,7.37
-1.7,-6.64,7.36
-1.7,-6.64,7.36
-1.7,-6.64,7.36
-1.61,-6.75,7.14
-1.61,-6.75,7.14
-1.61,-6.75,7.14
-1.56,-6.71,7.31
-1.56,-6.71,7.31
-1.56,-6.71,7.31
-1.96,-5.87,6.53
-1.96,-5.87,6.53
-1.96,-5.87,6.53
-1.62,-6.81,6.88
-1.62,-6.81,6.88
-1.62,-6.81,6.88
-1.74,-6.83,6.45
-1.74,-6.83,6.45
-1.74,-6.83,6.45
-1.36,-8.25,6.82
-1.36,-8.25,6.82
-1.36,-8.25,6.82
-1.02,-8.02,6.68
-1.02,-8.02,6.68
-1.02,-8.02,6.68
-0.97,-8.89,6.61
-0.97,-8.89,6.61
-1.15,-8.62,6.64
-1.38,-8.84,6.13
-1.38,-8.84,6.13
-1.38,-8.84,6.13
-1.09,-9.01,6.13
-1.09,-9.01,6.13
-1.09,-9.01,6.13
-0.52,-8.37,6.08
-0.52,-8.37,6.08
-0.23,-8.71,5.83
-0.01,-8.6,5.77
-0.01,-8.6,5.77
-0.03,-8.55,4.76
-0.03,-8.55,4.76
-0.03,-8.55,4.76
-0.89,-9.28,4.22
-0.89,-9.28,4.22
-0.89,-9.28,4.22
-0.8,-9.04,4.06
-0.8,-9.04,4.06
-0.8,-9.04,4.06
-0.82,-9.46,3.74
-0.82,-9.46,3.74
-0.82,-9.46,3.74
-0.13,-9.13,3.04
-0.13,-9.13,3.04
-0.13,-9.13,3.04
0.25,-9.37,2.67
0.25,-9.37,2.67
0.25,-9.37,2.67
0.45,-9.77,2.41
0.45,-9.77,2.41
0.45,-9.77,2.41
0.37,-9.22,1.61
0.43,-9.23,1.47
0.43,-9.23,1.47
0.58,-9.87,1.11
0.58,-9.87,1.11
0.58,-9.87,1.11
1.08,-9.3,0.73
1.08,-9.3,0.73
1.08,-9.3,0.73
1.1,-9.15,0.52
1.1,-9.15,0.52
1.1,-9.15,0.52
1.68,-9.18,0.13
1.68,-9.18,0.13
1.71,-9.41,0.05
1.08,-9.85,-0.33
1.08,-9.85,-0.33
1.08,-9.85,-0.33
1.21,-8.65,-1.03
1.21,-8.65,-1.03
1.21,-8.65,-1.03
0.62,-9.89,-0.19
0.62,-9.89,-0.19
0.62,-9.89,-0.19
2.14,-8.6,0.33
2.14,-8.6,0.33
1.55,-6.73,-5.93
2.07,-10.65,-3.15
2.07,-10.65,-3.15
2.07,-10.65,-3.15
2.42,-7.96,-3.13
2.42,-7.96,-3.13
2.42,-7.96,-3.13
2.04,-7.53,-3.61
2.04,-7.53,-3.61
2.05,-7.35,-3.66
2.22,-6.9,-3.6
2.03,-6.95,-3.64
2.03,-6.95,-3.64
1.96,-8.61,-4.08
1.96,-8.61,-4.08
1.96,-8.61,-4.08
2.13,-6.64,-4.43
2.13,-6.64,-4.43
2.13,-6.64,-4.43
2.52,-7.06,-4.29
2.52,-7.06,-4.29
2.52,-7.06,-4.29
2.98,-6.39,-4.22
2.98,-6.39,-4.22
2.98,-6.39,-4.22
2.62,-6.84,-4.15
2.62,-6.84,-4.15
2.62,-6.84,-4.15
2.21,-6.29,-4.77
2.21,-6.29,-4.77
2.21,-6.29,-4.77
2.28,-7.42,-5.03
2.28,-7.42,-5.03
2.24,-7.24,-5.17
2.88,-7.63,-4.75
2.82,-7.47,-4.66
2.82,-7.47,-4.66
2.41,-7.54,-5.11
2.41,-7.54,-5.11
2.41,-7.54,-5.11
2.64,-7.35,-4.94
2.64,-7.35,-4.94
2.64,-7.35,-4.94
2.64,-7.36,-4.79
2.64,-7.36,-4.79
2.37,-7.12,-5.11
2.28,-8.02,-5.16
2.42,-8.95,-5.1
2.42,-8.95,-5.1
2.43,-7.19,-4.89
2.43,-7.19,-4.89
2.43,-7.19,-4.89
2.34,-8.19,-5.17
2.34,-8.19,-5.17
2.34,-8.19,-5.17
2.48,-8.06,-4.83
2.48,-8.06,-4.83
2.55,-7.77,-4.85
2.3,-8.28,-4.73
2.3,-8.28,-4.73
2.3,-8.28,-4.73
1.98,-7.38,-4.76
1.98,-7.38,-4.76
1.98,-7.38,-4.76
2.22,-8.4,-4.82
2.22,-8.4,-4.82
2.22,-8.4,-4.82
1.72,-8.09,-4.98
1.72,-8.09,-4.98
1.72,-8.09,-4.98
1.79,-7.19,-4.9
1.79,-7.19,-4.9
1.79,-7.19,-4.9
1.63,-8.51,-4.84
1.63,-8.51,-4.84
1.63,-8.51,-4.84
2.14,-8.45,-4.51
2.14,-8.45,-4.51
2.14,-8.45,-4.51
1.99,-8.54,-4.89
1.97,-8.27,-4.9
1.97,-8.27,-4.9
1.63,-7.78,-4.89
1.63,-7.78,-4.89
1.63,-7.78,-4.89
1.62,-7.73,-5.01
1.62,-7.73,-5.01
1.62,-7.73,-5.01
1.45,-8.2,-5.01
1.45,-8.2,-5.01
1.45,-8.2,-5.01
1.69,-7.8,-4.69
1.69,-7.8,-4.69
1.86,-7.95,-4.51
1.75,-7.97,-4.65
1.52,-7.89,-4.77
1.52,-7.89,-4.77
1.71,-8.36,-4.68
1.71,-8.36,-4.68
1.71,-8.36,-4.68
1.52,-8.27,-4.76
1.52,-8.27,-4.76
1.52,-8.27,-4.76
1.52,-8.04,-4.68
1.52,-8.04,-4.68
1.52,-8.04,-4.68
1.57,-8.0,-4.65
1.57,-8.0,-4.65
1.57,-8.0,-4.65
1.48,-8.2,-4.78
1.48,-8.2,-4.78
1.48,-8.2,-4.78
1.35,-8.1,-4.67
1.35,-8.1,-4.67
1.35,-8.1,-4.67
1.36,-8.43,-4.58
1.36,-8.43,-4.58
1.36,-8.43,-4.58
1.51,-8.37,-4.63
1.51,-8.37,-4.63
1.49,-7.96,-4.65
1.49,-7.96,-4.65
1.49,-7.96,-4.65
1.5,-8.12,-4.55
1.5,-8.12,-4.55
1.5,-8.12,-4.55
1.38,-7.94,-4.59
1.38,-7.94,-4.59
1.38,-7.94,-4.59
1.44,-8.53,-4.66
1.44,-8.53,-4.66
1.44,-8.53,-4.66
1.48,-8.27,-4.35
1.48,-8.27,-4.35
1.48,-8.27,-4.35
1.44,-8.43,-4.5
1.44,-8.43,-4.5
1.44,-8.43,-4.5
1.4,-8.1,-4.51
1.4,-8.1,-4.51
1.37,-7.93,-4.53
1.35,-8.16,-4.69
1.35,-8.16,-4.69
1.35,-8.16,-4.69
1.47,-8.32,-4.61
1.47,-8.32,-4.61
1.47,-8.32,-4.61
1.32,-8.2,-4.44
1.32,-8.2,-4.44
1.32,-8.2,-4.44
1.35,-8.47,-4.3
1.35,-8.47,-4.3
1.28,-8.27,-4.5
1.64,-8.28,-4.36
1.64,-8.28,-4.36
1.64,-8.28,-4.36
1.28,-8.0,-4.43
1.28,-8.0,-4.43
1.28,-8.0,-4.43
1.39,-8.18,-4.42
1.39,-8.18,-4.42
1.39,-8.18,-4.42
1.33,-8.05,-4.5
1.33,-8.05,-4.5
1.36,-8.12,-4.74
1.56,-8.23,-4.73
1.56,-8.23,-4.73
1.56,-8.23,-4.73
1.63,-8.11,-4.53
1.63,-8.11,-4.53
1.63,-8.11,-4.53
1.28,-8.09,-4.4
1.28,-8.09,-4.4
1.28,-8.09,-4.4
1.16,-8.72,-4.47
1.16,-8.72,-4.47
1.31,-8.62,-4.46
1.55,-7.92,-4.28
1.55,-7.92,-4.28
1.55,-7.92,-4.28
1.27,-8.14,-4.33
1.27,-8.14,-4.33
1.27,-8.14,-4.33
1.17,-8.21,-4.26
1.17,-8.21,-4.26
1.17,-8.21,-4.26
1.47,-8.05,-4.43
1.47,-8.05,-4.43
1.47,-8.05,-4.43
1.45,-8.38,-4.35
1.45,-8.38,-4.35
1.45,-8.38,-4.35
1.38,-8.61,-4.19
1.38,-8.61,-4.19
1.38,-8.61,-4.19
1.53,-7.79,-4.3
1.53,-7.79,-4.3
1.53,-7.79,-4.3
1.58,-8.14,-3.97
1.58,-8.14,-3.97
1.62,-8.31,-3.98
1.2,-8.47,-3.96
1.2,-8.47,-3.96
1.28,-8.68,-3.89
1.28,-8.68,-3.89
1.28,-8.68,-3.89
0.26,-8.69,-4.42
0.26,-8.69,-4.42
0.6,-8.9,-4.42
1.69,-9.22,-3.97
1.69,-9.22,-3.97
2.24,-8.73,-3.24
1.13,-7.51,-3.67
1.13,-7.51,-3.67
1.13,-7.51,-3.67
0.95,-8.36,-4.36
0.95,-8.36,-4.36
0.95,-8.36,-4.36
0.55,-8.87,-4.23
0.55,-8.87,-4.23
0.55,-8.87,-4.23
0.71,-8.73,-4.04
0.71,-8.73,-4.04
1.69,-8.6,-3.79
1.38,-7.38,-4.0
1.38,-7.38,-4.0
1.38,-7.38,-4.0
1.69,-8.55,-3.82
1.69,-8.55,-3.82
1.69,-8.55,-3.82
0.74,-7.68,-4.03
0.74,-7.68,-4.03
1.14,-7.59,-4.16
2.24,-8.16,-3.91
2.24,-8.16,-3.91
2.4,-8.54,-3.81
2.28,-9.27,-3.91
2.28,-9.27,-3.91
2.28,-9.27,-3.91
0.94,-9.58,-3.78
0.94,-9.58,-3.78
0.94,-9.58,-3.78
0.11,-8.35,-4.19
0.11,-8.35,-4.19
1.68,-8.74,-4.03
1.79,-9.2,-3.56
1.23,-8.66,-3.31
1.23,-8.66,-3.31
2.14,-7.51,-3.7
2.14,-7.51,-3.7
2.14,-7.51,-3.7
1.84,-9.48,-3.79
1.84,-9.48,-3.79
1.84,-9.48,-3.79
0.69,-9.14,-4.22
0.69,-9.14,-4.22
0.69,-9.14,-4.22
0.15,-9.05,-4.09
0.15,-9.05,-4.09
0.15,-9.05,-4.09
0.94,-10.05,-3.0
0.94,-10.05,-3.0
0.94,-10.05,-3.0
1.28,-9.06,-4.66
1.28,-9.06,-4.66
1.28,-9.06,-4.66
1.39,-11.17,-4.42
1.39,-11.17,-4.42
1.35,-10.17,-3.6
1.96,-7.84,-2.92
1.65,-5.55,-3.77
1.65,-5.55,-3.77
1.08,-7.22,-5.16
1.08,-7.22,-5.16
1.08,-7.22,-5.16
0.26,-9.95,-3.88
0.26,-9.95,-3.88
0.26,-9.95,-3.88
0.63,-7.48,-4.62
0.63,-7.48,-4.62
0.63,-7.48,-4.62
0.73,-9.06,-4.67
0.85,-8.95,-4.98
0.85,-8.95,-4.98
0.94,-7.43,-4.89
0.94,-7.43,-4.89
0.94,-7.43,-4.89
1.62,-8.47,-4.78
1.62,-8.47,-4.78
1.62,-8.47,-4.78
-0.95,-7.32,-4.8
-0.95,-7.32,-4.8
0.37,-9.24,-4.23
-0.79,-7.57,-4.88
-0.79,-7.57,-4.88
-0.79,-7.57,-4.88
-0.6,-7.22,-5.93
-0.6,-7.22,-5.93
-0.6,-7.22,-5.93
-0.4,-7.64,-6.72
-0.4,-7.64,-6.72
-0.4,-7.64,-6.72
2.42,-6.75,-5.74
2.42,-6.75,-5.74
0.69,-6.16,-6.21
0.57,-7.21,-5.68
0.57,-7.21,-5.68
0.57,-7.21,-5.68
-0.92,-7.09,-5.62
-0.92,-7.09,-5.62
-0.92,-7.09,-5.62
0.34,-5.74,-6.3
0.34,-5.74,-6.3
0.34,-5.74,-6.3
0.38,-6.96,-6.14
0.38,-6.96,-6.14
0.38,-6.96,-6.14
0.93,-5.87,-5.01
0.93,-5.87,-5.01
-2.77,-7.79,-6.09
-2.77,-7.79,-6.09
-2.77,-7.79,-6.09
1.38,-7.02,-4.88
1.38,-7.02,-4.88
1.38,-7.02,-4.88
-1.03,-7.91,-6.52
-1.03,-7.91,-6.52
1.61,-7.01,-5.8
0.16,-8.42,-5.25
-2.14,-7.92,-6.74
-2.14,-7.92,-6.74
0.62,-9.32,-4.98
0.62,-9.32,-4.98
0.62,-9.32,-4.98
-1.09,-5.15,-6.02
-1.09,-5.15,-6.02
-1.09,-5.15,-6.02
-0.1,-8.89,-5.17
-0.1,-8.89,-5.17
-0.1,-8.89,-5.17
-1.59,-8.5,-5.39
-1.59,-8.5,-5.39
-1.59,-8.5,-5.39
-1.1,-5.98,-6.24
-1.1,-5.98,-6.24
-1.1,-5.98,-6.24
-0.72,-7.57,-5.57
-0.72,-7.57,-5.57
-0.72,-7.57,-5.57
0.25,-5.82,-6.24
0.25,-5.82,-6.24
0.44,-5.89,-5.99
-1.14,-6.06,-5.98
-1.14,-6.06,-5.98
-1.14,-6.06,-5.98
-1.11,-7.57,-5.2
-1.11,-7.57,-5.2
-1.11,-7.57,-5.2
-0.26,-5.39,-6.57
-0.26,-5.39,-6.57
-0.26,-5.39,-6.57
-0.48,-9.67,-5.93
-0.48,-9.67,-5.93
-0.48,-9.67,-5.93
-0.81,-6.32,-6.27
-0.63,-7.63,-6.04
-0.63,-7.63,-6.04
-0.87,-5.88,-6.18
-0.87,-5.88,-6.18
-0.87,-5.88,-6.18
0.0,-7.66,-5.66
0.0,-7.66,-5.66
0.0,-7.66,-5.66
-1.03,-7.59,-6.6
-1.03,-7.59,-6.6
-1.03,-7.59,-6.6
-0.36,-6.44,-6.39
-0.36,-6.44,-6.39
-0.36,-6.44,-6.39
-1.3,-7.3,-6.13
-1.3,-7.3,-6.13
-1.3,-7.3,-6.13
-0.4,-7.32,-6.05
-0.4,-7.32,-6.05
-0.4,-7.32,-6.05
-1.09,-6.81,-6.23
-1.09,-6.81,-6.23
-0.62,-6.96,-6.5
-0.75,-7.36,-5.97
-0.75,-7.36,-5.97
-0.75,-7.36,-5.97
-0.08,-6.8,-5.85
-0.08,-6.8,-5.85
-0.08,-6.8,-5.85
-1.8,-6.24,-6.41
-1.8,-6.24,-6.41
-1.8,-6.24,-6.41
0.63,-7.09,-6.21
0.63,-7.09,-6.21
-0.05,-6.93,-6.17
-0.05,-6.93,-6.17
-0.05,-6.93,-6.17
-0.51,-5.73,-5.91
-0.51,-5.73,-5.91
-0.39,-7.42,-6.12
-0.39,-7.42,-6.12
-0.39,-7.42,-6.12
-1.02,-6.98,-6.22
-1.02,-6.98,-6.22
-0.97,-6.54,-6.49
-0.59,-7.63,-6.33
-0.59,-7.63,-6.33
-0.59,-7.63,-6.33
-0.15,-6.16,-6.43
-0.15,-6.16,-6.43
-0.15,-6.16,-6.43
-0.84,-7.07,-6.05
-0.84,-7.07,-6.05
-0.84,-7.07,-6.05
-0.42,-6.43,-6.21
-0.42,-6.43,-6.21
-0.1,-7.09,-6.07
-0.66,-6.51,-6.54
-0.66,-6.51,-6.54
-0.66,-6.51,-6.54
-0.11,-7.36,-6.36
-0.11,-7.36,-6.36
-0.11,-7.36,-6.36
-1.03,-6.47,-6.58
-1.03,-6.47,-6.58
-1.03,-6.47,-6.58
-0.31,-7.18,-5.74
-0.31,-7.18,-5.74
-1.09,-6.58,-5.95
-0.27,-6.87,-6.44
-0.27,-6.87,-6.44
-0.27,-6.87,-6.44
-0.49,-6.5,-6.39
-0.49,-6.5,-6.39
-0.49,-6.5,-6.39
-0.59,-7.55,-6.42
-0.59,-7.55,-6.42
-0.59,-7.55,-6.42
-0.69,-6.44,-6.15
-0.69,-6.44,-6.15
-0.79,-6.25,-6.28
-0.31,-6.34,-6.37
-0.31,-6.34,-6.37
-0.31,-6.34,-6.37
-0.51,-6.77,-6.52
-0.51,-6.77,-6.52
-0.51,-6.77,-6.52
-0.16,-6.36,-6.68
-0.16,-6.36,-6.68
-0.63,-6.77,-6.24
-1.01,-7.23,-6.35
-1.01,-7.23,-6.35
-0.68,-6.65,-6.48
-0.49,-6.65,-6.47
-0.49,-6.65,-6.47
-0.49,-6.65,-6.47
-0.34,-6.13,-6.41
-0.34,-6.13,-6.41
-0.34,-6.13,-6.41
-0.43,-7.31,-6.17
-0.43,-7.31,-6.17
-0.54,-6.56,-6.69
-0.5,-6.41,-6.74
-0.5,-6.41,-6.74
-0.46,-7.01,-6.3
-0.31,-6.21,-6.5
-0.31,-6.21,-6.5
-0.31,-6.21,-6.5
-0.74,-7.36,-6.4
-0.74,-7.36,-6.4
-0.74,-7.36,-6.4
-0.27,-5.99,-6.3
-0.27,-5.99,-6.3
-0.86,-6.59,-6.73
-1.01,-6.99,-6.32
-0.81,-6.8,-5.92
-0.81,-6.8,-5.92
-0.48,-7.29,-6.57
-0.48,-7.29,-6.57
-0.48,-7.29,-6.57
-0.85,-6.46,-6.53
-0.85,-6.46,-6.53
-0.85,-6.46,-6.53
-0.2,-6.86,-6.46
-0.2,-6.86,-6.46
-0.2,-6.86,-6.46
-0.85,-6.58,-6.16
-0.85,-6.58,-6.16
-0.85,-6.58,-6.16
-1.18,-6.93,-6.08
-1.18,-6.93,-6.08
-1.18,-6.93,-6.08
-0.34,-6.64,-6.32
-0.34,-6.64,-6.32
-0.34,-6.64,-6.32
-0.86,-7.13,-6.46
-0.86,-7.13,-6.46
-0.93,-6.33,-6.58
0.02,-6.09,-6.44
0.02,-6.09,-6.44
-0.11,-6.91,-6.34
-0.6,-6.76,-6.32
-0.6,-6.76,-6.32
-0.6,-6.76,-6.32
-0.39,-7.43,-6.32
-0.39,-7.43,-6.32
-0.39,-7.43,-6.32
-0.49,-6.66,-6.17
-0.49,-6.66,-6.17
-0.49,-6.66,-6.17
-0.42,-6.08,-6.28
-0.42,-6.08,-6.28
-0.44,-6.54,-6.75
-0.01,-7.14,-6.14
-0.01,-7.14,-6.14
-0.01,-7.14,-6.14
-0.9,-7.0,-6.5
-0.9,-7.0,-6.5
-0.9,-7.0,-6.5
-0.47,-6.55,-6.36
-0.47,-6.55,-6.36
-0.47,-6.55,-6.36
-0.02,-6.12,-6.21
-0.02,-6.12,-6.21
-0.02,-6.12,-6.21
-0.77,-7.22,-6.64
-0.77,-7.22,-6.64
-0.77,-7.22,-6.64
-0.01,-6.56,-6.57
-0.01,-6.56,-6.57
-0.01,-6.56,-6.57
-1.32,-7.08,-6.29
-1.32,-7.08,-6.29
-1.32,-7.08,-6.29
-0.13,-6.87,-6.39
-0.13,-6.87,-6.39
-0.57,-6.97,-6.12
-0.57,-6.97,-6.12
-0.57,-6.97,-6.12
-1.13,-6.35,-6.74
-1.13,-6.35,-6.74
-1.13,-6.35,-6.74
0.06,-6.36,-6.16
0.06,-6.36,-6.16
0.01,-6.4,-6.27
-0.68,-6.79,-6.56
-0.68,-6.79,-6.56
-0.68,-6.79,-6.56
-0.69,-6.28,-6.33
-0.69,-6.28,-6.33
-0.69,-6.28,-6.33
-0.16,-6.87,-6.57
-0.16,-6.87,-6.57
-0.16,-6.87,-6.57
-0.28,-6.52,-6.21
-0.28,-6.52,-6.21
-0.51,-6.8,-6.67
-1.1,-6.9,-6.56
-1.1,-6.9,-6.56
-0.47,-6.84,-6.13
-0.77,-6.52,-6.61
-0.77,-6.52,-6.61
-0.77,-6.52,-6.61
-0.21,-6.89,-6.23
-0.21,-6.89,-6.23
-0.21,-6.89,-6.23
-1.48,-7.05,-6.69
-1.48,-7.05,-6.69
-1.48,-7.05,-6.69
0.37,-6.5,-5.97
0.24,-6.29,-6.48
0.24,-6.29,-6.48
-0.7,-7.32,-6.39
-0.7,-7.32,-6.39
-0.7,-7.32,-6.39
-0.34,-6.31,-6.43
-0.34,-6.31,-6.43
-0.34,-6.31,-6.43
-0.86,-7.14,-6.1
-0.86,-7.14,-6.1
-0.86,-7.14,-6.1
0.07,-6.44,-6.48
-0.81,-7.07,-6.79
-0.81,-7.07,-6.79
0.37,-6.47,-5.73
0.37,-6.47,-5.73
0.37,-6.47,-5.73
-1.45,-7.25,-6.75
-1.45,-7.25,-6.75
-1.45,-7.25,-6.75
-0.1,-6.81,-5.94
-0.1,-6.81,-5.94
-0.1,-6.81,-5.94
-0.79,-6.75,-6.75
-0.68,-6.98,-6.24
-0.68,-6.98,-6.24
-0.2,-6.47,-6.42
-0.2,-6.47,-6.42
-0.2,-6.47,-6.42
-0.38,-7.17,-5.99
-0.38,-7.17,-5.99
-0.38,-7.17,-5.99
-0.12,-6.57,-6.24
-0.12,-6.57,-6.24
-0.12,-6.57,-6.24
-0.85,-7.11,-6.18
0.89,-6.5,-5.65
0.89,-6.5,-5.65
-1.38,-7.16,-6.93
-1.38,-7.16,-6.93
-1.38,-7.16,-6.93
0.18,-6.63,-6.0
0.18,-6.63,-6.0
0.18,-6.63,-6.0
-0.97,-6.72,-6.74
-0.97,-6.72,-6.74
-0.97,-6.72,-6.74
0.23,-6.89,-5.83
-0.11,-6.48,-6.33
-0.11,-6.48,-6.33
-0.4,-7.14,-6.12
-0.4,-7.14,-6.12
-0.4,-7.14,-6.12
-0.27,-6.42,-6.51
-0.27,-6.42,-6.51
-0.27,-6.42,-6.51
-0.0,-7.41,-6.11
-0.0,-7.41,-6.11
-0.0,-7.41,-6.11
-0.86,-6.32,-6.59
-0.95,-7.21,-6.69
-0.95,-7.21,-6.69
0.43,-6.74,-5.55
0.43,-6.74,-5.55
0.43,-6.74,-5.55
-0.57,-7.05,-6.82
-0.57,-7.05,-6.82
-0.57,-7.05,-6.82
-0.01,-7.15,-5.65
-0.22,-6.66,-6.0
-0.22,-6.66,-6.0
-0.75,-6.66,-6.86
-0.8,-7.2,-6.4
-0.8,-7.2,-6.4
0.12,-6.35,-6.02
0.12,-6.35,-6.02
0.12,-6.35,-6.02
-0.68,-7.24,-6.55
-0.68,-7.24,-6.55
0.04,-6.64,-5.94
-0.33,-6.6,-5.93
-0.33,-6.6,-5.93
-0.92,-6.96,-6.75
-0.1,-7.33,-5.99
-0.1,-7.33,-5.99
-0.1,-7.33,-5.99
-0.36,-6.87,-6.74
-0.36,-6.87,-6.74
-0.36,-6.87,-6.74
-0.54,-6.89,-5.84
-0.54,-6.89,-5.84
0.1,-6.09,-6.1
-0.44,-6.56,-6.35
-0.44,-6.56,-6.35
-0.73,-7.24,-5.74
-0.59,-6.34,-6.45
-0.59,-6.34,-6.45
-0.59,-6.34,-6.45
0.76,-7.21,-7.22
0.76,-7.21,-7.22
0.76,-7.21,-7.22
5.21,-7.25,-8.09
5.21,-7.25,-8.09
