aX,aY,aZ
-18.36,-3.55,-0.33
27.44,0.85,-3.07
27.44,0.85,-3.07
27.44,0.85,-3.07
1.79,-12.14,-8.87
1.79,-12.14,-8.87
1.79,-12.14,-8.87
0.72,-8.12,-5.25
0.72,-8.12,-5.25
0.72,-8.12,-5.25
-1.19,-9.24,-4.53
-1.19,-9.24,-4.53
-1.19,-9.24,-4.53
-1.43,-9.7,-3.99
-1.43,-9.7,-3.99
-1.43,-9.7,-3.99
0.41,-6.64,-4.96
0.7,-6.23,-5.61
0.7,-6.23,-5.61
1.2,-7.5,-5.48
1.2,-7.5,-5.48
1.2,-7.5,-5.48
1.5,-8.63,-5.38
1.5,-8.63,-5.38
1.5,-8.63,-5.38
0.81,-6.72,-5.81
0.81,-6.72,-5.81
0.81,-6.72,-5.81
1.42,-8.14,-4.87
1.42,-8.14,-4.87
1.42,-8.14,-4.87
0.71,-7.7,-5.37
0.71,-7.7,-5.37
0.71,-7.7,-5.37
1.78,-7.36,-4.93
1.78,-7.36,-4.93
1.78,-7.36,-4.93
1.99,-7.4,-4.81
1.99,-7.4,-4.81
1.99,-7.4,-4.81
1.99,-8.45,-5.07
1.99,-8.45,-5.07
1.81,-8.14,-5.1
1.71,-7.79,-4.87
1.71,-7.79,-4.87
1.71,-7.79,-4.87
2.01,-7.27,-4.5
2.01,-7.27,-4.5
2.01,-7.27,-4.5
1.93,-8.09,-4.38
1.93,-8.09,-4.38
1.93,-8.09,-4.38
2.61,-8.01,-3.93
2.61,-8.01,-3.93
2.03,-7.86,-3.88
2.03,-7.86,-3.88
2.03,-7.86,-3.88
3.07,-7.91,-3.6
3.07,-7.91,-3.6
3.07,-7.91,-3.6
2.6,-9.4,-3.32
2.6,-9.4,-3.32
2.6,-9.4,-3.32
2.28,-7.24,-2.89
2.28,-7.24,-2.89
2.28,-7.24,-2.89
2.83,-5.97,-2.41
2.83,-5.97,-2.41
2.83,-5.97,-2.41
3.06,-7.82,-2.48
3.06,-7.82,-2.48
3.06,-7.82,-2.48
3.48,-7.9,-1.58
3.48,-7.9,-1.58
3.48,-7.9,-1.58
2.77,-7.18,-1.66
2.77,-7.18,-1.66
2.77,-7.18,-1.66
3.32,-6.68,0.25
3.32,-6.68,0.25
3.32,-6.68,0.25
2.78,-6.26,0.79
2.78,-6.26,0.79
2.78,-6.26,0.79
2.06,-6.34,0.44
2.06,-6.34,0.44
2.06,-6.34,0.44
2.99,-8.07,5.06
2.99,-8.07,5.06
2.99,-8.07,5.06
1.16,-7.39,5.27
1.16,-7.39,5.27
1.16,-7.39,5.27
1.01,-8.83,6.39
1.01,-8.83,6.39
1.01,-8.83,6.39
0.23,-9.76,7.92
0.23,-9.76,7.92
0.52,-8.14,6.97
-0.24,-7.66,6.34
-0.24,-7.66,6.34
-0.07,-8.69,8.13
-0.07,-8.69,8.13
-0.07,-8.69,8.13
0.02,-8.15,7.61
0.02,-8.15,7.61
0.02,-8.15,7.61
-0.8,-7.44,8.54
-0.8,-7.44,8.54
-0.73,-6.55,8.74
-1.54,-6.34,8.73
-2.07,-6.61,8.76
-2.07,-6.61,8.76
-1.98,-7.48,8.75
-1.98,-7.48,8.75
-1.98,-7.48,8.75
-4.65,-6.63,8.96
-4.65,-6.63,8.96
-4.65,-6.63,8.96
-5.43,-6.11,8.22
-5.43,-6.11,8.22
-5.1,-6.83,8.85
-6.05,-7.19,8.88
-6.82,-6.08,8.15
-6.82,-6.08,8.15
-5.82,-4.92,7.02
-5.82,-4.92,7.02
-5.82,-4.92,7.02
-4.82,-5.47,7.1
-4.82,-5.47,7.1
-4.82,-5.47,7.1
-4.87,-3.76,6.18
-4.87,-3.76,6.18
-4.75,-4.02,6.47
-4.4,-4.88,7.05
-4.4,-4.88,7.05
-4.4,-4.88,7.05
-5.25,-4.33,6.71
-5.25,-4.33,6.71
-5.25,-4.33,6.71
-5.12,-4.17,6.47
-5.12,-4.17,6.47
-5.12,-4.17,6.47
-5.08,-4.92,6.26
-5.08,-4.92,6.26
-5.08,-4.92,6.26
-4.35,-6.76,7.41
-4.35,-6.76,7.41
-4.35,-6.76,7.41
-4.0,-5.3,6.95
-4.0,-5.3,6.95
-4.0,-5.3,6.95
-4.43,-4.38,6.64
-4.43,-4.38,6.64
-4.43,-4.38,6.64
-5.44,-4.52,6.91
-5.44,-4.52,6.91
-5.44,-4.52,6.91
-5.57,-4.59,7.62
-5.37,-5.07,7.82
-5.37,-5.07,7.82
-5.51,-4.41,8.29
-5.51,-4.41,8.29
-5.51,-4.41,8.29
-5.6,-3.82,7.83
-5.6,-3.82,7.83
-5.6,-3.82,7.83
-5.2,-3.56,6.76
-5.2,-3.56,6.76
-5.18,-3.38,6.84
-4.88,-3.29,7.47
-4.88,-3.29,7.47
-4.88,-3.29,7.47
-5.08,-2.26,7.4
-5.08,-2.26,7.4
-5.08,-2.26,7.4
-5.36,-3.58,7.56
-5.36,-3.58,7.56
-5.36,-3.58,7.56
-5.23,-3.73,7.2
-5.43,-3.67,6.91
-5.43,-3.67,6.91
-5.77,-3.92,6.8
-5.77,-3.92,6.8
-5.77,-3.92,6.8
-5.4,-3.24,6.38
-5.4,-3.24,6.38
-5.4,-3.24,6.38
-4.73,-3.53,6.85
-4.73,-3.53,6.85
-4.73,-3.53,6.85
-4.92,-2.62,6.62
-4.92,-2.62,6.62
-4.92,-2.62,6.62
-6.94,-3.28,6.89
-6.94,-3.28,6.89
-6.94,-3.28,6.89
-6.93,-2.1,6.97
-6.93,-2.1,6.97
-6.93,-2.1,6.97
-7.07,-2.07,6.48
-7.07,-2.07,6.48
-7.07,-2.07,6.48
-7.72,-2.97,7.04
-7.72,-2.97,7.04
-7.72,-2.97,7.04
-7.06,-3.11,6.51
-7.06,-3.11,6.51
-7.06,-3.11,6.51
-6.63,-3.38,6.08
-6.63,-3.38,6.08
-6.63,-3.38,6.08
-5.93,-3.3,6.24
-5.93,-3.3,6.24
-5.93,-3.3,6.24
-5.17,-3.36,2.49
-5.17,-3.36,2.49
-5.17,-3.36,2.49
-5.19,-3.5,6.95
-5.19,-3.5,6.95
-5.19,-3.5,6.95
-8.65,-8.28,7.93
-8.65,-8.28,7.93
-8.65,-8.28,7.93
-8.27,-2.31,7.14
-8.27,-2.31,7.14
-8.27,-2.31,7.14
-8.29,-5.41,8.02
-8.29,-5.41,8.02
-7.79,-6.76,8.61
-6.47,-6.29,9.66
-6.47,-6.29,9.66
-6.47,-6.29,9.66
-5.03,-6.83,10.34
-5.03,-6.83,10.34
-5.03,-6.83,10.34
-2.61,-4.73,9.37
-2.61,-4.73,9.37
-2.61,-4.73,9.37
-1.16,-3.18,8.52
-1.16,-3.18,8.52
-1.16,-3.18,8.52
0.75,-1.62,7.97
0.75,-1.62,7.97
0.75,-1.62,7.97
1.41,-0.19,7.48
1.41,-0.19,7.48
1.41,-0.19,7.48
1.98,-0.44,8.45
1.98,-0.44,8.45
1.98,-0.44,8.45
2.11,-2.67,8.98
2.11,-2.67,8.98
2.11,-2.67,8.98
2.87,-3.11,9.47
2.87,-3.11,9.47
2.87,-3.11,9.47
3.44,-3.52,9.88
3.44,-3.52,9.88
3.44,-3.52,9.88
5.84,-4.47,9.57
5.84,-4.47,9.57
5.84,-4.47,9.57
5.29,-4.56,8.92
5.29,-4.56,8.92
5.46,-4.29,8.52
5.28,-4.36,8.02
5.28,-4.36,8.02
5.14,-4.18,7.4
5.14,-4.18,7.4
5.14,-4.18,7.4
3.84,-5.38,7.85
3.84,-5.38,7.85
3.84,-5.38,7.85
2.22,-5.58,8.32
2.22,-5.58,8.32
1.62,-5.21,8.38
1.06,-3.85,8.57
1.06,-3.85,8.57
1.06,-3.85,8.57
0.65,-3.92,9.12
0.65,-3.92,9.12
0.65,-3.92,9.12
0.74,-4.16,8.85
0.74,-4.16,8.85
0.74,-4.16,8.85
0.8,-5.18,9.2
0.8,-5.18,9.2
0.82,-5.87,9.45
0.67,-5.53,9.12
0.67,-5.53,9.12
0.67,-5.53,9.12
0.75,-6.0,8.88
0.75,-6.0,8.88
0.75,-6.0,8.88
1.7,-5.06,8.56
1.7,-5.06,8.56
1.7,-5.06,8.56
2.09,-5.06,8.97
2.09,-5.06,8.97
2.17,-5.5,9.48
2.58,-6.06,9.8
2.58,-6.06,9.8
2.58,-6.06,9.8
2.21,-6.12,10.09
2.21,-6.12,10.09
2.21,-6.12,10.09
2.44,-5.81,10.17
2.44,-5.81,10.17
2.44,-5.81,10.17
2.02,-4.64,9.37
2.02,-4.64,9.37
1.89,-4.53,9.38
2.59,-3.87,9.24
2.59,-3.87,9.24
2.59,-3.87,9.24
3.03,-3.85,9.54
3.03,-3.85,9.54
3.03,-3.85,9.54
3.49,-4.26,10.12
3.49,-4.26,10.12
3.49,-4.26,10.12
3.74,-3.62,8.62
3.74,-3.62,8.62
1.57,-5.27,6.84
1.57,-5.27,6.84
3.29,-7.11,6.24
3.29,-7.11,6.24
3.29,-7.11,6.24
1.81,-5.93,6.68
1.81,-5.93,6.68
1.81,-5.93,6.68
2.58,-5.27,7.06
1.9,-4.8,6.85
1.9,-4.8,6.85
1.52,-5.65,7.52
1.52,-5.65,7.52
1.52,-5.65,7.52
1.65,-6.93,7.0
1.65,-6.93,7.0
1.65,-6.93,7.0
0.85,-6.82,7.08
0.85,-6.82,7.08
1.44,-7.29,7.3
1.47,-7.5,7.24
1.21,-7.18,6.52
1.21,-7.18,6.52
2.46,-6.79,6.68
2.46,-6.79,6.68
2.46,-6.79,6.68
2.74,-6.55,6.47
2.74,-6.55,6.47
2.74,-6.55,6.47
1.83,-7.22,6.51
2.74,-5.99,6.31
2.74,-5.99,6.31
1.95,-5.52,6.92
1.95,-5.52,6.92
1.95,-5.52,6.92
3.71,-5.47,6.7
3.71,-5.47,6.7
3.58,-4.19,6.83
3.58,-4.19,6.83
3.58,-4.19,6.83
4.04,-3.29,4.87
4.04,-3.29,4.87
4.04,-3.29,4.87
3.57,-7.14,8.7
3.57,-7.14,8.7
3.57,-7.14,8.7
1.96,-6.09,8.89
1.96,-6.09,8.89
1.96,-6.09,8.89
0.29,-7.82,10.75
0.29,-7.82,10.75
0.29,-7.82,10.75
-0.22,-5.88,8.22
-1.15,-3.27,6.33
-1.15,-3.27,6.33
-0.37,-4.53,9.64
-0.37,-4.53,9.64
-0.37,-4.53,9.64
0.7,-1.92,7.35
0.7,-1.92,7.35
0.7,-1.92,7.35
0.81,-1.09,7.02
0.81,-1.09,7.02
0.81,-1.09,7.02
0.62,-0.33,6.53
0.63,-0.56,7.28
0.63,-0.56,7.28
0.57,-0.74,7.65
0.57,-0.74,7.65
0.24,0.81,7.71
1.77,3.62,6.58
1.77,3.62,6.58
1.77,3.62,6.58
-3.79,-6.12,15.35
-3.79,-6.12,15.35
-3.79,-6.12,15.35
-6.79,2.17,8.3
-6.79,2.17,8.3
-6.79,2.17,8.3
-11.33,-5.28,6.0
-11.33,-5.28,6.0
-11.33,-5.28,6.0
-7.38,-6.94,4.67
-7.38,-6.94,4.67
-7.38,-6.94,4.67
-7.39,0.7,3.51
-7.39,0.7,3.51
-7.39,0.7,3.51
-9.03,0.76,4.85
-9.03,0.76,4.85
-9.03,0.76,4.85
-7.55,0.11,3.45
-7.55,0.11,3.45
-7.55,0.11,3.45
-10.06,-2.12,4.68
-10.06,-2.12,4.68
-10.06,-2.12,4.68
-9.84,-0.82,3.04
-9.84,-0.82,3.04
-9.84,-0.82,3.04
-11.46,-1.62,3.17
-11.46,-1.62,3.17
-11.33,-2.36,3.38
-10.54,-1.16,3.33
-10.54,-1.16,3.33
-10.54,-1.16,3.33
-10.3,-0.91,3.06
-10.3,-0.91,3.06
-10.3,-0.91,3.06
-9.86,-1.35,3.23
-9.86,-1.35,3.23
-10.67,-1.27,3.13
-10.67,-1.27,3.13
-11.46,-0.54,2.73
-11.06,-1.1,2.54
-11.06,-1.1,2.54
-11.06,-1.1,2.54
-11.0,-2.64,2.64
-11.0,-2.64,2.64
-11.0,-2.64,2.64
-10.55,-1.44,2.47
-10.55,-1.44,2.47
-10.55,-1.44,2.47
-9.83,-2.96,3.21
-9.83,-2.96,3.21
-9.83,-2.96,3.21
-9.1,-1.81,3.13
-9.1,-1.81,3.13
-9.1,-1.81,3.13
-9.23,-2.0,2.97
-9.23,-2.0,2.97
-9.23,-2.0,2.97
-9.18,-3.69,3.07
-9.18,-3.69,3.07
-9.18,-3.69,3.07
-8.93,-2.31,2.89
-8.93,-2.31,2.89
-8.68,-1.62,3.02
-8.33,-2.88,3.65
-8.33,-2.88,3.65
-8.33,-2.88,3.65
-7.96,-1.73,3.25
-7.96,-1.73,3.25
-7.96,-1.73,3.25
-7.8,-1.91,3.72
-7.8,-1.91,3.72
-8.52,-1.61,3.19
-9.14,-1.33,3.08
-9.14,-1.33,3.08
-8.92,-1.71,2.7
-9.08,-2.43,2.91
-9.08,-2.43,2.91
-9.43,2.28,0.47
-9.69,2.5,0.8
-9.69,2.5,0.8
-9.96,2.68,0.73
-10.43,2.67,0.34
-10.43,2.67,0.34
-10.43,2.67,0.34
-11.23,2.68,0.09
-11.23,2.68,0.09
-11.23,2.68,0.09
-11.25,1.8,0.28
-11.25,1.8,0.28
-11.16,1.69,0.38
-10.47,2.05,0.48
-10.47,2.05,0.48
-10.47,2.05,0.48
-9.75,1.88,0.83
-9.75,1.88,0.83
-9.75,1.88,0.83
-8.82,1.78,0.68
-8.82,1.78,0.68
-8.82,1.78,0.68
-8.34,2.44,0.69
-8.34,2.44,0.69
-8.34,2.44,0.69
-8.37,2.38,1.13
-8.37,2.38,1.13
-8.27,2.38,1.28
-8.12,2.05,1.25
-8.12,2.05,1.25
-7.46,2.21,1.1
-7.46,2.21,1.1
-7.46,2.21,1.1
-7.29,2.22,1.25
-7.29,2.22,1.25
-7.29,2.22,1.25
-7.59,1.82,1.85
-7.59,1.82,1.85
-7.59,1.82,1.85
-8.33,1.53,2.25
-8.33,1.53,2.25
-8.33,1.53,2.25
-8.44,1.66,2.56
-8.44,1.66,2.56
-8.44,1.66,2.56
-8.64,1.06,2.85
-8.64,1.06,2.85
-8.72,0.67,3.04
-8.61,0.64,3.2
-8.61,0.64,3.2
-8.61,0.64,3.2
-7.94,0.54,3.29
-7.94,0.54,3.29
-7.94,0.54,3.29
-7.99,0.5,3.51
-7.99,0.5,3.51
-7.99,0.5,3.51
-7.97,0.05,3.78
-7.97,0.05,3.78
-7.97,0.05,3.78
-7.94,-0.14,4.33
-7.94,-0.14,4.33
-7.94,-0.14,4.33
-7.78,-0.23,5.01
-7.78,-0.23,5.01
-7.78,-0.23,5.01
-8.1,-0.68,5.74
-8.1,-0.68,5.74
-8.1,-0.68,5.74
-8.43,0.03,6.02
-8.43,0.03,6.02
-8.43,0.03,6.02
-8.34,0.36,5.98
-8.34,0.36,5.98
-8.1,-0.08,5.79
-7.72,-1.15,5.42
-7.72,-1.15,5.42
-7.72,-1.15,5.42
-7.78,-1.55,4.94
-7.78,-1.55,4.94
-7.78,-1.55,4.94
-8.2,-1.19,4.98
-8.2,-1.19,4.98
-8.2,-1.19,4.98
-8.18,-0.29,5.22
-8.18,-0.29,5.22
-8.18,-0.29,5.22
-8.04,-0.21,4.87
-8.04,-0.21,4.87
-8.04,-0.21,4.87
-8.15,-0.6,4.76
-8.15,-0.6,4.76
-8.15,-0.6,4.76
-7.81,-0.66,4.4
-7.81,-0.66,4.4
-7.63,-0.75,4.19
-7.69,-0.77,4.07
-7.57,-0.87,4.16
-7.57,-0.87,4.16
-8.16,-0.79,4.26
-8.16,-0.79,4.26
-8.16,-0.79,4.26
-8.89,-0.18,4.37
-8.89,-0.18,4.37
-8.89,-0.18,4.37
-9.57,-1.17,4.17
-9.57,-1.17,4.17
-9.57,-1.17,4.17
-8.85,-0.29,3.34
-8.85,-0.29,3.34
-8.75,0.11,3.17
-8.62,-0.09,3.61
-8.62,-0.09,3.61
-8.62,-0.09,3.61
-9.02,0.08,3.25
-9.02,0.08,3.25
-9.02,0.08,3.25
-8.57,0.19,3.16
-8.57,0.19,3.16
-8.57,0.19,3.16
-8.45,0.24,3.43
-8.45,0.24,3.43
-8.45,0.24,3.43
-8.86,0.12,3.53
-8.86,0.12,3.53
-8.86,0.12,3.53
-8.69,0.88,3.12
-8.69,0.88,3.12
-8.69,0.88,3.12
-8.5,0.43,2.68
-8.5,0.43,2.68
-8.35,0.01,2.72
-8.11,0.24,2.81
-8.11,0.24,2.81
-8.11,0.24,2.81
-8.72,0.65,3.11
-8.72,0.65,3.11
-9.35,0.35,3.47
-9.35,0.35,3.47
-9.35,0.35,3.47
-9.16,0.68,3.0
-9.16,0.68,3.0
-9.16,0.68,3.0
-8.74,0.57,2.71
-8.74,0.57,2.71
-8.73,0.61,2.65
-8.95,0.79,2.93
-8.95,0.79,2.93
-8.95,0.79,2.93
-9.15,0.23,2.83
-9.15,0.23,2.83
-9.15,0.23,2.83
-9.1,0.55,2.71
-9.1,0.55,2.71
-9.1,0.55,2.71
-9.3,0.06,3.13
-9.3,0.06,3.13
-9.16,0.02,3.13
-8.62,-0.03,2.94
-8.62,-0.03,2.94
-8.62,-0.03,2.94
-8.7,-0.24,3.16
-8.7,-0.24,3.16
-8.7,-0.24,3.16
-9.03,-0.32,3.55
-9.03,-0.32,3.55
-9.09,-0.48,3.63
-9.07,-0.64,3.58
-8.81,-0.66,3.5
-8.81,-0.66,3.5
-8.41,-0.36,3.42
-8.41,-0.36,3.42
-8.41,-0.36,3.42
-8.46,-0.87,3.59
-8.46,-0.87,3.59
-8.46,-0.87,3.59
-7.78,-1.07,3.38
-7.78,-1.07,3.38
-7.78,-1.07,3.38
-7.46,-1.59,3.67
-7.36,-1.84,3.78
-7.36,-1.84,3.78
-7.1,-2.06,4.12
-7.1,-2.06,4.12
-7.1,-2.06,4.12
-7.24,-2.49,4.56
-7.24,-2.49,4.56
-7.24,-2.49,4.56
-6.93,-2.14,4.89
-6.93,-2.14,4.89
-6.93,-2.14,4.89
-8.38,-2.72,5.49
-8.34,-2.27,5.37
-8.34,-2.27,5.37
-7.23,-1.53,4.87
-7.23,-1.53,4.87
-7.23,-1.53,4.87
-6.23,-3.48,6.09
-6.23,-3.48,6.09
-6.23,-3.48,6.09
-6.62,-6.32,8.04
-6.62,-6.32,8.04
-6.62,-6.32,8.04
-6.8,-7.62,8.57
-5.12,-3.99,8.55
-5.12,-3.99,8.55
-5.05,-3.1,8.14
-5.05,-3.1,8.14
-5.05,-3.1,8.14
-5.21,-5.08,8.63
-5.21,-5.08,8.63
-5.21,-5.08,8.63
-4.81,-5.32,8.77
-4.6,-4.18,8.41
-4.6,-4.18,8.41
-4.52,-3.51,7.95
-4.29,-3.37,7.68
-4.29,-3.37,7.68
-3.7,-4.03,7.51
-3.7,-4.03,7.51
-3.7,-4.03,7.51
-3.59,-4.29,7.57
-3.59,-4.29,7.57
-3.59,-4.29,7.57
-3.53,-4.58,7.48
-3.53,-4.58,7.48
-3.43,-4.42,7.36
-3.39,-4.13,7.26
-3.39,-4.13,7.26
-3.39,-4.13,7.26
-3.87,-4.39,7.87
-3.87,-4.39,7.87
-3.87,-4.39,7.87
-4.32,-4.57,7.75
-4.32,-4.57,7.75
-4.32,-4.57,7.75
-4.23,-3.87,7.79
-4.14,-3.78,8.07
-4.14,-3.78,8.07
-4.17,-3.8,8.23
-4.41,-4.17,8.28
-4.41,-4.17,8.28
-4.55,-5.51,8.98
-4.55,-5.51,8.98
-4.55,-5.51,8.98
-3.57,-4.99,8.7
-3.57,-4.99,8.7
-3.57,-4.99,8.7
-3.19,-4.86,7.42
-3.19,-4.86,7.42
-3.17,-4.79,6.77
-2.71,-6.69,6.34
-2.71,-6.69,6.34
-2.71,-6.69,6.34
-2.98,-9.58,5.58
-2.98,-9.58,5.58
-3.22,-9.4,6.19
-3.22,-9.4,6.19
-3.22,-9.4,6.19
-2.61,-5.58,5.1
-2.61,-5.58,5.1
-2.61,-5.58,5.1
-2.83,-7.58,5.66
-2.83,-7.58,5.66
-2.83,-7.58,5.66
-3.5,-7.22,5.15
-3.5,-7.22,5.15
-3.5,-7.22,5.15
-4.2,-7.03,5.47
-4.2,-7.03,5.47
-4.2,-7.03,5.47
-4.12,-6.62,6.63
-4.12,-6.62,6.63
-4.21,-5.53,6.24
-3.08,-5.17,5.21
-3.08,-5.17,5.21
-3.08,-5.17,5.21
-2.98,-7.25,6.05
-2.98,-7.25,6.05
-2.98,-7.25,6.05
-3.04,-6.95,5.29
-3.04,-6.95,5.29
-3.04,-6.95,5.29
-3.77,-6.88,4.46
-3.77,-6.88,4.46
-3.84,-7.02,4.34
-4.12,-5.1,4.32
-4.12,-5.1,4.32
-4.12,-5.1,4.32
-4.05,-6.31,5.61
-4.05,-6.31,5.61
-4.05,-6.31,5.61
-1.99,-6.17,6.12
-1.99,-6.17,6.12
-1.99,-6.17,6.12
-3.26,-6.81,4.95
-2.93,-7.54,4.91
-2.93,-7.54,4.91
-2.54,-7.74,5.1
-2.54,-7.74,5.1
-2.54,-7.74,5.1
-1.88,-6.67,6.56
-1.88,-6.67,6.56
-1.88,-6.67,6.56
-2.16,-6.35,8.25
-2.16,-6.35,8.25
-2.72,-5.26,7.58
-2.72,-5.26,7.58
-2.6,-4.76,7.03
-3.81,-6.76,7.46
-3.81,-6.76,7.46
-3.81,-6.76,7.46
-3.51,-7.97,8.58
-3.51,-7.97,8.58
-3.51,-7.97,8.58
-3.04,-6.68,8.54
-3.04,-6.68,8.54
-3.04,-6.68,8.54
-0.6,-6.43,7.21
-0.6,-6.43,7.21
-0.6,-6.43,7.21
0.83,-5.63,6.94
0.83,-5.63,6.94
0.83,-5.63,6.94
1.33,-6.49,7.71
1.33,-6.49,7.71
1.33,-6.49,7.71
1.25,-7.36,8.29
1.25,-7.36,8.29
0.9,-7.61,8.6
0.66,-7.41,8.37
0.45,-6.85,8.09
0.45,-6.85,8.09
0.71,-5.64,7.7
0.71,-5.64,7.7
0.71,-5.64,7.7
-0.61,-6.24,7.83
-0.61,-6.24,7.83
-0.61,-6.24,7.83
-1.87,-5.95,7.58
-1.87,-5.95,7.58
-1.87,-5.95,7.58
-6.47,-7.37,6.76
-6.47,-7.37,6.76
-9.12,-8.33,6.27
-7.17,-4.04,6.63
-7.17,-4.04,6.63
-7.17,-4.04,6.63
-5.33,-5.06,4.46
-5.33,-5.06,4.46
-5.33,-5.06,4.46
-7.13,-6.44,3.99
-7.13,-6.44,3.99
-7.13,-6.44,3.99
-6.27,-7.85,6.07
-6.27,-7.85,6.07
-5.6,-7.28,5.36
-5.42,-5.32,4.45
-5.42,-5.32,4.45
-5.42,-5.32,4.45
-4.23,-6.81,4.77
-4.23,-6.81,4.77
-4.23,-6.81,4.77
-5.67,-5.69,3.57
-5.67,-5.69,3.57
-5.67,-5.69,3.57
-6.67,-5.05,3.52
-7.26,-5.56,3.95
-7.26,-5.56,3.95
-8.05,-5.95,3.8
-8.05,-5.95,3.8
-8.05,-5.95,3.8
-7.17,-4.96,3.37
-7.17,-4.96,3.37
-7.17,-4.96,3.37
-6.19,-6.28,3.51
-6.19,-6.28,3.51
-6.19,-6.28,3.51
-5.86,-5.67,3.48
-5.86,-5.67,3.48
-5.63,-5.51,3.51
-5.15,-5.52,4.35
-5.15,-5.52,4.35
-5.15,-5.52,4.35
-4.23,-7.11,4.79
-4.23,-7.11,4.79
-4.23,-7.11,4.79
-4.44,-7.02,5.9
-4.44,-7.02,5.9
-4.33,-7.43,6.62
-4.61,-7.7,6.35
-4.54,-7.21,5.32
-4.54,-7.21,5.32
-3.41,-5.39,5.12
-3.41,-5.39,5.12
-3.41,-5.39,5.12
-3.5,-6.87,6.25
-3.5,-6.87,6.25
-3.5,-6.87,6.25
-3.5,-6.79,6.02
-3.5,-6.79,6.02
-3.41,-5.75,5.77
-3.23,-6.74,6.03
-3.23,-6.74,6.03
-3.23,-6.74,6.03
-2.65,-7.41,7.1
-2.65,-7.41,7.1
-2.65,-7.41,7.1
-2.63,-6.37,7.86
-2.63,-6.37,7.86
-2.63,-6.37,7.86
-2.39,-6.76,8.54
-2.39,-6.76,8.54
-2.15,-6.46,8.28
-2.13,-6.16,7.21
-2.13,-6.16,7.21
-2.13,-6.16,7.21
-1.29,-6.55,7.96
-1.29,-6.55,7.96
-1.29,-6.55,7.96
-2.28,-6.42,7.15
-2.28,-6.42,7.15
-2.28,-6.42,7.15
-2.1,-6.87,7.92
-2.1,-6.87,7.92
-2.37,-6.49,7.67
-2.82,-6.46,6.37
-2.82,-6.46,6.37
-2.82,-6.46,6.37
-3.57,-5.61,6.45
-3.57,-5.61,6.45
-3.57,-5.61,6.45
-3.77,-9.48,6.24
-3.77,-9.48,6.24
-3.77,-9.48,6.24
-8.75,-4.08,3.45
-8.75,-4.08,3.45
-8.75,-4.08,3.45
-6.42,-3.82,4.13
-6.42,-3.82,4.13
-7.88,-4.06,2.97
-7.02,-9.72,5.9
-7.02,-9.72,5.9
-7.02,-9.72,5.9
-4.15,-8.75,6.82
-4.15,-8.75,6.82
-4.15,-8.75,6.82
-4.16,-4.27,4.82
-4.16,-4.27,4.82
-4.1,-3.72,4.14
-3.45,-6.78,4.38
-3.45,-6.78,4.38
-3.45,-6.78,4.38
-1.63,-7.59,7.02
-1.63,-7.59,7.02
-1.63,-7.59,7.02
-3.78,-8.69,5.34
-3.78,-8.69,5.34
-3.78,-8.69,5.34
-3.25,-4.84,6.01
-3.25,-4.84,6.01
-3.25,-4.84,6.01
-3.39,-8.18,6.14
-3.39,-8.18,6.14
-3.39,-8.18,6.14
-4.46,-7.89,6.3
-4.46,-7.89,6.3
-4.46,-7.89,6.3
-3.99,-10.63,6.52
-3.99,-10.63,6.52
-3.99,-10.63,6.52
-2.38,-9.36,6.47
-2.38,-9.36,6.47
-2.38,-9.36,6.47
0.16,-4.87,6.38
0.16,-4.87,6.38
-1.97,-8.08,5.73
-1.97,-8.08,5.73
-1.97,-8.08,5.73
-3.26,-7.65,3.78
-3.26,-7.65,3.78
-3.26,-7.65,3.78
-3.49,-4.66,2.47
-3.49,-4.66,2.47
-3.13,-3.79,2.59
-2.77,-3.79,3.02
-2.63,-5.65,4.13
-2.63,-5.65,4.13
-1.96,-7.55,7.97
-1.96,-7.55,7.97
-1.96,-7.55,7.97
-0.01,-8.03,8.11
-0.01,-8.03,8.11
-0.01,-8.03,8.11
-0.99,-7.21,5.88
-0.99,-7.21,5.88
-0.99,-7.21,5.88
-1.12,-8.6,6.91
-1.12,-8.6,6.91
-1.12,-8.6,6.91
-0.85,-10.91,6.43
-0.85,-10.91,6.43
-0.85,-10.91,6.43
-1.67,-9.22,5.89
-1.67,-9.22,5.89
-1.67,-9.22,5.89
-3.64,-8.07,6.24
-3.64,-8.07,6.24
-4.05,-7.47,5.9
-5.02,-6.22,5.38
-5.02,-6.22,5.38
-5.02,-6.22,5.38
-4.54,-5.95,5.65
-4.54,-5.95,5.65
-4.54,-5.95,5.65
-3.75,-5.58,5.57
-3.75,-5.58,5.57
-3.75,-5.58,5.57
-3.83,-5.21,5.5
-4.61,-6.04,5.24
-4.61,-6.04,5.24
-4.58,-5.38,6.5
-4.58,-5.38,6.5
-4.58,-5.38,6.5
-2.85,-6.73,7.9
-2.85,-6.73,7.9
-2.85,-6.73,7.9
-2.05,-6.92,7.48
-2.05,-6.92,7.48
-2.05,-6.92,7.48
-1.71,-6.73,7.03
-1.71,-6.73,7.03
-1.71,-6.73,7.03
-1.82,-7.95,6.63
-1.82,-7.95,6.63
-1.82,-7.95,6.63
-2.27,-7.98,6.5
-2.27,-7.98,6.5
-2.27,-7.98,6.5
-2.83,-6.77,6.34
-2.83,-6.77,6.34
-2.83,-6.77,6.34
-4.09,-6.42,6.09
-4.09,-6.42,6.09
-4.09,-6.42,6.09
-3.77,-6.21,6.89
-3.77,-6.21,6.89
-3.77,-6.21,6.89
-3.72,-6.28,6.81
-3.72,-6.28,6.81
-3.72,-6.28,6.81
-4.49,-5.47,6.14
-4.49,-5.47,6.14
-4.49,-5.47,6.14
-3.87,-6.06,6.43
-3.87,-6.06,6.43
-3.87,-6.06,6.43
-3.67,-6.22,6.24
-3.67,-6.22,6.24
-3.67,-6.22,6.24
-3.06,-6.59,6.51
-3.06,-6.59,6.51
-3.06,-6.59,6.51
-2.99,-7.03,6.04
-2.99,-7.03,6.04
-2.99,-7.03,6.04
-4.09,-7.39,6.23
-4.09,-7.39,6.23
-4.15,-6.96,6.17
-3.34,-6.72,6.25
-3.34,-6.72,6.25
-3.34,-6.72,6.25
-2.58,-6.27,6.28
-2.58,-6.27,6.28
-2.58,-6.27,6.28
-2.66,-6.52,6.14
-2.66,-6.52,6.14
-2.81,-6.31,6.01
-3.2,-6.18,6.14
-3.45,-6.17,6.39
-3.45,-6.17,6.39
-3.43,-5.91,7.48
-3.43,-5.91,7.48
-3.43,-5.91,7.48
-3.12,-6.8,5.99
-3.12,-6.8,5.99
-3.12,-6.8,5.99
-1.45,-6.12,6.98
-1.45,-6.12,6.98
-1.45,-6.12,6.98
-1.58,-6.97,8.24
-1.25,-7.64,8.27
-1.25,-7.64,8.27
-1.8,-8.01,7.02
-1.8,-8.01,7.02
-1.8,-8.01,7.02
-2.09,-7.61,6.41
-2.09,-7.61,6.41
-2.09,-7.61,6.41
-2.43,-7.77,7.05
-2.43,-7.77,7.05
-2.4,-7.1,6.98
-1.84,-6.23,6.6
-1.84,-6.23,6.6
-1.84,-6.23,6.6
-1.87,-6.68,5.88
-1.87,-6.68,5.88
-1.87,-6.68,5.88
-1.92,-7.53,5.46
-1.92,-7.53,5.46
-1.92,-7.53,5.46
-1.77,-7.51,5.24
-1.77,-7.51,5.24
-1.77,-7.51,5.24
-2.0,-8.53,5.2
-2.0,-8.53,5.2
-2.0,-8.53,5.2
-2.29,-6.19,4.85
-2.29,-6.19,4.85
-2.29,-6.19,4.85
-2.98,-6.59,4.31
-2.98,-6.59,4.31
-2.98,-6.59,4.31
-1.09,-8.41,5.71
-1.09,-8.41,5.71
-1.09,-8.41,5.71
-1.72,-9.07,6.19
-1.72,-9.07,6.19
-1.72,-9.07,6.19
-2.52,-7.59,4.61
-2.52,-7.59,4.61
-2.52,-7.59,4.61
-1.66,-7.2,5.34
-1.66,-7.2,5.34
-1.66,-7.2,5.34
-1.9,-6.26,5.72
-1.9,-6.26,5.72
-1.9,-6.26,5.72
-1.01,-7.68,5.94
-1.01,-7.68,5.94
-1.01,-7.68,5.94
-1.03,-8.6,5.54
-1.03,-8.6,5.54
-1.03,-8.6,5.54
-1.17,-8.64,5.36
-1.17,-8.64,5.36
-2.51,-7.6,6.03
-2.51,-7.6,6.03
-3.23,-6.83,6.23
-3.24,-5.97,6.8
-3.24,-5.97,6.8
-3.24,-5.97,6.8
-3.22,-8.28,6.03
-3.22,-8.28,6.03
-3.22,-8.28,6.03
-1.72,-7.46,5.86
-1.72,-7.46,5.86
-1.72,-7.46,5.86
-2.02,-7.82,5.84
-2.02,-7.82,5.84
-2.02,-7.82,5.84
-3.35,-6.83,5.66
-3.35,-6.83,5.66
-3.35,-6.83,5.66
-2.92,-5.24,5.85
-2.92,-5.24,5.85
-2.92,-5.24,5.85
-2.07,-5.94,5.91
-2.07,-5.94,5.91
-2.07,-5.94,5.91
-2.66,-7.22,5.7
-2.66,-7.22,5.7
-2.66,-7.22,5.7
-3.22,-8.62,6.04
-3.22,-8.62,6.04
-3.22,-8.62,6.04
-2.67,-6.21,6.09
-2.67,-6.21,6.09
-2.67,-6.21,6.09
-2.73,-6.27,6.43
-2.73,-6.27,6.43
-2.73,-6.27,6.43
-2.83,-5.62,6.06
-2.83,-5.62,6.06
-2.83,-5.62,6.06
-3.05,-6.94,6.16
-3.05,-6.94,6.16
-2.64,-6.85,7.11
-2.56,-8.06,7.53
-2.56,-8.06,7.53
-2.56,-8.06,7.53
-2.5,-7.77,7.66
-2.5,-7.77,7.66
-2.5,-7.77,7.66
-2.75,-6.67,6.49
-2.75,-6.67,6.49
-2.75,-6.67,6.49
-2.0,-6.6,6.23
-2.0,-6.6,6.23
-2.0,-6.6,6.23
-2.27,-7.31,6.4
-2.27,-7.31,6.4
-2.5,-7.03,6.72
-2.5,-7.03,6.72
-2.5,-7.03,6.72
-2.99,-6.21,6.46
-3.58,-6.46,6.28
-3.58,-6.46,6.28
-3.36,-7.3,6.01
-3.36,-7.3,6.01
-3.36,-7.3,6.01
-2.79,-6.83,6.14
-2.79,-6.83,6.14
-2.79,-6.83,6.14
-2.7,-7.75,6.75
-2.7,-7.75,6.75
-2.7,-7.75,6.75
-2.15,-7.47,6.76
-2.15,-7.47,6.76
-2.15,-7.47,6.76
-1.95,-8.0,5.73
-1.95,-8.0,5.73
-1.95,-8.0,5.73
-1.56,-6.47,4.28
-1.56,-6.47,4.28
-1.56,-6.47,4.28
-2.79,-6.31,4.97
-2.79,-6.31,4.97
-2.79,-6.31,4.97
-2.86,-7.88,6.6
-2.74,-7.88,6.6
-2.74,-7.88,6.6
-2.03,-8.14,6.48
-1.79,-8.21,6.23
-1.79,-8.21,6.23
-1.93,-7.22,6.0
-1.93,-7.22,6.0
-1.93,-7.22,6.0
-1.75,-6.01,4.53
-1.75,-6.01,4.53
-1.75,-6.01,4.53
-1.91,-5.78,5.09
-1.91,-5.78,5.09
-2.17,-6.98,5.98
-3.78,-6.72,5.98
-3.78,-6.72,5.98
-3.78,-6.72,5.98
-2.86,-7.03,7.17
-2.86,-7.03,7.17
-2.86,-7.03,7.17
-2.95,-8.01,5.89
-2.95,-8.01,5.89
-2.95,-8.01,5.89
-3.82,-7.58,4.45
-3.82,-7.58,4.45
-3.26,-8.2,5.78
-1.67,-5.04,6.23
-1.67,-5.04,6.23
-1.67,-5.04,6.23
-5.64,-5.82,6.16
-5.64,-5.82,6.16
-5.64,-5.82,6.16
-3.75,-8.31,7.18
-3.75,-8.31,7.18
-3.75,-8.31,7.18
-4.01,-7.93,6.17
-4.01,-7.93,6.17
-3.84,-6.04,5.23
-4.8,-8.47,8.06
-4.8,-8.47,8.06
-4.8,-8.47,8.06
-2.29,-6.74,6.27
-2.29,-6.74,6.27
-2.29,-6.74,6.27
-3.08,-6.72,5.85
-3.08,-6.72,5.85
-3.08,-6.72,5.85
-4.31,-6.93,5.51
-4.54,-5.96,5.66
-4.54,-5.96,5.66
-2.99,-5.75,7.21
-2.99,-5.75,7.21
-2.99,-5.75,7.21
-3.6,-9.36,5.74
-3.6,-9.36,5.74
-3.6,-9.36,5.74
-2.47,-8.11,5.15
-2.47,-8.11,5.15
-2.47,-8.11,5.15
-1.41,-7.26,4.59
-1.41,-7.26,4.59
-1.41,-7.26,4.59
-2.29,-6.87,4.68
-2.29,-6.87,4.68
-2.29,-6.87,4.68
-2.39,-8.54,6.03
-2.39,-8.54,6.03
-2.39,-8.54,6.03
-2.25,-8.13,5.53
-2.25,-8.13,5.53
-2.25,-8.13,5.53
-4.58,-8.76,4.74
-4.58,-8.76,4.74
-5.03,-9.24,4.13
-5.39,-7.73,2.89
-5.39,-7.73,2.89
-5.39,-7.73,2.89
-3.44,-8.26,4.32
-3.44,-8.26,4.32
-3.44,-8.26,4.32
-3.11,-7.22,4.4
-3.11,-7.22,4.4
-2.8,-6.75,4.35
-2.67,-7.07,4.19
-2.67,-7.07,4.19
-2.83,-6.92,4.28
-2.83,-6.92,4.28
-2.83,-6.92,4.28
-4.44,-6.67,3.77
-4.44,-6.67,3.77
-4.44,-6.67,3.77
-4.98,-4.78,2.98
-4.98,-4.78,2.98
-4.98,-4.78,2.98
-2.86,-8.7,5.53
-1.6,-10.13,5.63
-1.6,-10.13,5.63
-2.73,-9.81,4.07
-2.73,-9.81,4.07
-2.73,-9.81,4.07
-0.56,-9.04,4.87
-0.56,-9.04,4.87
-0.56,-9.04,4.87
-0.55,-9.19,4.35
-0.55,-9.19,4.35
-0.55,-9.19,4.35
0.35,-8.25,4.3
0.35,-8.25,4.3
0.6,-9.21,4.3
0.55,-9.22,4.14
0.55,-9.22,4.14
0.55,-9.22,4.14
0.61,-8.71,4.17
0.61,-8.71,4.17
0.61,-8.71,4.17
1.05,-9.52,4.73
1.05,-9.52,4.73
1.05,-9.52,4.73
1.35,-8.62,4.49
1.35,-8.62,4.49
1.35,-8.62,4.49
1.26,-8.5,4.36
1.26,-8.5,4.36
1.26,-8.5,4.36
-0.06,-8.67,4.89
-0.06,-8.67,4.89
-0.06,-8.67,4.89
-0.21,-8.5,5.06
-0.21,-8.5,5.06
-0.21,-8.5,5.06
-0.38,-8.61,4.8
-0.38,-8.61,4.8
-0.74,-8.19,4.45
-2.25,-7.2,3.47
-2.25,-7.2,3.47
-2.25,-7.2,3.47
-0.78,-7.62,4.27
-0.78,-7.62,4.27
-0.78,-7.62,4.27
-0.29,-10.99,7.1
-0.29,-10.99,7.1
-0.29,-10.99,7.1
0.09,-10.28,5.12
0.09,-10.28,5.12
0.09,-10.28,5.12
1.06,-11.75,4.98
1.06,-11.75,4.98
1.52,-9.63,3.14
1.52,-9.63,3.14
1.52,-9.63,3.14
1.05,-4.33,2.32
1.05,-4.33,2.32
1.05,-4.33,2.32
1.24,-0.37,6.11
1.24,-0.37,6.11
1.24,-0.37,6.11
-3.04,-4.29,9.64
-3.04,-4.29,9.64
-3.04,-4.29,9.64
-5.82,-7.32,8.72
-5.82,-7.32,8.72
-5.82,-7.32,8.72
-2.28,-1.87,5.91
-2.28,-1.87,5.91
-2.28,-1.87,5.91
-4.7,-1.89,5.83
-4.81,-4.43,6.41
-7.66,-11.87,7.04
-7.66,-11.87,7.04
-7.66,-11.87,7.04
-3.42,-8.7,8.98
-3.42,-8.7,8.98
-3.42,-8.7,8.98
-4.94,-5.83,9.44
-4.94,-5.83,9.44
-4.94,-5.83,9.44
-4.73,-5.37,9.97
-4.73,-5.37,9.97
-5.01,-4.48,10.15
-3.14,-3.92,8.65
-3.14,-3.92,8.65
-3.14,-3.92,8.65
-2.62,-2.95,6.91
-2.62,-2.95,6.91
-2.62,-2.95,6.91
-4.15,-4.91,9.46
-4.15,-4.91,9.46
-4.15,-4.91,9.46
-2.66,-6.14,9.07
-2.66,-6.14,9.07
-1.42,-3.07,7.86
-2.75,-2.83,7.15
-2.75,-2.83,7.15
-2.75,-2.83,7.15
-2.15,-6.28,8.05
-2.15,-6.28,8.05
-2.15,-6.28,8.05
-2.31,-3.12,6.84
-2.31,-3.12,6.84
-2.31,-3.12,6.84
-3.73,-6.1,8.22
-3.73,-6.1,8.22
-3.73,-6.1,8.22
-3.74,-7.72,7.39
-3.74,-7.72,7.39
-3.74,-7.72,7.39
-4.01,-7.47,7.68
-4.01,-7.47,7.68
-4.01,-7.47,7.68
-1.61,-5.61,8.16
-1.61,-5.61,8.16
-1.61,-5.61,8.16
-2.83,-5.02,8.59
-2.83,-5.02,8.59
-2.83,-5.02,8.59
-3.82,-5.16,7.89
-3.82,-5.16,7.89
-3.82,-5.16,7.89
-2.67,-4.25,8.32
-2.67,-4.25,8.32
-2.67,-4.25,8.32
-2.99,-3.66,8.12
-2.99,-3.66,8.12
-2.95,-3.83,8.48
-2.72,-4.71,7.91
-2.72,-4.71,7.91
-2.72,-4.71,7.91
-3.04,-4.24,7.67
-3.04,-4.24,7.67
-3.04,-4.24,7.67
-3.26,-5.5,9.13
-3.26,-5.5,9.13
-3.26,-5.5,9.13
-3.19,-5.48,8.48
-3.19,-5.48,8.48
-3.25,-5.21,8.59
-3.13,-5.15,8.81
-3.18,-5.34,8.89
-2.9,-5.63,8.63
-2.9,-5.63,8.63
-2.9,-5.63,8.63
-2.41,-3.98,7.76
-2.41,-3.98,7.76
-2.41,-3.98,7.76
-2.66,-4.66,7.95
-2.66,-4.66,7.95
-2.66,-4.66,7.95
-2.09,-3.81,8.19
-2.09,-3.81,8.19
-2.09,-3.81,8.19
-2.44,-5.12,8.18
-2.44,-5.12,8.18
-2.44,-5.12,8.18
-1.84,-5.0,8.32
-1.84,-5.0,8.32
-1.84,-5.0,8.32
-1.57,-4.76,8.02
-1.57,-4.76,8.02
-1.6,-6.28,8.38
-1.78,-6.29,8.47
-1.43,-5.36,8.13
-1.43,-5.36,8.13
-1.36,-3.85,7.99
-1.36,-3.85,7.99
-1.36,-3.85,7.99
-2.04,-6.04,9.36
-2.04,-6.04,9.36
-2.04,-6.04,9.36
-1.94,-3.59,8.71
-2.2,-3.87,8.94
-2.2,-3.87,8.94
-2.44,-3.95,9.46
-2.44,-3.95,9.46
-2.44,-3.95,9.46
-2.41,-2.53,8.78
-2.41,-2.53,8.78
-2.41,-2.53,8.78
-2.48,-4.26,9.22
-2.48,-4.26,9.22
-2.48,-4.26,9.22
-3.26,-5.13,8.61
-3.58,-6.15,9.5
-3.58,-6.15,9.5
-4.69,-5.63,7.6
-4.69,-5.63,7.6
-4.69,-5.63,7.6
-4.45,-6.47,5.66
-4.45,-6.47,5.66
-4.45,-6.47,5.66
-3.45,-6.69,5.74
-3.45,-6.69,5.74
-3.45,-6.69,5.74
-4.07,-7.57,5.28
-4.07,-7.57,5.28
-4.07,-7.57,5.28
-3.19,-5.19,3.83
-3.19,-5.19,3.83
-3.19,-5.19,3.83
-4.4,-7.27,3.4
-4.4,-7.27,3.4
-4.4,-7.27,3.4
-4.53,-6.76,3.68
-4.53,-6.76,3.68
-4.53,-6.76,3.68
-5.53,-5.21,4.27
-5.53,-5.21,4.27
-6.54,-6.47,4.92
-7.66,-8.08,5.05
-7.66,-8.08,5.05
-7.66,-8.08,5.05
-5.85,-6.63,4.33
-5.85,-6.63,4.33
-5.85,-6.63,4.33
-5.14,-5.66,3.51
-5.14,-5.66,3.51
-5.14,-5.66,3.51
-6.78,-5.21,3.64
-6.78,-5.21,3.64
-7.64,-5.31,3.61
-7.35,-5.98,3.51
-7.35,-5.98,3.51
-7.35,-5.98,3.51
-7.4,-5.62,4.35
-7.4,-5.62,4.35
-7.4,-5.62,4.35
-6.32,-5.65,4.49
-6.32,-5.65,4.49
-6.17,-6.02,3.66
-5.15,-7.59,3.68
-5.15,-7.59,3.68
-5.15,-7.59,3.68
-6.0,-6.84,4.32
-6.0,-6.84,4.32
-6.0,-6.84,4.32
-5.79,-5.92,3.14
-5.79,-5.92,3.14
-4.64,-6.82,3.54
-4.64,-6.82,3.54
-4.64,-6.82,3.54
-4.07,-6.43,3.76
-4.07,-6.43,3.76
-4.07,-6.43,3.76
-5.03,-6.45,4.35
-5.03,-6.45,4.35
-5.03,-6.45,4.35
-4.99,-6.47,4.01
-4.99,-6.47,4.01
-4.99,-6.47,4.01
-6.26,-6.22,3.28
-6.26,-6.22,3.28
-6.26,-6.22,3.28
-7.53,-5.4,2.46
-7.53,-5.4,2.46
-7.53,-5.4,2.46
-7.68,-5.26,2.99
-7.68,-5.26,2.99
-7.68,-5.26,2.99
-7.48,-6.26,4.37
-7.48,-6.26,4.37
-7.48,-6.26,4.37
-5.89,-5.32,4.03
-5.89,-5.32,4.03
-5.89,-5.32,4.03
-5.36,-5.24,3.22
-4.52,-5.56,3.16
-4.52,-5.56,3.16
-5.6,-5.35,3.2
-5.6,-5.35,3.2
-5.6,-5.35,3.2
-6.31,-5.99,3.32
-6.31,-5.99,3.32
-6.31,-5.99,3.32
-7.7,-6.23,3.49
-7.7,-6.23,3.49
-7.7,-6.23,3.49
-7.09,-4.07,2.49
-8.31,-4.82,2.9
-8.31,-4.82,2.9
-7.54,-7.23,2.41
-7.54,-7.23,2.41
-7.54,-7.23,2.41
-7.44,-7.29,1.78
-7.44,-7.29,1.78
-7.44,-7.29,1.78
-6.02,-7.21,1.41
-6.02,-7.21,1.41
-6.02,-7.21,1.41
-6.28,-7.28,1.58
-6.28,-7.28,1.58
-6.4,-7.45,1.93
-4.54,-7.49,2.31
-4.54,-7.49,2.31
-4.54,-7.49,2.31
-3.97,-8.32,2.93
-3.97,-8.32,2.93
-3.97,-8.32,2.93
-3.4,-8.57,2.49
-3.4,-8.57,2.49
-3.4,-8.57,2.49
-2.63,-8.63,2.24
-2.63,-8.63,2.24
-2.63,-8.63,2.24
-2.21,-8.76,2.15
-2.21,-8.76,2.15
-2.21,-8.76,2.15
-1.73,-7.62,1.86
-1.73,-7.62,1.86
-1.73,-7.62,1.86
-1.17,-9.05,1.81
-1.17,-9.05,1.81
-1.17,-9.05,1.81
-1.0,-7.48,1.13
-1.0,-7.48,1.13
-1.09,-6.38,1.12
-0.34,-8.33,1.9
-0.34,-8.33,1.9
-0.34,-8.33,1.9
-0.65,-9.79,1.75
-0.65,-9.79,1.75
-0.65,-9.79,1.75
-0.64,-9.63,1.31
-0.64,-9.63,1.31
-0.64,-9.63,1.31
-0.67,-11.26,1.13
-0.67,-11.26,1.13
-0.52,-10.88,1.02
-1.74,-9.16,1.27
-1.74,-9.16,1.27
-1.74,-9.16,1.27
-2.42,-11.04,2.12
-2.42,-11.04,2.12
-2.42,-11.04,2.12
-1.82,-9.8,1.73
-1.82,-9.8,1.73
-2.39,-9.25,1.41
-1.88,-9.33,1.29
-1.92,-9.97,1.46
-1.92,-9.97,1.46
-2.04,-10.28,0.39
-2.04,-10.28,0.39
-2.04,-10.28,0.39
-3.07,-10.83,0.63
-3.07,-10.83,0.63
-3.07,-10.83,0.63
-1.48,-11.02,1.78
-1.48,-11.02,1.78
-1.48,-11.02,1.78
-2.04,-9.13,0.91
-2.04,-9.13,0.91
-2.04,-9.13,0.91
-0.11,-9.08,1.68
-0.11,-9.08,1.68
-0.11,-9.08,1.68
-1.67,-9.08,1.21
-1.67,-9.08,1.21
-1.67,-9.08,1.21
-1.39,-8.52,1.83
-1.39,-8.52,1.83
-1.42,-7.96,1.47
-1.96,-8.07,1.02
-1.96,-8.07,1.02
-1.96,-8.07,1.02
-2.17,-8.77,0.68
-2.17,-8.77,0.68
-2.17,-8.77,0.68
-1.52,-7.82,0.07
-1.52,-7.82,0.07
-1.52,-7.82,0.07
-1.14,-8.67,0.19
-1.14,-8.67,0.19
-0.86,-9.18,0.27
-0.59,-9.43,0.14
-0.59,-9.43,0.14
-0.59,-9.43,0.14
-0.53,-10.94,0.74
-0.53,-10.94,0.74
-0.53,-10.94,0.74
-0.89,-10.12,-0.03
-0.89,-10.12,-0.03
-0.89,-10.12,-0.03
-0.94,-9.29,-0.52
-0.7,-9.82,-0.77
-0.7,-9.82,-0.77
-2.36,-11.25,-1.64
-2.36,-11.25,-1.64
-2.36,-11.25,-1.64
-2.19,-12.06,-1.47
-2.19,-12.06,-1.47
-2.19,-12.06,-1.47
-1.18,-12.48,-5.89
-1.18,-12.48,-5.89
-1.18,-12.48,-5.89
-2.55,-13.83,-3.35
-2.55,-13.83,-3.35
-2.72,-13.44,-2.72
-0.61,-12.08,-2.41
-0.61,-12.08,-2.41
-0.61,-12.08,-2.41
-0.66,-12.09,-1.82
-0.66,-12.09,-1.82
-0.66,-12.09,-1.82
-0.46,-10.83,-1.57
-0.46,-10.83,-1.57
-0.46,-10.83,-1.57
-0.48,-8.55,-1.85
-0.48,-8.55,-1.85
-0.16,-7.75,-2.74
-0.16,-7.75,-2.74
-0.16,-7.75,-2.74
1.18,-8.0,-3.18
1.18,-8.0,-3.18
1.18,-8.0,-3.18
1.57,-6.69,-3.69
1.57,-6.69,-3.69
1.57,-6.69,-3.69
2.61,-5.65,-3.49
2.61,-5.65,-3.49
2.61,-5.65,-3.49
3.32,-3.92,-3.75
3.32,-3.92,-3.75
3.32,-3.92,-3.75
6.47,-7.06,-2.9
6.47,-7.06,-2.9
6.47,-7.06,-2.9
4.53,-2.2,-2.12
4.53,-2.2,-2.12
4.53,-2.2,-2.12
3.88,-1.56,-1.4
3.88,-1.56,-1.4
4.36,-1.71,-1.38
4.69,-2.73,-1.25
4.65,-3.1,-1.43
4.65,-3.1,-1.43
4.26,-3.59,-0.39
4.26,-3.59,-0.39
4.26,-3.59,-0.39
3.25,-5.6,-0.86
3.25,-5.6,-0.86
3.25,-5.6,-0.86
5.88,-9.3,0.06
5.88,-9.3,0.06
5.77,-8.77,0.18
5.05,-8.11,0.04
5.32,-8.32,-0.07
5.32,-8.32,-0.07
6.22,-10.2,1.01
6.22,-10.2,1.01
6.22,-10.2,1.01
5.33,-11.24,1.05
5.33,-11.24,1.05
5.33,-11.24,1.05
3.81,-8.49,1.15
3.81,-8.49,1.15
3.81,-8.49,1.15
2.65,-7.81,0.73
2.68,-9.18,3.59
2.68,-9.18,3.59
1.47,-8.37,5.07
1.47,-8.37,5.07
1.47,-8.37,5.07
1.9,-10.05,3.39
1.9,-10.05,3.39
1.9,-10.05,3.39
0.93,-8.97,3.31
0.93,-8.97,3.31
0.65,-7.94,4.19
0.27,-10.43,4.04
0.27,-10.43,4.04
0.27,-10.43,4.04
-2.2,-10.23,4.4
-2.2,-10.23,4.4
-2.2,-10.23,4.4
0.07,-8.18,5.36
0.07,-8.18,5.36
0.07,-8.18,5.36
-2.43,-9.66,5.76
-2.43,-9.66,5.76
-2.43,-9.66,5.76
-2.39,-9.15,5.46
-2.39,-9.15,5.46
-2.39,-9.15,5.46
-2.56,-9.73,5.89
-2.56,-9.73,5.89
-2.56,-9.73,5.89
-3.21,-8.28,5.5
-3.21,-8.28,5.5
-3.21,-8.28,5.5
-4.18,-9.73,6.46
-4.18,-9.73,6.46
-5.83,-8.67,5.19
-2.31,-8.11,6.62
-2.31,-8.11,6.62
-2.31,-8.11,6.62
-3.88,-8.25,5.89
-3.88,-8.25,5.89
-3.88,-8.25,5.89
-3.24,-8.57,6.53
-3.24,-8.57,6.53
-3.24,-8.57,6.53
-2.5,-5.98,5.43
-2.5,-5.98,5.43
-1.92,-6.73,5.83
-1.78,-7.47,5.85
-1.78,-7.47,5.85
-1.78,-7.47,5.85
-1.42,-6.66,6.12
-1.42,-6.66,6.12
-1.42,-6.66,6.12
-0.7,-7.31,5.9
-0.7,-7.31,5.9
-0.7,-7.31,5.9
-1.76,-6.17,5.43
-1.76,-6.17,5.43
-1.76,-6.17,5.43
-3.72,-7.59,5.98
-3.72,-7.59,5.98
-3.72,-7.59,5.98
-4.23,-6.57,5.47
-4.23,-6.57,5.47
-4.23,-6.57,5.47
-6.04,-6.78,5.33
-6.04,-6.78,5.33
-6.34,-7.49,5.97
-5.75,-6.82,5.69
-5.75,-6.82,5.69
-6.36,-5.38,5.45
-6.63,-6.36,4.37
-6.63,-6.36,4.37
-6.63,-6.36,4.37
-5.56,-7.78,5.92
-5.56,-7.78,5.92
-5.56,-7.78,5.92
-6.13,-4.98,4.76
-6.13,-4.98,4.76
-6.13,-4.98,4.76
-5.07,-7.19,5.35
-5.07,-7.19,5.35
-5.07,-7.19,5.35
-5.86,-5.64,4.67
-5.86,-5.64,4.67
-5.86,-5.64,4.67
-5.44,-6.54,5.08
-5.44,-6.54,5.08
-5.44,-6.54,5.08
-4.94,-6.28,4.69
-4.94,-6.28,4.69
-4.98,-6.19,4.92
-4.64,-6.57,5.27
-4.72,-6.32,5.14
-4.72,-6.32,5.14
-4.77,-6.76,5.13
-4.77,-6.76,5.13
-4.77,-6.76,5.13
-4.7,-5.88,5.22
-4.7,-5.88,5.22
-4.7,-5.88,5.22
-4.89,-6.03,5.37
-4.89,-6.03,5.37
-4.89,-6.03,5.37
-5.17,-5.95,5.04
-5.17,-5.95,5.04
-5.17,-5.95,5.04
-5.24,-5.88,5.13
-5.24,-5.88,5.13
-5.24,-5.88,5.13
-5.38,-6.16,5.43
-5.38,-6.16,5.43
-5.38,-6.16,5.43
-4.9,-6.44,5.72
-4.9,-6.44,5.72
-4.9,-6.44,5.72
-5.22,-5.86,5.43
-5.12,-5.84,5.58
-5.12,-5.84,5.58
-5.98,-5.96,4.93
-5.98,-5.96,4.93
-3.88,-6.59,6.06
-3.88,-6.59,6.06
-3.88,-6.59,6.06
-4.47,-5.36,5.56
-4.47,-5.36,5.56
-4.47,-5.36,5.56
-5.04,-5.81,5.68
-5.04,-5.81,5.68
-5.04,-5.81,5.68
-5.39,-5.85,5.7
-5.39,-5.85,5.7
-5.39,-5.85,5.7
-5.3,-5.48,5.64
-5.3,-5.48,5.64
-5.3,-5.48,5.64
-5.11,-5.62,5.6
-5.11,-5.62,5.6
-5.31,-5.69,5.63
-5.13,-5.52,5.54
-5.13,-5.52,5.54
-5.13,-5.52,5.54
-5.35,-5.64,5.63
-5.35,-5.64,5.63
-5.35,-5.64,5.63
-5.28,-5.64,5.6
-5.28,-5.64,5.6
-5.28,-5.64,5.6
-5.3,-5.81,5.53
-5.3,-5.81,5.53
-5.3,-5.81,5.53
-5.38,-6.1,5.74
-5.38,-6.1,5.74
-5.38,-6.1,5.74
-5.1,-5.58,5.45
-5.1,-5.58,5.45
-5.1,-5.58,5.45
-5.59,-5.55,5.55
-5.59,-5.55,5.55
-5.59,-5.55,5.55
-5.42,-5.65,5.61
-5.42,-5.65,5.61
-5.42,-5.65,5.61
-5.05,-5.89,5.65
-5.05,-5.89,5.65
-5.05,-5.89,5.65
-5.24,-6.0,5.41
-5.24,-6.0,5.41
-5.24,-6.0,5.41
-5.47,-5.71,5.54
-5.47,-5.71,5.54
-5.47,-5.71,5.54
-5.92,-6.64,5.57
-5.92,-6.64,5.57
-5.8,-6.91,5.57
-5.81,-5.52,4.72
-5.81,-5.52,4.72
-5.81,-5.52,4.72
-6.11,-6.76,5.83
-6.11,-6.76,5.83
-6.11,-6.76,5.83
-5.54,-6.97,5.25
-5.54,-6.97,5.25
-5.54,-6.97,5.25
-4.18,-5.76,5.7
-4.18,-5.76,5.7
-4.18,-5.76,5.7
-4.2,-6.46,5.71
-4.2,-6.46,5.71
-3.9,-7.1,5.85
-3.32,-6.78,6.08
-3.32,-6.78,6.08
-3.32,-6.78,6.08
-4.03,-6.03,6.43
-4.03,-6.03,6.43
-4.03,-6.03,6.43
-3.32,-7.07,7.46
-3.32,-7.07,7.46
-3.32,-7.07,7.46
-4.46,-6.07,6.83
-4.46,-6.07,6.83
-4.46,-6.07,6.83
-3.51,-6.05,6.24
-3.51,-6.05,6.24
-3.51,-6.05,6.24
-3.22,-5.54,5.84
-3.22,-5.54,5.84
-3.22,-5.54,5.84
-3.02,-6.17,6.49
-3.02,-6.17,6.49
-3.02,-6.17,6.49
-3.51,-7.05,6.13
-3.42,-6.39,5.45
-3.42,-6.39,5.45
-3.17,-5.46,4.67
-3.17,-5.46,4.67
-3.17,-5.46,4.67
-2.43,-6.47,5.47
-2.43,-6.47,5.47
-2.43,-6.47,5.47
-2.88,-6.68,5.11
-2.88,-6.68,5.11
-2.88,-6.68,5.11
-3.01,-5.7,5.46
-3.02,-6.36,6.39
-3.02,-6.36,6.39
-4.62,-7.48,7.02
-4.62,-7.48,7.02
-4.62,-7.48,7.02
-3.62,-5.99,6.59
-3.62,-5.99,6.59
-3.62,-5.99,6.59
-2.83,-6.59,6.91
-2.83,-6.59,6.91
-2.83,-6.59,6.91
-3.08,-6.68,6.77
-3.08,-6.68,6.77
-3.09,-5.98,6.52
-3.69,-6.01,6.55
-3.69,-6.01,6.55
-3.69,-6.01,6.55
-3.07,-6.16,6.91
-3.07,-6.16,6.91
-3.07,-6.16,6.91
-2.14,-5.69,6.51
-2.14,-5.69,6.51
-2.14,-5.69,6.51
-0.92,-7.23,6.42
-0.92,-7.23,6.42
-0.92,-7.23,6.42
-1.57,-6.88,6.54
-1.57,-6.88,6.54
-1.57,-6.88,6.54
-2.28,-7.65,7.18
-2.28,-7.65,7.18
-2.28,-7.65,7.18
-3.03,-7.22,7.28
-3.03,-7.22,7.28
-3.37,-7.07,7.42
-3.07,-6.78,7.24
-3.07,-6.78,7.24
-3.07,-6.78,7.24
-2.5,-6.82,7.2
-2.5,-6.82,7.2
-2.5,-6.82,7.2
-2.54,-6.46,6.89
-2.54,-6.46,6.89
-2.54,-6.46,6.89
-2.91,-6.88,6.89
-2.91,-6.88,6.89
-4.32,-5.73,6.22
-4.32,-5.73,6.22
-4.32,-5.73,6.22
-4.21,-6.43,5.98
-4.21,-6.43,5.98
-4.21,-6.43,5.98
-3.68,-6.7,6.29
-3.68,-6.7,6.29
-3.68,-6.7,6.29
-3.61,-6.55,5.74
-3.61,-6.55,5.74
-3.65,-6.33,5.43
-3.32,-6.0,5.06
-3.32,-6.0,5.06
-3.32,-6.0,5.06
-3.04,-5.71,5.03
-3.04,-5.71,5.03
-3.04,-5.71,5.03
-3.28,-6.24,5.58
-3.28,-6.24,5.58
-3.6,-6.8,7.05
-3.66,-7.14,7.19
-3.66,-7.14,7.19
-3.25,-6.63,6.52
-3.25,-6.63,6.52
-3.25,-6.63,6.52
-2.9,-6.97,7.12
-2.9,-6.97,7.12
-2.9,-6.97,7.12
-3.17,-7.55,7.01
-3.17,-7.55,7.01
-3.27,-7.67,6.63
-3.21,-7.06,6.26
-3.21,-7.06,6.26
-3.35,-6.36,5.95
-3.5,-6.65,6.07
-3.5,-6.65,6.07
-3.5,-6.65,6.07
-2.98,-6.05,5.87
-2.98,-6.05,5.87
-2.98,-6.05,5.87
-3.76,-5.3,5.81
-3.76,-5.3,5.81
-3.76,-5.3,5.81
-3.13,-4.86,5.88
-3.13,-4.86,5.88
-3.13,-4.86,5.88
-2.84,-5.35,6.26
-2.84,-5.35,6.26
-2.84,-5.35,6.26
-2.68,-6.61,7.21
-2.68,-6.61,7.21
-2.68,-6.61,7.21
-3.04,-7.27,7.82
-3.04,-7.27,7.82
-2.89,-6.77,7.35
-2.89,-6.77,7.35
-2.96,-6.9,7.14
-3.18,-6.33,6.42
-3.18,-6.33,6.42
-3.18,-6.33,6.42
-3.05,-6.46,6.16
-3.05,-6.46,6.16
-3.05,-6.46,6.16
-2.65,-7.03,6.42
-2.65,-7.03,6.42
-2.65,-7.03,6.42
-2.56,-6.94,6.67
-2.36,-6.91,6.6
-2.36,-6.91,6.6
-2.59,-6.93,6.53
-2.59,-6.93,6.53
-2.59,-6.93,6.53
-3.12,-7.27,6.44
-3.12,-7.27,6.44
-3.12,-7.27,6.44
-2.83,-7.35,6.5
-2.83,-7.35,6.5
-2.83,-7.35,6.5
-2.42,-7.14,6.64
-2.04,-7.03,6.73
-2.04,-7.03,6.73
-1.93,-7.58,6.87
-1.93,-7.58,6.87
-1.93,-7.58,6.87
-3.04,-6.64,6.28
-3.04,-6.64,6.28
-3.04,-6.64,6.28
-3.27,-6.88,5.55
-3.27,-6.88,5.55
-3.27,-6.88,5.55
-2.63,-7.14,5.67
-2.63,-7.14,5.67
-2.53,-7.01,5.93
-2.82,-7.21,6.35
-2.82,-7.21,6.35
-2.82,-7.21,6.35
-2.59,-6.39,5.83
-2.59,-6.39,5.83
-2.59,-6.39,5.83
-2.74,-6.61,5.77
-2.74,-6.61,5.77
-2.74,-6.61,5.77
-3.46,-6.74,6.45
-3.46,-6.74,6.45
-3.46,-6.74,6.45
-3.24,-7.5,6.37
-3.24,-7.5,6.37
-3.24,-7.5,6.37
-2.63,-6.93,6.72
-2.63,-6.93,6.72
-2.63,-6.93,6.72
-2.41,-6.87,7.1
-2.41,-6.87,7.1
-2.41,-6.87,7.1
-2.55,-5.85,6.23
-2.55,-5.85,6.23
-2.89,-5.87,6.23
-3.42,-6.71,6.66
-3.42,-6.71,6.66
-3.42,-6.71,6.66
-3.41,-6.6,6.13
-3.41,-6.6,6.13
-3.41,-6.6,6.13
-3.13,-6.46,6.13
-3.13,-6.46,6.13
-3.13,-6.46,6.13
-3.02,-6.75,6.68
-3.02,-6.75,6.68
-3.02,-6.75,6.68
-2.86,-6.7,6.68
-2.86,-6.7,6.68
-2.86,-6.7,6.68
-2.61,-7.09,6.47
-2.61,-7.09,6.47
-2.61,-7.09,6.47
-2.79,-6.76,6.5
-2.79,-6.76,6.5
-2.79,-6.76,6.5
-3.11,-6.13,6.23
-3.24,-6.47,6.34
-3.24,-6.47,6.34
-2.92,-6.6,6.64
-2.92,-6.6,6.64
-2.92,-6.6,6.64
-3.06,-6.07,6.48
-3.06,-6.07,6.48
-3.06,-6.07,6.48
-3.22,-7.0,6.54
-3.22,-7.0,6.54
-3.22,-7.0,6.54
-2.94,-7.06,6.56
-2.94,-7.06,6.56
-3.01,-6.98,6.58
-3.02,-6.89,6.54
-3.02,-6.89,6.54
-3.02,-6.89,6.54
-3.21,-7.22,6.59
-3.21,-7.22,6.59
-3.21,-7.22,6.59
-3.03,-6.67,6.66
-3.03,-6.67,6.66
-3.0,-6.42,6.7
-3.17,-6.98,6.54
-3.17,-6.98,6.54
-3.17,-6.98,6.54
-2.64,-7.36,5.87
-2.64,-7.36,5.87
-2.64,-7.36,5.87
-3.04,-7.13,6.14
-3.04,-7.13,6.14
-3.04,-7.13,6.14
-2.6,-6.94,6.82
-2.6,-6.94,6.82
-2.6,-6.94,6.82
-1.96,-8.13,6.17
-1.96,-8.13,6.17
-1.96,-8.13,6.17
-2.38,-7.68,6.01
-2.38,-7.68,6.01
-2.38,-7.68,6.01
-2.51,-7.91,6.19
-2.51,-7.91,6.19
-2.51,-7.91,6.19
-1.88,-7.18,6.56
-1.88,-7.18,6.56
-2.27,-7.33,6.19
-2.52,-8.11,6.13
-2.33,-8.09,5.99
-2.87,-6.53,5.44
-2.87,-6.53,5.44
-2.87,-6.53,5.44
-2.51,-8.14,6.07
-2.51,-8.14,6.07
-2.51,-8.14,6.07
-2.22,-6.7,5.29
-2.22,-6.7,5.29
-2.22,-6.7,5.29
-2.06,-8.55,6.11
-2.06,-8.55,6.11
-2.06,-8.55,6.11
-1.75,-7.59,5.66
-1.75,-7.59,5.66
-1.75,-7.59,5.66
-0.9,-7.74,5.35
-0.9,-7.74,5.35
-0.9,-7.74,5.35
-1.74,-7.94,5.33
-1.74,-7.94,5.33
-1.84,-8.34,5.46
-1.83,-8.37,5.5
-1.83,-8.37,5.5
-1.83,-8.37,5.5
-1.69,-8.47,5.29
-1.69,-8.47,5.29
-1.69,-8.47,5.29
-1.85,-7.81,5.13
-1.85,-7.81,5.13
-1.85,-7.81,5.13
-1.45,-8.39,4.85
-1.45,-8.39,4.85
-1.45,-8.39,4.85
-0.59,-9.02,4.76
-0.59,-9.02,4.76
-0.59,-9.02,4.76
-0.73,-8.88,4.78
-0.73,-8.88,4.78
-0.73,-8.88,4.78
-1.47,-9.48,4.73
-1.47,-9.48,4.73
-1.47,-9.48,4.73
-1.35,-8.95,4.04
-1.32,-9.47,4.02
-1.32,-9.47,4.02
-1.14,-9.73,3.59
-1.14,-9.73,3.59
-0.9,-9.32,3.63
-0.9,-9.32,3.63
-0.9,-9.32,3.63
-1.09,-9.64,2.99
-1.09,-9.64,2.99
-1.19,-9.67,2.97
-1.19,-9.67,2.97
-0.98,-9.51,2.87
-1.18,-9.43,2.49
-1.18,-9.43,2.49
-1.18,-9.43,2.49
-0.57,-9.26,2.04
-0.57,-9.26,2.04
-0.57,-9.26,2.04
-0.5,-9.54,1.78
-0.5,-9.54,1.78
-0.5,-9.54,1.78
0.43,-9.03,1.36
0.43,-9.03,1.36
0.43,-9.03,1.36
0.44,-9.46,1.35
0.44,-9.46,1.35
0.44,-9.46,1.35
0.45,-9.26,0.42
0.45,-9.26,0.42
0.45,-9.26,0.42
0.55,-10.18,0.37
0.55,-10.18,0.37
0.55,-10.18,0.37
0.58,-9.51,-0.54
0.58,-9.51,-0.54
0.58,-9.51,-0.54
0.44,-10.0,-0.86
0.44,-10.0,-0.86
0.44,-10.0,-0.86
0.54,-9.2,-0.56
0.54,-9.2,-0.56
0.54,-9.2,-0.56
0.86,-8.94,-1.15
0.86,-8.94,-1.15
0.86,-8.94,-1.15
2.4,-4.61,-3.99
2.4,-4.61,-3.99
2.4,-4.61,-3.99
1.99,-9.2,-2.57
1.99,-9.2,-2.57
1.99,-9.2,-2.57
1.82,-8.59,-3.0
1.82,-8.59,-3.0
1.87,-8.71,-3.26
1.87,-8.71,-3.26
1.87,-8.71,-3.26
2.14,-8.11,-3.52
2.14,-8.11,-3.52
2.14,-8.11,-3.52
2.45,-7.78,-3.82
2.45,-7.78,-3.82
2.45,-7.78,-3.82
2.26,-8.26,-3.83
2.26,-8.26,-3.83
2.26,-8.26,-3.83
2.48,-8.45,-4.27
2.48,-8.45,-4.27
2.48,-8.45,-4.27
2.35,-8.16,-4.63
2.35,-8.16,-4.63
2.39,-7.42,-4.66
2.38,-7.65,-4.45
2.38,-7.65,-4.45
2.38,-7.65,-4.45
2.53,-6.81,-4.73
2.53,-6.81,-4.73
2.53,-6.81,-4.73
2.99,-6.43,-4.4
2.99,-6.43,-4.4
2.99,-6.43,-4.4
2.63,-6.69,-4.63
2.63,-6.69,-4.63
2.77,-7.15,-4.45
2.42,-7.74,-4.96
2.42,-7.74,-4.96
2.42,-7.74,-4.96
2.75,-6.55,-5.94
2.75,-6.55,-5.94
2.75,-6.55,-5.94
3.0,-7.07,-5.37
3.0,-7.07,-5.37
3.0,-7.07,-5.37
3.2,-6.13,-5.23
3.2,-6.13,-5.23
2.76,-6.42,-5.53
3.09,-6.46,-5.48
3.09,-6.46,-5.48
3.09,-6.46,-5.48
2.53,-5.09,-6.27
2.53,-5.09,-6.27
2.53,-5.09,-6.27
2.86,-6.63,-5.81
2.86,-6.63,-5.81
3.02,-6.77,-5.73
3.02,-6.77,-5.73
3.12,-7.36,-5.6
2.69,-6.66,-6.04
2.69,-6.66,-6.04
2.69,-6.66,-6.04
3.08,-6.7,-6.17
3.08,-6.7,-6.17
3.08,-6.7,-6.17
2.47,-6.54,-6.11
2.47,-6.54,-6.11
2.47,-6.54,-6.11
2.56,-7.11,-5.99
2.56,-7.11,-5.99
2.56,-7.11,-5.99
2.67,-7.07,-6.35
2.67,-7.07,-6.35
2.67,-7.07,-6.35
2.83,-7.58,-5.93
2.83,-7.58,-5.93
2.19,-6.67,-6.42
2.19,-6.67,-6.42
2.19,-6.67,-6.42
2.22,-6.58,-6.17
2.22,-6.58,-6.17
2.38,-6.76,-5.76
2.21,-5.98,-6.47
2.21,-5.98,-6.47
2.21,-5.98,-6.47
2.83,-7.16,-5.98
2.83,-7.16,-5.98
2.83,-7.16,-5.98
2.72,-6.78,-6.0
2.72,-6.78,-6.0
2.72,-6.78,-6.0
2.63,-7.23,-6.04
2.63,-7.23,-6.04
2.28,-6.41,-6.4
2.45,-7.27,-6.06
2.45,-7.27,-6.06
2.45,-7.27,-6.06
1.99,-6.22,-6.24
1.99,-6.22,-6.24
1.99,-6.22,-6.24
2.17,-7.22,-6.07
2.17,-7.22,-6.07
2.17,-7.22,-6.07
2.27,-6.44,-6.38
2.27,-6.44,-6.38
2.26,-6.67,-6.39
2.33,-7.34,-5.59
2.33,-7.34,-5.59
2.33,-7.34,-5.59
2.43,-7.0,-6.08
2.43,-7.0,-6.08
2.43,-7.0,-6.08
2.21,-6.91,-6.35
2.21,-6.91,-6.35
2.36,-7.23,-6.2
2.32,-7.31,-5.88
2.32,-7.31,-5.88
2.32,-7.31,-5.88
1.9,-6.97,-6.32
1.9,-6.97,-6.32
1.9,-6.97,-6.32
1.78,-6.68,-6.77
1.78,-6.68,-6.77
1.78,-6.68,-6.77
2.23,-6.81,-6.2
2.23,-6.81,-6.2
2.23,-6.81,-6.2
1.87,-6.77,-6.19
1.87,-6.77,-6.19
1.87,-6.77,-6.19
1.73,-6.91,-6.26
1.73,-6.91,-6.26
1.73,-6.91,-6.26
2.09,-7.34,-6.29
2.09,-7.34,-6.29
2.09,-7.34,-6.29
1.9,-6.99,-6.18
1.9,-6.99,-6.18
1.9,-6.99,-6.18
1.57,-6.59,-5.91
1.57,-6.59,-5.91
1.57,-6.59,-5.91
1.62,-7.1,-6.26
1.62,-7.1,-6.26
1.62,-7.1,-6.26
1.47,-6.79,-6.39
1.47,-6.79,-6.39
1.47,-6.79,-6.39
1.44,-7.38,-6.23
1.44,-7.38,-6.23
1.7,-7.34,-6.24
2.0,-7.65,-6.08
2.0,-7.65,-6.08
2.0,-7.65,-6.08
2.31,-6.95,-5.84
2.31,-6.95,-5.84
2.31,-6.95,-5.84
2.07,-7.4,-5.65
2.07,-7.4,-5.65
2.07,-7.4,-5.65
1.76,-7.15,-6.34
1.8,-7.07,-6.2
1.8,-7.07,-6.2
1.66,-7.42,-5.94
1.66,-7.42,-5.94
1.66,-7.42,-5.94
1.53,-6.81,-6.15
1.53,-6.81,-6.15
1.53,-6.81,-6.15
1.86,-7.18,-5.91
1.86,-7.18,-5.91
1.86,-7.18,-5.91
1.84,-6.63,-6.12
1.75,-7.0,-6.09
1.75,-7.0,-6.09
1.68,-6.54,-6.18
1.68,-6.54,-6.18
1.68,-6.54,-6.18
1.81,-6.95,-6.16
1.81,-6.95,-6.16
1.81,-6.95,-6.16
1.76,-6.79,-6.04
1.76,-6.79,-6.04
1.76,-6.79,-6.04
1.85,-6.81,-6.15
1.85,-6.81,-6.15
1.85,-6.81,-6.15
1.85,-6.98,-6.09
1.85,-6.98,-6.09
1.85,-6.98,-6.09
1.69,-6.96,-6.12
1.69,-6.96,-6.12
1.69,-6.96,-6.12
1.88,-7.41,-6.01
1.88,-7.41,-6.01
1.88,-7.41,-6.01
1.87,-7.63,-5.87
1.87,-7.63,-5.87
1.87,-7.63,-5.87
1.92,-7.27,-5.88
1.79,-6.72,-5.97
1.79,-6.72,-5.97
1.88,-7.57,-5.76
1.88,-7.57,-5.76
1.88,-7.57,-5.76
1.75,-7.02,-5.91
1.75,-7.02,-5.91
1.75,-7.02,-5.91
1.86,-7.31,-5.78
1.86,-7.31,-5.78
1.73,-6.73,-6.02
1.85,-6.99,-5.76
1.62,-7.13,-5.82
1.62,-7.13,-5.82
1.5,-7.21,-6.07
1.5,-7.21,-6.07
1.5,-7.21,-6.07
1.63,-7.36,-6.02
1.63,-7.36,-6.02
1.63,-7.36,-6.02
1.78,-7.17,-5.97
1.78,-7.17,-5.97
1.78,-7.17,-5.97
1.89,-6.7,-6.06
1.89,-6.7,-6.06
1.89,-6.7,-6.06
1.95,-7.01,-5.74
1.95,-7.01,-5.74
1.95,-7.01,-5.74
1.61,-6.4,-5.8
1.61,-6.4,-5.8
1.61,-6.4,-5.8
1.53,-7.31,-5.79
1.53,-7.31,-5.79
1.53,-7.31,-5.79
1.71,-7.28,-5.51
1.71,-7.28,-5.51
1.71,-7.28,-5.51
1.37,-6.55,-6.3
1.37,-6.55,-6.3
1.37,-6.55,-6.3
1.31,-7.65,-5.59
1.31,-7.65,-5.59
1.31,-7.65,-5.59
1.59,-8.04,-5.76
1.59,-8.04,-5.76
0.88,-6.24,-5.66
0.88,-6.24,-5.66
0.88,-6.24,-5.66
2.6,-8.04,-5.55
2.6,-8.04,-5.55
2.6,-8.04,-5.55
1.25,-6.98,-5.5
1.25,-6.98,-5.5
1.25,-6.98,-5.5
2.9,-8.14,-4.7
2.9,-8.14,-4.7
2.61,-7.93,-4.69
1.02,-5.81,-6.11
1.02,-5.81,-6.11
1.02,-5.81,-6.11
0.96,-7.43,-5.85
0.96,-7.43,-5.85
0.96,-7.43,-5.85
1.74,-7.35,-5.25
1.74,-7.35,-5.25
1.74,-7.35,-5.25
1.47,-7.55,-5.62
1.47,-7.55,-5.62
1.34,-8.28,-5.56
1.85,-7.8,-5.21
1.85,-7.8,-5.21
1.85,-7.8,-5.21
2.11,-6.88,-5.24
2.11,-6.88,-5.24
2.11,-6.88,-5.24
1.65,-8.12,-5.13
1.65,-8.12,-5.13
1.65,-8.12,-5.13
1.6,-8.42,-5.01
1.6,-8.42,-5.01
1.85,-7.93,-5.03
2.12,-8.16,-5.0
2.12,-8.16,-5.0
2.12,-8.16,-5.0
1.41,-8.12,-5.27
1.41,-8.12,-5.27
1.41,-8.12,-5.27
1.12,-8.33,-4.65
1.12,-8.33,-4.65
1.12,-8.33,-4.65
1.2,-7.61,-4.85
1.2,-7.61,-4.85
1.2,-7.61,-4.85
0.7,-8.27,-4.7
0.7,-8.27,-4.7
0.7,-8.27,-4.7
1.65,-8.41,-4.52
1.65,-8.41,-4.52
1.65,-8.41,-4.52
0.87,-7.74,-5.25
0.87,-7.74,-5.25
0.87,-7.74,-5.25
0.1,-8.9,-4.94
0.1,-8.9,-4.94
0.05,-9.21,-5.04
1.56,-10.02,-4.92
1.56,-10.02,-4.92
1.56,-10.02,-4.92
0.41,-9.06,-5.32
0.41,-9.06,-5.32
0.41,-9.06,-5.32
0.84,-9.52,-4.98
0.84,-9.52,-4.98
0.84,-9.52,-4.98
2.21,-6.87,-6.04
2.21,-6.87,-6.04
1.79,-7.6,-4.85
0.35,-8.05,-4.77
0.35,-8.05,-4.77
0.35,-8.05,-4.77
0.34,-8.43,-4.5
0.34,-8.43,-4.5
0.34,-8.43,-4.5
-0.4,-6.62,-5.48
-0.4,-6.62,-5.48
-0.18,-8.03,-5.89
-0.99,-9.79,-5.76
0.08,-9.08,-5.77
0.08,-9.08,-5.77
1.54,-6.04,-6.62
1.54,-6.04,-6.62
1.54,-6.04,-6.62
1.29,-6.94,-6.46
1.29,-6.94,-6.46
1.29,-6.94,-6.46
1.21,-6.44,-6.73
1.21,-6.44,-6.73
1.21,-6.44,-6.73
0.32,-5.13,-6.37
0.32,-5.13,-6.37
0.32,-5.13,-6.37
-1.25,-4.97,-6.87
-1.25,-4.97,-6.87
-1.25,-4.97,-6.87
1.18,-6.26,-6.86
1.18,-6.26,-6.86
1.18,-6.26,-6.86
-0.87,-5.42,-7.51
-0.87,-5.42,-7.51
-0.87,-5.42,-7.51
-1.52,-6.62,-6.62
-1.52,-6.62,-6.62
-1.52,-6.62,-6.62
0.72,-4.53,-7.03
0.72,-4.53,-7.03
0.72,-4.53,-7.03
-1.44,-6.46,-6.7
-1.44,-6.46,-6.7
-1.44,-6.46,-6.7
0.85,-6.15,-7.14
0.85,-6.15,-7.14
-1.24,-5.84,-7.54
-0.93,-6.6,-6.64
-0.93,-6.6,-6.64
-0.93,-6.6,-6.64
-0.28,-6.27,-7.13
-0.28,-6.27,-7.13
-0.28,-6.27,-7.13
-0.23,-6.34,-6.76
-0.23,-6.34,-6.76
-0.23,-6.34,-6.76
-2.32,-5.51,-7.31
-2.32,-5.51,-7.31
-2.32,-5.51,-7.31
-1.14,-6.0,-7.26
-1.14,-6.0,-7.26
-1.14,-6.0,-7.26
-0.55,-6.04,-6.94
-0.55,-6.04,-6.94
-0.55,-6.04,-6.94
-1.58,-4.98,-7.56
-1.58,-4.98,-7.56
-1.58,-4.98,-7.56
-0.17,-4.98,-6.68
-0.17,-4.98,-6.68
-1.61,-4.56,-7.27
0.15,-5.37,-7.29
0.15,-5.37,-7.29
0.15,-5.37,-7.29
-1.4,-4.95,-7.25
-1.4,-4.95,-7.25
-1.4,-4.95,-7.25
0.12,-5.08,-7.2
0.12,-5.08,-7.2
0.12,-5.08,-7.2
-2.31,-5.9,-7.38
-0.32,-5.15,-7.33
-0.32,-5.15,-7.33
-0.57,-5.73,-7.58
-0.57,-5.73,-7.58
-0.57,-5.73,-7.58
-0.45,-6.06,-7.04
-0.45,-6.06,-7.04
-0.45,-6.06,-7.04
-0.83,-5.56,-8.04
-0.83,-5.56,-8.04
-0.83,-5.56,-8.04
-0.4,-5.95,-7.0
-0.4,-5.95,-7.0
-0.4,-5.95,-7.0
-0.05,-6.46,-7.25
-0.05,-6.46,-7.25
-0.05,-6.46,-7.25
-0.95,-5.25,-7.42
-0.95,-5.25,-7.42
-0.95,-5.25,-7.42
-0.77,-4.63,-7.17
-0.77,-4.63,-7.17
-0.77,-4.63,-7.17
-1.35,-6.32,-7.17
-1.35,-6.32,-7.17
-1.27,-5.96,-7.56
-0.23,-5.55,-7.19
-0.23,-5.55,-7.19
-0.23,-5.55,-7.19
-1.03,-5.43,-7.9
-1.03,-5.43,-7.9
-1.03,-5.43,-7.9
-0.54,-6.36,-7.09
-0.54,-6.36,-7.09
-0.54,-6.36,-7.09
-1.13,-4.88,-7.42
-1.13,-4.88,-7.42
-1.13,-4.88,-7.42
-0.89,-5.68,-7.5
-0.89,-5.68,-7.5
-0.89,-5.68,-7.5
-0.25,-5.31,-7.43
-0.25,-5.31,-7.43
-0.25,-5.31,-7.43
-1.55,-5.57,-7.77
-1.55,-5.57,-7.77
-1.55,-5.57,-7.77
-0.52,-5.65,-6.98
-0.52,-5.65,-6.98
-0.52,-5.65,-6.98
-0.79,-5.09,-7.36
-0.79,-5.09,-7.36
-0.79,-5.09,-7.36
-0.52,-5.6,-7.45
-0.52,-5.6,-7.45
-0.52,-5.6,-7.45
-0.92,-5.62,-7.84
-0.92,-5.62,-7.84
-0.92,-5.62,-7.84
-0.49,-5.51,-7.32
-0.49,-5.51,-7.32
-1.23,-5.26,-7.56
-0.35,-5.32,-7.15
-0.35,-5.32,-7.15
-0.35,-5.32,-7.15
-1.02,-5.29,-7.55
-1.02,-5.29,-7.55
-1.02,-5.29,-7.55
-0.77,-5.86,-7.36
-0.77,-5.86,-7.36
-0.77,-5.86,-7.36
-0.93,-5.38,-7.54
-0.93,-5.38,-7.54
-0.77,-4.93,-7.79
-0.88,-5.52,-7.24
-0.88,-5.52,-7.24
-0.88,-5.52,-7.24
-1.17,-5.44,-7.76
-1.17,-5.44,-7.76
-1.17,-5.44,-7.76
-0.99,-5.44,-7.38
-0.99,-5.44,-7.38
-0.99,-5.44,-7.38
-0.94,-5.57,-7.51
-0.94,-5.57,-7.51
-0.49,-5.3,-7.44
-0.95,-5.31,-7.61
-0.95,-5.31,-7.61
-0.95,-5.31,-7.61
-0.31,-5.14,-7.34
-0.31,-5.14,-7.34
-0.31,-5.14,-7.34
-1.25,-5.41,-7.68
-1.25,-5.41,-7.68
-1.25,-5.41,-7.68
-0.15,-5.18,-7.3
-0.15,-5.18,-7.3
-0.15,-5.18,-7.3
-0.75,-5.19,-7.57
-0.75,-5.19,-7.57
-0.75,-5.19,-7.57
-0.73,-5.25,-7.48
-0.73,-5.25,-7.48
-0.73,-5.25,-7.48
-1.11,-5.71,-7.4
-1.11,-5.71,-7.4
-1.11,-5.71,-7.4
-0.92,-5.06,-7.56
-0.92,-5.06,-7.56
-1.18,-5.49,-7.4
-0.32,-5.12,-7.51
-0.32,-5.12,-7.51
-0.32,-5.12,-7.51
-0.91,-5.28,-7.53
-0.91,-5.28,-7.53
-0.91,-5.28,-7.53
-0.85,-5.5,-7.63
-0.85,-5.5,-7.63
-0.85,-5.5,-7.63
-0.94,-5.43,-7.62
-0.94,-5.43,-7.62
-0.35,-5.16,-7.48
-0.94,-5.3,-7.46
-0.94,-5.3,-7.46
-0.94,-5.3,-7.46
-0.62,-5.1,-7.66
-0.62,-5.1,-7.66
-0.62,-5.1,-7.66
-0.87,-5.31,-7.57
-0.87,-5.31,-7.57
-0.69,-5.21,-7.6
-0.79,-5.37,-7.52
-0.79,-5.37,-7.52
-0.79,-5.37,-7.52
-0.86,-5.3,-7.68
-0.86,-5.3,-7.68
-0.86,-5.3,-7.68
-0.59,-5.4,-7.47
-0.59,-5.4,-7.47
-0.59,-5.4,-7.47
-0.92,-5.44,-7.53
-0.92,-5.44,-7.53
-0.92,-5.44,-7.53
-0.64,-5.63,-7.37
-0.64,-5.63,-7.37
-0.64,-5.63,-7.37
-0.79,-5.26,-7.41
-0.79,-5.26,-7.41
-0.79,-5.26,-7.41
-1.01,-5.44,-7.57
-1.01,-5.44,-7.57
-1.01,-5.44,-7.57
-0.52,-5.13,-7.3
-0.52,-5.13,-7.3
-1.01,-5.16,-7.72
-1.39,-5.83,-7.86
-0.82,-5.94,-7.26
-0.82,-5.94,-7.26
-1.05,-5.13,-7.62
-1.05,-5.13,-7.62
-1.05,-5.13,-7.62
-0.75,-5.42,-7.2
-0.75,-5.42,-7.2
-0.75,-5.42,-7.2
-0.82,-5.16,-7.59
-0.82,-5.16,-7.59
-0.82,-5.16,-7.59
-1.24,-5.99,-7.48
-0.76,-5.34,-7.44
-0.76,-5.34,-7.44
-1.0,-5.45,-7.55
-1.0,-5.45,-7.55
-1.0,-5.45,-7.55
-0.63,-4.89,-7.17
-0.63,-4.89,-7.17
-0.63,-4.89,-7.17
-1.03,-5.21,-7.74
-1.03,-5.21,-7.74
-1.03,-5.21,-7.74
-0.55,-5.6,-7.33
-0.55,-5.6,-7.33
-0.57,-5.21,-7.4
-1.3,-5.95,-7.81
-1.3,-5.95,-7.81
-1.3,-5.95,-7.81
-0.43,-5.0,-7.33
-0.43,-5.0,-7.33
-0.43,-5.0,-7.33
-0.97,-5.37,-7.61
-0.97,-5.37,-7.61
-0.97,-5.37,-7.61
-0.79,-5.62,-7.65
-0.79,-5.62,-7.65
-0.79,-5.62,-7.65
-1.16,-5.02,-7.44
-1.16,-5.02,-7.44
-1.16,-5.02,-7.44
-0.63,-5.32,-7.78
-0.63,-5.32,-7.78
-0.63,-5.32,-7.78
-0.52,-5.43,-7.36
-0.52,-5.43,-7.36
-0.52,-5.43,-7.36
-0.61,-5.3,-7.71
-0.61,-5.3,-7.71
-1.24,-5.44,-7.77
-0.32,-5.32,-7.42
-0.32,-5.32,-7.42
-0.32,-5.32,-7.42
-1.41,-5.44,-7.82
-1.41,-5.44,-7.82
-1.41,-5.44,-7.82
-0.05,-5.29,-7.34
-0.05,-5.29,-7.34
-0.05,-5.29,-7.34
-0.57,-5.55,-7.26
-0.57,-5.55,-7.26
-0.57,-5.55,-7.26
-0.88,-4.69,-7.37
-0.88,-4.69,-7.37
-0.88,-4.69,-7.37
-0.95,-5.48,-7.39
-0.95,-5.48,-7.39
-0.95,-5.48,-7.39
-0.9,-5.06,-7.63
-0.9,-5.06,-7.63
-0.9,-5.06,-7.63
-0.4,-5.59,-7.3
-0.4,-5.59,-7.3
-0.4,-5.59,-7.3
-1.21,-5.27,-7.87
-1.21,-5.27,-7.87
-1.21,-5.27,-7.87
-0.56,-5.39,-7.02
-0.56,-5.39,-7.02
-0.56,-5.39,-7.02
-0.95,-5.42,-7.77
-0.95,-5.42,-7.77
-0.95,-5.42,-7.77
-0.49,-5.38,-7.33
-0.37,-5.09,-7.54
-0.37,-5.09,-7.54
-0.95,-5.53,-7.65
-0.95,-5.53,-7.65
-0.95,-5.53,-7.65
-0.65,-5.39,-7.38
-0.65,-5.39,-7.38
-0.65,-5.39,-7.38
-0.9,-5.49,-7.57
-0.9,-5.49,-7.57
-0.43,-5.58,-7.37
-1.15,-5.51,-7.52
-1.15,-5.51,-7.52
-1.15,-5.51,-7.52
-0.63,-5.32,-7.49
-0.63,-5.32,-7.49
-0.63,-5.32,-7.49
-0.72,-5.6,-7.43
-0.72,-5.6,-7.43
-0.72,-5.6,-7.43
-0.8,-5.28,-7.68
-0.8,-5.28,-7.68
-0.8,-5.28,-7.68
-0.96,-5.1,-7.51
-0.96,-5.1,-7.51
-0.96,-5.1,-7.51
-0.4,-5.65,-7.47
-0.4,-5.65,-7.47
-0.4,-5.65,-7.47
-0.4,-5.47,-7.3
-0.4,-5.47,-7.3
-0.4,-5.47,-7.3
-0.98,-5.8,-7.58
-0.98,-5.8,-7.58
-1.08,-5.33,-7.84
-1.08,-5.33,-7.84
-1.08,-5.33,-7.84
-0.33,-5.21,-7.02
-0.33,-5.21,-7.02
-0.33,-5.21,-7.02
-1.08,-5.44,-7.73
-1.08,-5.44,-7.73
-1.08,-5.44,-7.73
-0.57,-5.46,-7.17
-0.57,-5.46,-7.17
-0.6,-4.93,-7.82
-1.12,-5.7,-7.69
-1.02,-6.27,-7.02
-1.02,-6.27,-7.02
-0.99,-5.21,-7.83
-0.99,-5.21,-7.83
-0.99,-5.21,-7.83
-0.18,-5.32,-7.14
-0.18,-5.32,-7.14
-1.17,-5.58,-7.78
-1.17,-5.58,-7.78
-0.28,-5.57,-7.43
-0.76,-5.35,-7.44
-0.76,-5.35,-7.44
-0.76,-5.35,-7.44
-0.79,-5.93,-7.63
-0.79,-5.93,-7.63
-0.79,-5.93,-7.63
-0.43,-5.22,-7.0
-0.43,-5.22,-7.0
-0.43,-5.22,-7.0
-1.32,-5.71,-7.72
-0.46,-5.53,-7.2
-0.46,-5.53,-7.2
-0.88,-5.42,-7.74
-0.88,-5.42,-7.74
-0.88,-5.42,-7.74
-0.44,-5.48,-7.24
-0.44,-5.48,-7.24
-0.44,-5.48,-7.24
-0.94,-5.31,-7.77
-0.94,-5.31,-7.77
-0.94,-5.31,-7.77
-0.55,-5.7,-7.15
-0.55,-5.7,-7.15
-0.7,-5.14,-7.21
-1.04,-4.87,-7.74
-0.61,-5.5,-7.43
-0.61,-5.5,-7.43
-0.76,-5.17,-7.52
-0.76,-5.17,-7.52
-0.76,-5.17,-7.52
-1.08,-5.86,-7.35
-1.08,-5.86,-7.35
-1.08,-5.86,-7.35
-0.49,-4.88,-7.69
-0.49,-4.88,-7.69
-0.49,-4.88,-7.69
-0.15,-5.36,-7.33
-0.15,-5.36,-7.33
-0.15,-5.36,-7.33
-0.71,-5.27,-7.62
-0.71,-5.27,-7.62
-0.71,-5.27,-7.62
-0.57,-5.19,-7.25
-0.57,-5.19,-7.25
-0.57,-5.19,-7.25
-1.1,-5.59,-7.76
-1.1,-5.59,-7.76
-1.1,-5.59,-7.76
-0.54,-5.21,-7.68
-0.54,-5.21,-7.68
-0.54,-5.21,-7.68
-0.91,-5.68,-7.31
-0.91,-5.68,-7.31
-0.91,-5.68,-7.31
-0.51,-5.3,-7.7
-0.51,-5.3,-7.7
-0.51,-5.3,-7.7
-0.7,-5.6,-7.21
0.03,-5.12,-7.02
0.03,-5.12,-7.02
-1.24,-5.76,-7.8
-1.24,-5.76,-7.8
-1.24,-5.76,-7.8
-0.23,-5.19,-7.26
-0.23,-5.19,-7.26
-0.8,-5.63,-7.71
-0.8,-5.63,-7.71
-0.8,-5.63,-7.71
-0.39,-5.4,-7.35
-0.39,-5.4,-7.35
-0.39,-5.4,-7.35
-1.08,-5.6,-7.58
-1.08,-5.6,-7.58
-1.08,-5.6,-7.58
-0.29,-5.23,-7.45
-0.29,-5.23,-7.45
-0.29,-5.23,-7.45
-0.77,-5.42,-7.55
-0.77,-5.42,-7.55
-0.77,-5.42,-7.55
-0.09,-5.08,-7.41
-0.09,-5.08,-7.41
-1.25,-5.63,-7.69
-0.46,-5.56,-7.2
-0.46,-5.56,-7.2
-0.46,-5.56,-7.2
-0.75,-5.28,-7.69
-0.75,-5.28,-7.69
-0.75,-5.28,-7.69
-0.16,-5.04,-7.27
-0.16,-5.04,-7.27
-0.16,-5.04,-7.27
-1.45,-6.08,-7.74
-1.45,-6.08,-7.74
-1.45,-6.08,-7.74
-0.97,-4.95,-7.66
-0.97,-4.95,-7.66
-0.97,-4.95,-7.66
-0.2,-5.32,-7.42
-0.2,-5.32,-7.42
-0.2,-5.32,-7.42
-0.66,-5.34,-7.76
-0.66,-5.34,-7.76
-0.66,-5.34,-7.76
-0.63,-5.82,-7.48
-0.78,-5.38,-7.13
-0.78,-5.38,-7.13
-0.61,-5.12,-7.93
-0.61,-5.12,-7.93
0.11,-5.55,-6.9
0.11,-5.55,-6.9
0.11,-5.55,-6.9
-1.66,-5.39,-8.12
-1.66,-5.39,-8.12
-1.66,-5.39,-8.12
-0.07,-5.18,-6.99
-0.42,-5.15,-7.47
-0.42,-5.15,-7.47
-0.86,-5.44,-7.56
-0.86,-5.44,-7.56
-0.86,-5.44,-7.56
-0.5,-5.0,-7.44
-0.5,-5.0,-7.44
-0.5,-5.0,-7.44
-0.86,-5.92,-7.53
-0.86,-5.92,-7.53
-0.13,-5.75,-7.01
-0.73,-4.95,-7.75
-0.73,-4.95,-7.75
-0.86,-5.05,-7.98
-0.1,-5.47,-7.69
-0.1,-5.47,-7.69
-0.1,-5.47,-7.69
-0.41,-5.16,-7.3
-0.41,-5.16,-7.3
-0.41,-5.16,-7.3
-1.05,-5.25,-8.0
-1.05,-5.25,-8.0
-1.05,-5.25,-8.0
-0.03,-5.24,-7.14
-0.03,-5.24,-7.14
-0.24,-5.1,-7.56
-0.71,-5.93,-7.59
-0.71,-5.93,-7.59
-0.19,-4.85,-7.25
-0.19,-4.85,-7.25
-0.19,-4.85,-7.25
-1.43,-6.15,-7.69
-1.43,-6.15,-7.69
-1.43,-6.15,-7.69
-0.73,-5.32,-7.86
-0.73,-5.32,-7.86
-0.28,-5.24,-7.15
-0.28,-5.24,-7.15
-0.28,-5.24,-7.15
-0.62,-5.47,-7.74
-0.62,-5.47,-7.74
-0.62,-5.47,-7.74
-0.74,-5.51,-7.23
-0.74,-5.51,-7.23
-0.74,-5.51,-7.23
-0.6,-5.59,-7.92
-0.6,-5.59,-7.92
-0.45,-5.77,-7.51
-0.86,-4.96,-7.55
-0.86,-4.96,-7.55
-0.86,-4.96,-7.55
-0.41,-5.82,-7.26
-0.41,-5.82,-7.26
-0.41,-5.82,-7.26
-0.6,-4.85,-7.49
-0.6,-4.85,-7.49
-0.6,-4.85,-7.49
-0.66,-6.2,-7.5
-0.66,-6.2,-7.5
-0.34,-5.31,-7.23
-0.82,-5.64,-7.79
-0.82,-5.64,-7.79
-0.82,-5.64,-7.79
-0.44,-5.21,-7.06
-0.44,-5.21,-7.06
-0.44,-5.21,-7.06
-0.94,-5.51,-7.75
-0.94,-5.51,-7.75
-0.94,-5.51,-7.75
-0.54,-5.09,-7.54
-0.54,-5.09,-7.54
-0.54,-5.09,-7.54
-0.33,-5.49,-7.56
-0.33,-5.49,-7.56
-0.33,-5.49,-7.56
-0.66,-5.33,-7.3
-0.66,-5.33,-7.3
-0.66,-5.33,-7.3
-0.73,-5.69,-7.51
-0.73,-5.69,-7.51
-0.73,-5.69,-7.51
-0.79,-5.59,-7.92
-0.79,-5.59,-7.92
-0.79,-5.59,-7.92
-0.29,-5.21,-7.34
-0.29,-5.21,-7.34
-0.29,-5.21,-7.34
-0.65,-5.64,-7.51
-0.65,-5.64,-7.51
-0.65,-5.64,-7.51
-0.58,-5.43,-7.54
-0.58,-5.43,-7.54
-0.19,-5.44,-7.56
-0.75,-5.7,-7.26
-0.75,-5.7,-7.26
-0.88,-5.13,-7.75
-0.88,-5.13,-7.75
-0.61,-5.77,-7.05
-0.61,-5.77,-7.05
-0.61,-5.77,-7.05
-0.81,-5.5,-7.82
-0.74,-5.84,-7.71
-0.74,-5.84,-7.71
-0.39,-5.07,-7.42
-0.39,-5.07,-7.42
-0.39,-5.07,-7.42
-0.71,-5.67,-7.66
-0.71,-5.67,-7.66
-0.71,-5.67,-7.66
-0.52,-4.99,-7.19
-0.52,-4.99,-7.19
-0.52,-4.99,-7.19
-0.45,-5.99,-7.46
-0.68,-5.68,-7.14
-0.68,-5.68,-7.14
-0.62,-5.31,-8.06
-0.62,-5.31,-8.06
-0.62,-5.31,-8.06
-0.65,-5.73,-7.36
-0.65,-5.73,-7.36
-0.65,-5.73,-7.36
-0.55,-5.48,-7.54
-0.55,-5.48,-7.54
-0.55,-5.48,-7.54
-0.49,-5.02,-7.02
-0.49,-5.02,-7.02
-0.38,-4.95,-7.37
-0.63,-5.42,-7.8
-0.67,-5.63,-7.58
-0.67,-5.63,-7.58
-0.08,-4.92,-7.56
-0.08,-4.92,-7.56
-0.08,-4.92,-7.56
-1.12,-6.21,-7.62
-1.12,-6.21,-7.62
-1.12,-6.21,-7.62
-0.22,-5.13,-7.33
-0.22,-5.13,-7.33
-0.22,-5.13,-7.33
-0.07,-5.11,-7.24
-0.07,-5.11,-7.24
-0.51,-5.68,-7.69
-0.51,-5.68,-7.69
-0.51,-5.68,-7.69
-0.64,-5.5,-7.52
-0.64,-5.5,-7.52
-0.64,-5.5,-7.52
-0.15,-5.27,-7.47
-0.42,-5.61,-7.38
-0.42,-5.61,-7.38
-0.39,-4.98,-7.67
-0.39,-4.98,-7.67
-0.39,-4.98,-7.67
-0.41,-5.7,-7.43
-0.41,-5.7,-7.43
-0.41,-5.7,-7.43
-0.48,-5.32,-7.77
-0.48,-5.32,-7.77
-0.48,-5.32,-7.77
-0.54,-5.62,-7.21
-0.54,-5.62,-7.21
-0.66,-4.82,-7.46
-0.47,-6.05,-7.35
-0.47,-6.05,-7.35
-0.47,-6.05,-7.35
-0.57,-4.6,-7.7
-0.57,-4.6,-7.7
-0.57,-4.6,-7.7
-0.34,-6.05,-7.32
-0.34,-6.05,-7.32
-0.34,-6.05,-7.32
-0.72,-4.87,-7.94
-0.72,-4.87,-7.94
-0.72,-4.87,-7.94
0.11,-6.05,-7.15
0.04,-5.25,-7.22
0.04,-5.25,-7.22
-1.0,-5.45,-7.88
-1.0,-5.45,-7.88
-1.0,-5.45,-7.88
0.06,-5.57,-7.35
0.06,-5.57,-7.35
0.06,-5.57,-7.35
-0.4,-5.73,-7.15
-0.4,-5.73,-7.15
-0.4,-5.73,-7.15
-1.03,-5.25,-7.57
-1.03,-5.25,-7.57
-1.03,-5.25,-7.57
-0.54,-5.65,-7.22
-0.54,-5.65,-7.22
-0.54,-5.65,-7.22
-0.69,-5.25,-7.58
-0.69,-5.25,-7.58
-0.7,-5.79,-7.74
-0.08,-5.76,-7.19
-0.08,-5.76,-7.19
-1.09,-4.99,-7.82
-1.09,-4.99,-7.82
-1.09,-4.99,-7.82
-0.23,-5.6,-7.31
-0.23,-5.6,-7.31
-0.23,-5.6,-7.31
-0.28,-5.13,-7.6
-0.28,-5.13,-7.6
-0.28,-5.13,-7.6
-0.76,-5.69,-7.33
-0.76,-5.69,-7.33
-0.76,-5.69,-7.33
-0.27,-5.28,-7.55
-0.27,-5.28,-7.55
-0.27,-5.28,-7.55
-0.59,-5.32,-7.55
-0.59,-5.32,-7.55
-0.59,-5.32,-7.55
-0.3,-5.72,-7.28
-0.3,-5.72,-7.28
-0.3,-5.72,-7.28
-0.99,-5.4,-7.51
-0.99,-5.4,-7.51
-0.45,-5.58,-7.29
-0.18,-4.99,-7.59
-0.18,-4.99,-7.59
-0.18,-4.99,-7.59
-0.71,-5.58,-7.58
-0.71,-5.58,-7.58
-0.71,-5.58,-7.58
-0.09,-5.33,-7.6
-0.09,-5.33,-7.6
-0.09,-5.33,-7.6
-0.29,-5.42,-7.32
-0.29,-5.42,-7.32
-0.29,-5.42,-7.32
-1.02,-5.48,-7.91
-1.02,-5.48,-7.91
-1.02,-5.48,-7.91
0.1,-5.29,-6.96
0.1,-5.29,-6.96
0.1,-5.29,-6.96
-1.08,-5.58,-7.98
-1.08,-5.58,-7.98
-1.08,-5.58,-7.98
-0.03,-5.16,-7.24
-0.03,-5.16,-7.24
-0.55,-5.22,-7.77
0.07,-5.25,-7.06
0.07,-5.25,-7.06
0.07,-5.25,-7.06
-1.47,-5.46,-7.88
-1.47,-5.46,-7.88
-1.47,-5.46,-7.88
-0.06,-5.76,-7.15
-0.06,-5.76,-7.15
-0.8,-5.65,-7.83
-0.71,-5.86,-7.55
-0.71,-5.86,-7.55
-0.13,-4.92,-7.35
-0.13,-4.92,-7.35
-0.13,-4.92,-7.35
-0.38,-5.72,-7.29
-0.38,-5.72,-7.29
-0.38,-5.72,-7.29
-1.0,-5.32,-7.87
-1.0,-5.32,-7.87
-0.74,-5.87,-7.72
0.22,-5.69,-7.1
-0.07,-4.88,-7.21
-0.07,-4.88,-7.21
0.94,-4.5,-7.55
0.94,-4.5,-7.55
0.94,-4.5,-7.55
-21.44,-5.56,-12.17
-21.44,-5.56,-12.17
