aX,aY,aZ
-31.67,-3.67,-6.93
13.66,-2.86,4.21
13.66,-2.86,4.21
13.66,-2.86,4.21
8.54,-8.45,-13.29
8.54,-8.45,-13.29
0.08,-5.87,-12.65
6.66,-5.41,-9.39
6.66,-5.41,-9.39
6.66,-5.41,-9.39
2.38,-6.33,-8.33
2.38,-6.33,-8.33
2.38,-6.33,-8.33
0.1,-5.23,-8.15
0.1,-5.23,-8.15
0.1,-5.23,-8.15
0.81,-5.33,-6.68
0.81,-5.33,-6.68
1.55,-5.16,-6.29
1.59,-4.41,-7.73
1.59,-4.41,-7.73
1.59,-4.41,-7.73
1.94,-5.73,-8.1
1.94,-5.73,-8.1
1.94,-5.73,-8.1
1.84,-5.08,-8.03
1.84,-5.08,-8.03
1.84,-5.08,-8.03
2.09,-5.44,-7.84
2.09,-5.44,-7.84
2.09,-5.44,-7.84
2.16,-5.06,-7.53
2.16,-5.06,-7.53
2.16,-5.06,-7.53
1.89,-5.02,-7.49
1.89,-5.02,-7.49
1.89,-5.02,-7.49
1.88,-5.39,-7.65
1.88,-5.39,-7.65
1.88,-5.39,-7.65
1.83,-5.32,-7.59
1.83,-5.32,-7.59
1.83,-5.32,-7.59
1.73,-5.55,-7.48
1.73,-5.46,-7.64
1.73,-5.46,-7.64
1.86,-5.44,-7.69
1.86,-5.44,-7.69
1.86,-5.44,-7.69
1.93,-5.46,-7.48
1.93,-5.46,-7.48
1.93,-5.46,-7.48
1.56,-5.34,-7.54
1.56,-5.34,-7.54
1.85,-5.1,-7.46
2.16,-5.15,-7.75
2.16,-5.15,-7.75
2.16,-5.15,-7.75
2.05,-5.49,-7.51
2.05,-5.49,-7.51
2.05,-5.49,-7.51
2.08,-5.3,-7.43
2.08,-5.3,-7.43
2.08,-5.3,-7.43
2.05,-5.37,-7.58
2.05,-5.37,-7.58
2.05,-5.3,-7.56
1.72,-5.15,-7.54
1.72,-5.15,-7.54
1.72,-5.15,-7.54
1.77,-5.4,-7.45
1.77,-5.4,-7.45
1.77,-5.4,-7.45
1.89,-5.28,-7.44
1.89,-5.28,-7.44
2.04,-5.41,-7.42
2.27,-5.45,-7.46
2.27,-5.45,-7.46
2.29,-5.48,-7.43
2.21,-5.7,-7.58
2.21,-5.7,-7.58
2.21,-5.7,-7.58
2.23,-5.78,-7.49
2.23,-5.78,-7.49
2.23,-5.78,-7.49
2.11,-5.66,-7.48
2.11,-5.66,-7.48
2.11,-5.66,-7.48
2.0,-5.47,-7.54
2.0,-5.47,-7.54
2.07,-5.13,-7.44
2.13,-5.35,-7.4
2.13,-5.35,-7.4
2.13,-5.35,-7.4
1.94,-5.81,-7.48
1.94,-5.81,-7.48
1.94,-5.81,-7.48
2.54,-5.49,-7.4
2.54,-5.49,-7.4
2.54,-5.49,-7.4
2.61,-5.62,-7.62
2.61,-5.62,-7.62
2.76,-5.8,-7.56
2.6,-5.55,-7.61
2.6,-5.55,-7.61
2.6,-5.55,-7.61
2.14,-5.33,-7.39
2.14,-5.33,-7.39
1.68,-5.19,-7.26
1.68,-5.19,-7.26
1.68,-5.19,-7.26
1.81,-5.18,-6.96
1.67,-5.37,-6.79
1.67,-5.37,-6.79
1.7,-5.34,-7.01
1.7,-5.34,-7.01
1.7,-5.34,-7.01
1.88,-5.86,-7.08
1.88,-5.86,-7.08
1.88,-5.86,-7.08
2.21,-5.49,-7.55
2.21,-5.49,-7.55
2.21,-5.49,-7.55
2.72,-5.83,-7.59
3.39,-6.55,-7.34
3.39,-6.55,-7.34
3.92,-6.58,-7.57
3.92,-6.58,-7.57
3.92,-6.58,-7.57
3.03,-6.68,-7.48
3.03,-6.68,-7.48
3.03,-6.68,-7.48
2.7,-6.19,-7.47
2.7,-6.19,-7.47
2.83,-5.95,-7.47
2.66,-5.65,-7.31
2.15,-5.42,-6.94
2.15,-5.42,-6.94
0.79,-5.04,-6.34
0.79,-5.04,-6.34
0.79,-5.04,-6.34
-0.01,-4.55,-6.03
-0.01,-4.55,-6.03
-0.01,-4.55,-6.03
-0.78,-5.1,-5.48
-0.78,-5.1,-5.48
-0.68,-4.45,-5.06
-0.05,-3.73,-4.74
0.44,-3.52,-4.79
0.44,-3.52,-4.79
0.09,-5.98,-4.8
0.09,-5.98,-4.8
0.09,-5.98,-4.8
1.37,-6.05,-3.74
1.37,-6.05,-3.74
1.37,-6.05,-3.74
2.65,-5.39,-3.23
2.65,-5.39,-3.23
2.49,-5.94,-3.62
2.68,-7.82,-3.22
3.67,-8.99,-2.72
3.67,-8.99,-2.72
3.97,-8.74,-2.46
3.97,-8.74,-2.46
3.97,-8.74,-2.46
4.96,-9.16,-1.84
4.96,-9.16,-1.84
4.96,-9.16,-1.84
4.7,-9.69,-1.58
4.7,-9.69,-1.58
4.18,-9.97,-1.02
4.34,-10.38,-0.5
4.34,-10.38,-0.5
4.34,-10.38,-0.5
4.32,-10.2,-0.79
4.32,-10.2,-0.79
4.32,-10.2,-0.79
2.96,-9.94,0.3
2.96,-9.94,0.3
2.96,-9.94,0.3
3.06,-10.83,0.86
3.06,-10.83,0.86
3.06,-10.83,0.86
1.82,-9.95,0.26
1.82,-9.95,0.26
1.82,-9.95,0.26
1.48,-9.15,3.8
1.48,-9.15,3.8
1.48,-9.15,3.8
0.94,-10.57,1.53
0.94,-10.57,1.53
0.94,-10.57,1.53
1.17,-10.52,2.43
1.17,-10.52,2.43
1.17,-10.52,2.43
-0.11,-9.97,2.49
-0.11,-9.97,2.49
-0.22,-10.74,2.15
-1.68,-10.34,1.63
-1.68,-10.34,1.63
-1.68,-10.34,1.63
-1.34,-9.38,2.03
-1.34,-9.38,2.03
-1.34,-9.38,2.03
-1.5,-10.92,2.43
-1.39,-10.92,2.28
-1.39,-10.92,2.28
-1.86,-8.61,0.91
-1.86,-8.61,0.91
-1.86,-8.61,0.91
-2.36,-9.29,1.88
-2.36,-9.29,1.88
-2.36,-9.29,1.88
-2.99,-10.18,1.94
-2.99,-10.18,1.94
-2.99,-10.18,1.94
-3.24,-8.35,1.25
-3.55,-9.25,1.53
-3.55,-9.25,1.53
-2.98,-10.28,1.75
-2.98,-10.28,1.75
-2.98,-10.28,1.75
-2.25,-9.68,1.44
-2.25,-9.68,1.44
-2.25,-9.68,1.44
-1.87,-9.75,1.68
-1.87,-9.75,1.68
-1.87,-9.75,1.68
-1.43,-10.44,2.15
-1.43,-10.44,2.15
-1.39,-10.62,1.96
-0.76,-9.75,0.77
-0.76,-9.75,0.77
-0.76,-9.75,0.77
-0.54,-10.7,0.49
-0.54,-10.7,0.49
-0.54,-10.7,0.49
0.56,-11.96,2.47
0.56,-11.96,2.47
0.56,-11.96,2.47
0.27,-11.61,1.59
0.27,-11.61,1.59
0.27,-11.61,1.59
-1.65,-12.21,1.37
-1.65,-12.21,1.37
-1.65,-12.21,1.37
-1.53,-12.79,1.04
-1.53,-12.79,1.04
-1.53,-12.79,1.04
-1.44,-12.88,0.7
-1.44,-12.88,0.7
-1.44,-12.88,0.7
-0.66,-12.81,0.87
-0.66,-12.81,0.87
-0.37,-12.59,0.9
-0.37,-12.15,0.68
-0.42,-11.63,0.6
-0.42,-11.63,0.6
-0.25,-10.66,-0.41
-0.25,-10.66,-0.41
-0.25,-10.66,-0.41
0.23,-9.65,-0.47
0.23,-9.65,-0.47
0.23,-9.65,-0.47
0.19,-8.99,-0.57
0.19,-8.99,-0.57
0.19,-8.99,-0.57
1.02,-7.03,-0.79
1.31,-5.07,-3.39
1.31,-5.07,-3.39
1.84,-3.77,-3.2
1.84,-3.77,-3.2
1.84,-3.77,-3.2
2.11,-1.5,-3.03
2.11,-1.5,-3.03
2.11,-1.5,-3.03
3.28,-0.16,-1.98
3.28,-0.16,-1.98
3.13,-0.01,-1.02
3.13,-0.01,-1.02
3.13,-0.01,-1.02
4.14,-1.72,-0.05
4.14,-1.72,-0.05
4.14,-1.72,-0.05
3.48,-1.99,0.87
3.48,-1.99,0.87
3.48,-1.99,0.87
3.53,-3.69,1.01
3.53,-3.69,1.01
4.74,-4.59,1.01
3.22,-5.81,1.08
3.22,-5.81,1.08
3.22,-5.81,1.08
1.52,-9.11,8.89
1.52,-9.11,8.89
1.52,-9.11,8.89
0.81,-11.9,5.87
0.81,-11.9,5.87
0.81,-11.9,5.87
-0.21,-10.15,6.03
-0.21,-10.15,6.03
-1.22,-10.11,5.42
-1.83,-14.17,7.26
-1.83,-14.17,7.26
-1.83,-14.17,7.26
-1.85,-10.08,6.98
-1.85,-10.08,6.98
-1.85,-10.08,6.98
-2.32,-11.52,6.94
-2.32,-11.52,6.94
-2.32,-11.52,6.94
-2.24,-10.06,7.17
-2.24,-10.06,7.17
-2.24,-10.06,7.17
-2.85,-9.7,6.34
-2.85,-9.7,6.34
-2.85,-9.7,6.34
-2.32,-9.24,6.8
-2.32,-9.24,6.8
-2.32,-9.24,6.8
-3.02,-8.89,6.63
-3.02,-8.89,6.63
-3.13,-8.87,6.51
-3.16,-8.54,6.72
-3.16,-8.54,6.72
-3.13,-8.45,6.99
-2.28,-7.36,6.57
-2.28,-7.36,6.57
-2.28,-7.36,6.57
-4.07,-8.1,6.15
-4.07,-8.1,6.15
-4.07,-8.1,6.15
-4.04,-7.57,6.19
-4.04,-7.57,6.19
-2.81,-6.14,5.99
-3.19,-6.66,6.11
-3.19,-6.66,6.11
-3.28,-7.07,6.37
-2.61,-6.82,6.51
-2.61,-6.82,6.51
-2.61,-6.82,6.51
-3.05,-6.48,6.2
-3.05,-6.48,6.2
-3.05,-6.48,6.2
-2.81,-6.78,6.21
-2.81,-6.78,6.21
-2.85,-6.65,6.26
-2.83,-6.1,6.07
-2.83,-6.1,6.07
-2.83,-6.1,6.07
-2.68,-6.64,6.49
-2.68,-6.64,6.49
-2.68,-6.64,6.49
-2.77,-6.67,6.13
-2.77,-6.67,6.13
-2.77,-6.67,6.13
-2.47,-7.18,6.42
-2.47,-7.18,6.42
-2.47,-7.18,6.42
-2.82,-5.41,5.47
-2.82,-5.41,5.47
-2.82,-5.41,5.47
-2.99,-7.23,6.36
-2.99,-7.23,6.36
-2.99,-7.23,6.36
-2.82,-6.8,5.87
-2.82,-6.8,5.87
-2.82,-6.8,5.87
-2.3,-6.85,5.52
-2.3,-6.85,5.52
-2.55,-6.4,5.03
-3.04,-6.38,4.84
-2.9,-6.38,4.83
-2.9,-6.38,4.83
-3.74,-6.17,4.76
-3.74,-6.17,4.76
-3.74,-6.17,4.76
-5.72,-7.04,5.22
-5.72,-7.04,5.22
-5.72,-7.04,5.22
-6.14,-7.39,5.44
-6.14,-7.39,5.44
-5.82,-7.78,5.7
-5.46,-7.5,6.57
-5.34,-6.59,6.03
-5.34,-6.59,6.03
-6.16,-5.75,5.84
-6.16,-5.75,5.84
-6.16,-5.75,5.84
-6.67,-5.74,4.98
-6.67,-5.74,4.98
-6.67,-5.74,4.98
-5.55,-5.78,5.06
-5.55,-5.78,5.06
-5.55,-5.78,5.06
-5.19,-6.62,5.47
-5.19,-6.62,5.47
-4.79,-6.84,5.82
-4.63,-5.67,5.05
-4.63,-5.67,5.05
-4.63,-5.67,5.05
-4.5,-6.1,5.06
-4.5,-6.1,5.06
-4.5,-6.1,5.06
-4.98,-6.57,5.57
-4.98,-6.57,5.57
-4.98,-6.57,5.57
-4.78,-6.0,5.22
-5.02,-6.44,5.39
-5.02,-6.44,5.39
-5.09,-6.55,5.51
-5.09,-6.55,5.51
-5.09,-6.55,5.51
-4.98,-6.09,5.52
-4.98,-6.09,5.52
-4.98,-6.09,5.52
-5.07,-5.88,5.39
-5.07,-5.88,5.39
-5.07,-5.88,5.39
-4.92,-5.97,5.33
-4.92,-5.97,5.33
-4.92,-5.97,5.33
-4.89,-6.23,5.62
-4.89,-6.23,5.62
-4.89,-6.23,5.62
-5.05,-6.0,5.31
-5.05,-6.0,5.31
-5.05,-6.0,5.31
-5.25,-6.12,5.29
-5.25,-6.12,5.29
-5.25,-6.12,5.29
-5.22,-6.23,5.39
-5.22,-6.23,5.39
-5.14,-6.2,5.44
-5.3,-6.0,5.37
-5.3,-6.0,5.37
-5.3,-6.0,5.37
-5.12,-6.07,5.56
-5.12,-6.07,5.56
-5.12,-6.07,5.56
-5.32,-5.78,5.22
-5.32,-5.78,5.22
-5.32,-5.78,5.22
-5.41,-6.69,5.72
-5.41,-6.69,5.72
-5.5,-6.47,5.32
-5.61,-5.96,4.45
-5.61,-5.96,4.45
-5.04,-6.68,5.37
-5.04,-6.68,5.37
-5.04,-6.68,5.37
-6.6,-7.05,5.66
-6.6,-7.05,5.66
-6.6,-7.05,5.66
-3.89,-6.22,5.82
-3.89,-6.22,5.82
-3.89,-6.22,5.82
-3.76,-7.24,5.98
-3.76,-7.24,5.98
-3.76,-7.24,5.98
-3.14,-5.92,5.56
-3.14,-5.92,5.56
-3.14,-5.92,5.56
-3.78,-6.72,6.1
-3.78,-6.72,6.1
-3.78,-6.72,6.1
-3.67,-5.71,5.71
-3.67,-5.71,5.71
-3.67,-5.71,5.71
-3.7,-6.07,6.21
-3.7,-6.07,6.21
-3.7,-6.07,6.21
-2.97,-6.04,6.46
-2.97,-6.04,6.46
-2.97,-6.04,6.46
-2.33,-6.91,6.53
-2.33,-6.91,6.53
-2.32,-6.82,6.52
-2.16,-6.66,6.39
-1.98,-6.13,6.54
-1.98,-6.13,6.54
-2.28,-6.49,6.91
-2.28,-6.49,6.91
-2.28,-6.49,6.91
-2.53,-6.67,6.96
-2.53,-6.67,6.96
-2.53,-6.67,6.96
-2.42,-6.55,7.12
-2.42,-6.55,7.12
-2.46,-6.6,6.91
-2.69,-6.63,6.84
-2.76,-6.73,6.84
-2.76,-6.73,6.84
-2.56,-5.98,6.57
-2.56,-5.98,6.57
-2.56,-5.98,6.57
-2.88,-6.77,7.04
-2.88,-6.77,7.04
-2.88,-6.77,7.04
-2.62,-6.73,7.14
-2.62,-6.13,7.01
-2.62,-6.13,7.01
-3.0,-6.22,7.11
-3.0,-6.22,7.11
-3.0,-6.22,7.11
-2.76,-6.34,7.1
-2.76,-6.34,7.1
-2.76,-6.34,7.1
-2.64,-6.02,6.86
-2.64,-6.02,6.86
-2.64,-6.02,6.86
-2.62,-6.0,6.64
-2.68,-6.36,6.83
-2.68,-6.36,6.83
-3.03,-6.44,6.69
-3.03,-6.44,6.69
-3.03,-6.44,6.69
-3.69,-6.8,6.47
-3.69,-6.8,6.47
-3.69,-6.8,6.47
-3.38,-5.83,6.18
-3.38,-5.83,6.18
-3.38,-5.83,6.18
-2.65,-6.55,6.91
-2.65,-6.55,6.91
-2.65,-6.55,6.91
-2.4,-5.53,6.46
-2.4,-5.53,6.46
-2.4,-5.53,6.46
-2.79,-6.14,6.48
-2.79,-6.14,6.48
-2.79,-6.14,6.48
-2.75,-6.36,6.72
-2.75,-6.36,6.72
-2.75,-6.36,6.72
-2.78,-6.24,6.69
-2.78,-6.24,6.69
-2.78,-6.24,6.69
-2.86,-6.12,6.75
-2.86,-6.12,6.75
-2.86,-6.12,6.75
-2.74,-5.87,6.86
-2.74,-5.87,6.86
-2.74,-5.87,6.86
-2.25,-6.21,7.02
-2.25,-6.21,7.02
-2.25,-6.21,7.02
-2.86,-5.77,6.94
-2.86,-5.77,6.94
-2.97,-5.9,7.05
-2.79,-6.06,7.13
-2.79,-6.06,7.13
-2.79,-6.06,7.13
-2.82,-6.14,7.21
-2.82,-6.14,7.21
-2.82,-6.14,7.21
-2.67,-6.23,7.25
-2.67,-6.23,7.25
-2.67,-6.23,7.25
-2.9,-6.07,7.25
-2.9,-6.07,7.25
-2.77,-6.36,7.34
-2.45,-6.48,7.17
-2.45,-6.48,7.17
-2.45,-6.48,7.17
-2.35,-6.16,6.92
-2.35,-6.16,6.92
-2.37,-6.78,7.25
-2.37,-6.78,7.25
-2.37,-6.78,7.25
-2.78,-6.89,7.06
-2.78,-6.89,7.06
-2.78,-6.89,7.06
-2.61,-6.57,6.76
-2.61,-6.57,6.76
-2.61,-6.57,6.76
-2.31,-6.89,7.02
-2.31,-6.89,7.02
-2.31,-6.89,7.02
-2.23,-6.86,7.09
-2.23,-6.86,7.09
-2.23,-6.86,7.09
-2.61,-7.01,7.2
-2.61,-7.01,7.2
-2.65,-6.88,7.18
-2.6,-6.33,6.86
-2.6,-6.33,6.86
-2.6,-6.33,6.86
-2.37,-6.44,6.43
-2.37,-6.44,6.43
-2.37,-6.44,6.43
-2.41,-6.31,5.94
-2.41,-6.31,5.94
-2.41,-6.31,5.94
-2.93,-7.09,6.33
-2.93,-7.09,6.33
-2.93,-7.09,6.33
-2.91,-6.76,6.17
-2.91,-6.76,6.17
-2.91,-6.76,6.17
-2.36,-7.0,6.34
-2.36,-7.0,6.34
-2.36,-7.0,6.34
-2.69,-6.51,6.88
-2.69,-6.51,6.88
-2.69,-6.51,6.88
-2.7,-6.37,7.19
-2.7,-6.37,7.19
-2.7,-6.37,7.19
-2.3,-6.21,6.89
-2.3,-6.21,6.89
-2.3,-6.21,6.89
-2.67,-5.96,6.48
-2.67,-5.96,6.48
-2.67,-5.96,6.48
-3.25,-6.79,6.85
-3.25,-6.79,6.85
-3.25,-6.79,6.85
-2.98,-6.83,7.04
-2.78,-6.48,6.82
-2.78,-6.48,6.82
-2.57,-6.15,6.64
-2.57,-6.15,6.64
-2.57,-6.15,6.64
-2.53,-6.4,7.03
-2.53,-6.4,7.03
-2.53,-6.4,7.03
-2.93,-6.49,7.01
-2.93,-6.49,7.01
-3.01,-6.51,6.9
-2.94,-6.61,6.61
-2.94,-6.61,6.61
-2.94,-6.61,6.61
-2.75,-6.14,6.54
-2.75,-6.14,6.54
-2.75,-6.14,6.54
-2.84,-6.7,7.03
-2.84,-6.7,7.03
-2.84,-6.7,7.03
-2.62,-6.64,6.93
-2.62,-6.64,6.93
-2.62,-6.64,6.93
-2.74,-6.15,6.58
-2.74,-6.15,6.58
-2.83,-6.49,6.67
-2.72,-6.49,6.75
-2.72,-6.49,6.75
-2.72,-6.49,6.75
-2.88,-6.34,6.67
-2.88,-6.34,6.67
-2.88,-6.34,6.67
-2.85,-6.31,6.8
-2.85,-6.31,6.8
-2.85,-6.31,6.8
-2.79,-6.37,7.03
-2.79,-6.37,7.03
-2.76,-6.46,7.08
-2.89,-6.33,6.84
-2.89,-6.33,6.84
-2.89,-6.33,6.84
-2.7,-6.15,6.61
-2.7,-6.15,6.61
-2.7,-6.15,6.61
-3.04,-6.02,6.82
-3.04,-6.02,6.82
-3.04,-6.02,6.82
-3.06,-6.25,6.97
-3.09,-6.28,6.95
-3.09,-6.28,6.95
-2.85,-6.29,6.72
-2.85,-6.29,6.72
-2.85,-6.29,6.72
-2.87,-6.48,6.7
-2.87,-6.48,6.7
-2.87,-6.48,6.7
-2.95,-6.51,7.05
-2.95,-6.51,7.05
-2.95,-6.51,7.05
-2.97,-5.96,7.1
-3.06,-5.92,6.95
-3.06,-5.92,6.95
-2.98,-5.38,6.65
-2.98,-5.38,6.65
-2.98,-5.38,6.65
-3.0,-6.19,7.18
-3.0,-6.19,7.18
-3.0,-6.19,7.18
-2.86,-6.78,7.52
-2.86,-6.78,7.52
-2.86,-6.78,7.52
-2.99,-6.24,6.7
-3.19,-6.19,6.45
-3.19,-6.19,6.45
-2.9,-6.8,7.15
-2.9,-6.8,7.15
-2.9,-6.8,7.15
-2.84,-7.04,7.29
-2.84,-7.04,7.29
-2.84,-7.04,7.29
-2.41,-7.28,6.94
-2.41,-7.28,6.94
-2.36,-7.09,7.04
-2.11,-7.05,7.26
-2.11,-7.05,7.26
-2.23,-7.07,7.44
-2.23,-7.07,7.44
-2.23,-7.07,7.44
-2.5,-6.56,7.46
-2.5,-6.56,7.46
-2.5,-6.56,7.46
-2.93,-6.54,5.78
-2.93,-6.54,5.78
-2.93,-6.54,5.78
-1.59,-6.97,7.04
-1.65,-8.16,7.31
-1.65,-8.16,7.31
-1.47,-6.9,6.29
-1.47,-6.9,6.29
-1.47,-6.9,6.29
-2.51,-7.09,6.01
-2.51,-7.09,6.01
-2.51,-7.09,6.01
-2.47,-7.18,5.88
-2.47,-7.18,5.88
-2.31,-7.59,6.23
-1.31,-7.48,6.74
-1.31,-7.48,6.74
-1.31,-7.48,6.74
-1.59,-7.48,6.39
-1.59,-7.48,6.39
-1.59,-7.48,6.39
-1.3,-7.93,6.45
-1.3,-7.93,6.45
-1.3,-7.93,6.45
-1.4,-7.63,5.97
-1.4,-7.63,5.97
-0.8,-7.93,6.24
-0.45,-8.15,6.34
-0.45,-8.15,6.34
-0.45,-8.15,6.34
-0.91,-7.29,5.6
-0.91,-7.29,5.6
-0.91,-7.29,5.6
-1.36,-8.78,5.39
-1.36,-8.78,5.39
-1.36,-8.78,5.39
-1.45,-8.93,5.52
-1.45,-8.93,5.52
-1.21,-8.47,5.06
-0.99,-8.53,5.47
-0.99,-8.53,5.47
-0.99,-8.53,5.47
-0.7,-8.55,5.57
-0.7,-8.55,5.57
-0.7,-8.55,5.57
-1.0,-8.87,5.21
-1.0,-8.87,5.21
-1.0,-8.87,5.21
-1.36,-8.01,4.71
-1.36,-8.01,4.71
-0.93,-8.4,4.42
-0.33,-9.41,4.71
-0.33,-9.41,4.71
-0.33,-9.41,4.71
-0.8,-9.43,4.5
-0.8,-9.43,4.5
-0.8,-9.43,4.5
-0.5,-9.18,3.75
-0.5,-9.18,3.75
-0.5,-9.18,3.75
-0.69,-10.24,2.91
-0.86,-10.01,2.96
-0.86,-10.01,2.96
-0.48,-10.1,3.16
-0.48,-10.1,3.16
-0.48,-10.1,3.16
-0.13,-9.88,2.3
-0.13,-9.88,2.3
-0.13,-9.88,2.3
-0.62,-9.76,1.79
-0.62,-9.76,1.79
-0.62,-9.76,1.79
-0.38,-10.21,1.7
-0.38,-10.21,1.7
-0.38,-10.21,1.7
-0.38,-9.08,1.24
-0.38,-9.08,1.24
-0.38,-9.08,1.24
0.05,-9.67,0.46
0.05,-9.67,0.46
0.05,-9.67,0.46
0.55,-9.17,-0.02
0.55,-9.17,-0.02
0.55,-9.17,-0.02
0.47,-9.76,0.34
0.53,-9.07,0.1
0.53,-9.07,0.1
0.82,-10.21,-0.22
0.82,-10.21,-0.22
0.82,-10.21,-0.22
0.93,-9.29,-2.46
0.93,-9.29,-2.46
0.93,-9.29,-2.46
1.14,-7.57,-2.04
1.14,-7.57,-2.04
1.14,-7.57,-2.04
1.15,-8.66,-2.72
1.15,-8.66,-2.72
1.15,-8.66,-2.72
1.97,-7.49,-3.54
1.97,-7.49,-3.54
1.97,-7.49,-3.54
1.66,-8.22,-3.95
1.66,-8.22,-3.95
1.66,-8.22,-3.95
1.97,-7.62,-3.83
1.97,-7.62,-3.83
1.97,-7.62,-3.83
1.59,-8.04,-3.65
1.59,-8.04,-3.65
1.59,-8.04,-3.65
2.16,-7.16,-4.82
2.16,-7.16,-4.82
2.16,-7.16,-4.82
2.57,-6.8,-4.51
2.57,-6.8,-4.51
2.57,-6.8,-4.51
2.91,-6.77,-4.85
2.91,-6.77,-4.85
2.91,-6.77,-4.85
3.05,-7.01,-4.83
3.05,-7.01,-4.83
3.14,-7.02,-4.94
2.97,-6.25,-5.47
2.97,-6.25,-5.47
2.97,-6.25,-5.47
3.25,-7.19,-6.01
3.25,-7.19,-6.01
3.25,-7.19,-6.01
2.83,-7.08,-5.7
2.83,-7.08,-5.7
2.83,-7.08,-5.7
3.08,-6.43,-5.96
3.08,-6.43,-5.96
3.22,-5.95,-5.84
3.22,-5.99,-5.92
3.22,-5.99,-5.92
3.22,-5.99,-5.92
3.86,-5.78,-6.28
3.86,-5.78,-6.28
3.86,-5.78,-6.28
3.41,-5.74,-5.65
3.41,-5.74,-5.65
3.41,-5.74,-5.65
3.25,-4.3,-5.8
3.25,-4.3,-5.8
2.91,-3.65,-5.64
3.89,-6.45,-6.07
3.89,-6.45,-6.07
3.89,-6.45,-6.07
3.55,-5.17,-6.26
3.55,-5.17,-6.26
3.55,-5.17,-6.26
3.89,-6.85,-6.12
3.89,-6.85,-6.12
3.32,-5.34,-6.51
2.98,-4.42,-6.64
3.14,-6.04,-6.41
3.14,-6.04,-6.41
3.78,-5.31,-6.84
3.78,-5.31,-6.84
3.45,-5.54,-6.35
3.45,-5.54,-6.35
3.45,-5.54,-6.35
3.74,-5.46,-7.2
3.74,-5.46,-7.2
3.74,-5.46,-7.2
3.31,-5.56,-7.39
3.52,-6.2,-6.92
3.52,-6.2,-6.92
3.6,-5.9,-6.87
3.6,-5.9,-6.87
3.6,-5.9,-6.87
3.61,-5.43,-7.02
3.61,-5.43,-7.02
3.61,-5.43,-7.02
3.32,-5.64,-7.03
3.32,-5.64,-7.03
3.32,-5.64,-7.03
3.0,-5.81,-6.56
3.0,-5.81,-6.56
2.97,-5.99,-6.38
3.39,-6.38,-7.02
3.39,-6.38,-7.02
3.39,-6.38,-7.02
3.2,-5.47,-6.86
3.2,-5.47,-6.86
3.2,-5.47,-6.86
3.48,-5.71,-6.48
3.48,-5.71,-6.48
3.48,-5.71,-6.48
3.1,-5.59,-7.29
2.86,-5.97,-6.97
2.86,-5.97,-6.97
3.41,-6.58,-6.38
3.41,-6.58,-6.38
3.41,-6.58,-6.38
3.24,-6.04,-7.01
3.24,-6.04,-7.01
3.24,-6.04,-7.01
3.16,-6.22,-6.79
3.16,-6.22,-6.79
3.16,-6.22,-6.79
3.17,-5.79,-6.6
2.92,-5.6,-6.71
2.92,-5.6,-6.71
2.74,-5.98,-7.1
2.74,-5.98,-7.1
2.74,-5.98,-7.1
2.91,-5.93,-6.91
2.91,-5.93,-6.91
2.91,-5.93,-6.91
2.77,-5.83,-6.71
2.77,-5.83,-6.71
2.83,-5.81,-6.8
2.82,-5.98,-7.07
2.82,-5.98,-7.07
2.8,-5.87,-7.04
2.91,-6.03,-6.63
2.91,-6.03,-6.63
2.91,-6.03,-6.63
2.66,-5.92,-6.94
2.66,-5.92,-6.94
2.66,-5.92,-6.94
2.83,-6.05,-6.86
2.83,-6.05,-6.86
2.83,-6.05,-6.86
2.76,-6.07,-6.71
2.76,-6.07,-6.71
2.76,-6.07,-6.71
2.38,-5.94,-6.64
2.38,-5.94,-6.64
2.38,-5.94,-6.64
2.65,-6.35,-6.65
2.65,-6.35,-6.65
2.65,-6.35,-6.65
2.6,-6.17,-6.81
2.6,-6.17,-6.81
2.6,-6.17,-6.81
2.67,-6.09,-6.78
2.67,-6.09,-6.78
2.67,-6.09,-6.78
2.53,-6.31,-6.85
2.53,-6.31,-6.85
2.53,-6.31,-6.85
2.31,-6.03,-6.6
2.31,-6.03,-6.6
2.31,-6.03,-6.6
2.2,-6.08,-6.86
2.2,-6.08,-6.86
2.27,-6.14,-6.84
2.52,-6.49,-6.65
2.52,-6.49,-6.65
2.52,-6.49,-6.65
2.49,-6.64,-6.67
2.49,-6.64,-6.67
2.49,-6.64,-6.67
2.35,-6.28,-6.85
2.35,-6.28,-6.85
2.35,-6.28,-6.85
2.17,-6.32,-6.67
2.16,-6.21,-6.66
2.16,-6.21,-6.66
1.97,-6.2,-6.73
1.97,-6.2,-6.73
1.97,-6.2,-6.73
2.31,-6.66,-6.59
2.31,-6.66,-6.59
2.31,-6.66,-6.59
2.41,-6.7,-6.15
2.41,-6.7,-6.15
2.41,-6.7,-6.15
2.3,-6.68,-6.36
2.37,-6.68,-6.35
2.37,-6.68,-6.35
2.35,-6.61,-6.58
2.35,-6.61,-6.58
2.35,-6.61,-6.58
2.19,-6.56,-6.8
2.19,-6.56,-6.8
2.19,-6.56,-6.8
1.85,-6.56,-6.66
1.85,-6.56,-6.66
1.85,-6.56,-6.66
1.91,-6.46,-6.46
1.91,-6.46,-6.46
1.91,-6.46,-6.46
1.71,-6.55,-6.5
1.71,-6.55,-6.5
1.71,-6.55,-6.5
1.63,-6.44,-6.8
1.63,-6.44,-6.8
1.63,-6.44,-6.8
1.65,-6.42,-6.92
1.65,-6.42,-6.92
1.65,-6.42,-6.92
2.05,-7.0,-6.45
2.05,-7.0,-6.45
2.18,-6.83,-6.45
2.46,-6.75,-6.35
2.52,-6.84,-6.31
2.52,-6.84,-6.31
2.54,-6.4,-6.45
2.54,-6.4,-6.45
2.54,-6.4,-6.45
2.1,-6.77,-5.97
2.1,-6.77,-5.97
2.1,-6.77,-5.97
2.09,-6.66,-6.37
2.09,-6.66,-6.37
2.07,-6.35,-6.56
2.04,-6.62,-6.38
2.22,-6.73,-6.26
2.22,-6.73,-6.26
1.98,-6.44,-6.42
1.98,-6.44,-6.42
1.98,-6.44,-6.42
1.91,-6.36,-6.67
1.91,-6.36,-6.67
1.91,-6.36,-6.67
1.92,-6.5,-6.78
1.92,-6.5,-6.78
1.92,-6.5,-6.78
1.4,-6.48,-6.92
1.4,-6.48,-6.92
1.4,-6.48,-6.92
1.5,-6.74,-6.8
1.5,-6.74,-6.8
1.5,-6.74,-6.8
2.11,-6.63,-6.53
2.11,-6.63,-6.53
2.06,-6.83,-6.43
2.06,-6.83,-6.43
1.98,-6.66,-6.65
2.21,-6.87,-6.68
2.21,-6.87,-6.68
2.21,-6.87,-6.68
1.95,-6.5,-6.49
1.95,-6.5,-6.49
1.95,-6.5,-6.49
1.81,-6.44,-6.22
1.81,-6.44,-6.22
1.81,-6.44,-6.22
2.02,-6.4,-6.31
2.02,-6.4,-6.31
2.02,-6.4,-6.31
2.21,-6.85,-6.36
2.21,-6.85,-6.36
2.21,-6.85,-6.36
2.05,-6.76,-6.35
2.05,-6.76,-6.35
2.05,-6.76,-6.35
2.0,-6.54,-6.51
2.0,-6.54,-6.51
2.0,-6.54,-6.51
1.75,-6.58,-6.46
1.75,-6.58,-6.46
1.75,-6.58,-6.46
1.91,-6.71,-6.62
1.91,-6.71,-6.62
1.91,-6.71,-6.62
2.09,-6.76,-6.46
2.09,-6.76,-6.46
2.09,-6.76,-6.46
2.05,-6.56,-6.47
2.05,-6.56,-6.47
2.05,-6.56,-6.47
2.03,-6.32,-6.67
2.03,-6.32,-6.67
2.1,-6.28,-6.51
1.89,-6.03,-6.74
1.89,-6.03,-6.74
1.89,-6.03,-6.74
2.13,-6.75,-6.65
2.13,-6.75,-6.65
2.13,-6.75,-6.65
1.89,-6.51,-6.85
1.89,-6.51,-6.85
1.89,-6.51,-6.85
2.1,-6.54,-6.4
2.1,-6.54,-6.4
2.11,-6.38,-6.48
1.88,-6.35,-6.67
1.88,-6.35,-6.67
1.88,-6.35,-6.67
1.89,-6.18,-6.6
1.89,-6.18,-6.6
1.89,-6.18,-6.6
1.8,-6.43,-6.74
1.8,-6.43,-6.74
1.72,-6.62,-6.76
1.64,-6.63,-6.63
1.64,-6.63,-6.63
1.86,-6.84,-6.41
2.03,-6.58,-6.54
2.03,-6.58,-6.54
2.03,-6.58,-6.54
1.94,-6.6,-6.55
1.94,-6.6,-6.55
1.94,-6.6,-6.55
1.88,-6.26,-6.57
1.88,-6.26,-6.57
1.76,-6.44,-6.58
1.75,-6.44,-6.63
1.75,-6.44,-6.63
1.69,-6.43,-6.69
1.78,-6.83,-6.47
1.78,-6.83,-6.47
1.78,-6.83,-6.47
1.78,-6.45,-6.62
1.78,-6.45,-6.62
1.78,-6.45,-6.62
2.01,-6.36,-6.71
2.01,-6.36,-6.71
2.01,-6.36,-6.71
2.19,-6.69,-6.38
1.98,-6.43,-6.48
1.98,-6.43,-6.48
1.88,-6.77,-6.31
1.88,-6.77,-6.31
1.88,-6.77,-6.31
1.79,-6.65,-6.68
1.79,-6.65,-6.68
1.79,-6.65,-6.68
1.71,-6.47,-6.68
1.71,-6.47,-6.68
1.77,-6.77,-6.54
1.75,-6.95,-6.36
1.75,-6.95,-6.36
1.7,-6.55,-6.2
1.76,-6.36,-6.33
1.76,-6.36,-6.33
1.76,-6.36,-6.33
1.9,-6.62,-6.41
1.9,-6.62,-6.41
1.9,-6.62,-6.41
1.56,-6.58,-6.54
1.56,-6.58,-6.54
1.59,-6.14,-6.37
1.96,-6.75,-6.37
1.96,-6.75,-6.37
1.96,-6.75,-6.37
1.7,-6.69,-6.46
1.7,-6.69,-6.46
1.7,-6.69,-6.46
1.81,-6.78,-6.22
1.81,-6.78,-6.22
1.81,-6.78,-6.22
1.48,-7.15,-6.25
1.48,-7.15,-6.25
1.48,-7.15,-6.25
1.6,-7.08,-6.33
1.6,-7.08,-6.33
1.6,-7.08,-6.33
1.05,-6.57,-6.16
1.05,-6.57,-6.16
1.05,-6.57,-6.16
0.69,-6.78,-5.7
0.69,-6.78,-5.7
0.69,-6.78,-5.7
2.63,-8.82,-5.74
2.63,-8.82,-5.74
2.63,-8.82,-5.74
1.37,-5.87,-5.31
1.37,-5.87,-5.31
1.37,-5.87,-5.31
0.89,-7.26,-5.6
0.89,-7.26,-5.6
0.89,-7.26,-5.6
0.6,-6.17,-6.48
0.6,-6.17,-6.48
0.6,-6.17,-6.48
2.2,-7.69,-4.83
2.2,-7.69,-4.83
2.2,-7.69,-4.83
2.54,-6.53,-5.55
2.54,-6.53,-5.55
2.54,-6.53,-5.55
1.08,-7.47,-5.71
1.08,-7.47,-5.71
1.08,-7.47,-5.71
2.18,-7.59,-5.6
2.18,-7.59,-5.6
2.18,-7.59,-5.6
1.69,-8.48,-5.36
1.69,-8.48,-5.36
1.69,-8.48,-5.36
0.59,-7.72,-5.35
0.59,-7.72,-5.35
1.84,-7.25,-5.11
1.84,-7.25,-5.11
1.84,-7.25,-5.11
0.54,-8.38,-4.4
0.54,-8.38,-4.4
0.54,-8.38,-4.4
2.29,-9.07,-5.02
2.29,-9.07,-5.02
2.83,-8.84,-4.68
1.37,-8.6,-5.26
1.37,-8.6,-5.26
1.97,-9.67,-6.34
1.97,-9.67,-6.34
1.97,-9.67,-6.34
1.74,-10.39,-5.59
1.74,-10.39,-5.59
1.74,-10.39,-5.59
1.18,-8.88,-5.86
1.97,-5.15,-5.97
1.97,-5.15,-5.97
0.83,-8.8,-5.58
1.42,-10.16,-4.02
1.42,-10.16,-4.02
1.41,-5.99,-5.48
1.41,-5.99,-5.48
1.41,-5.99,-5.48
0.54,-7.23,-5.7
0.54,-7.23,-5.7
0.54,-7.23,-5.7
0.16,-6.43,-4.9
0.16,-6.43,-4.9
0.16,-6.43,-4.9
-0.37,-8.28,-6.48
-0.37,-8.28,-6.48
-0.37,-8.28,-6.48
0.8,-7.9,-5.65
0.8,-7.9,-5.65
0.8,-7.9,-5.65
-0.81,-7.7,-6.09
-0.81,-7.7,-6.09
-0.81,-7.7,-6.09
2.25,-6.1,-6.88
2.25,-6.1,-6.88
2.25,-6.1,-6.88
0.77,-5.74,-5.86
1.39,-8.09,-5.74
1.39,-8.09,-5.74
-0.52,-5.28,-7.61
-0.52,-5.28,-7.61
-0.52,-5.28,-7.61
-0.24,-7.22,-6.66
-0.24,-7.22,-6.66
-0.24,-7.22,-6.66
-0.69,-4.38,-6.71
-0.69,-4.38,-6.71
0.59,-7.48,-6.68
-0.89,-5.0,-7.29
-0.89,-5.0,-7.29
0.53,-7.08,-7.22
0.53,-7.08,-7.22
0.53,-7.08,-7.22
-0.86,-4.64,-7.36
-0.86,-4.64,-7.36
-0.86,-4.64,-7.36
0.0,-5.81,-7.06
0.0,-5.81,-7.06
0.0,-5.81,-7.06
-1.76,-6.08,-6.54
-0.17,-5.72,-6.9
-0.17,-5.72,-6.9
-1.54,-7.74,-6.96
-1.54,-7.74,-6.96
-1.54,-7.74,-6.96
0.01,-5.76,-6.68
0.01,-5.76,-6.68
0.01,-5.76,-6.68
-2.42,-6.15,-7.49
-2.42,-6.15,-7.49
-1.04,-5.13,-7.38
-1.44,-6.76,-6.12
-1.44,-6.76,-6.12
-1.44,-6.76,-6.12
-1.47,-4.73,-7.49
-1.47,-4.73,-7.49
-1.47,-4.73,-7.49
0.13,-5.83,-6.78
0.13,-5.83,-6.78
0.13,-5.83,-6.78
-0.47,-5.73,-7.21
-0.47,-5.73,-7.21
-0.59,-6.22,-6.41
-1.54,-5.64,-7.26
-1.54,-5.64,-7.26
-1.54,-5.64,-7.26
0.33,-6.06,-6.73
0.33,-6.06,-6.73
0.33,-6.06,-6.73
-2.27,-5.95,-7.18
-2.27,-5.95,-7.18
-2.27,-5.95,-7.18
0.35,-6.34,-6.83
0.35,-6.34,-6.83
0.35,-6.34,-6.83
-1.15,-7.17,-7.33
-1.15,-7.17,-7.33
-1.15,-7.17,-7.33
-1.06,-5.55,-6.87
-1.06,-5.55,-6.87
-1.06,-5.55,-6.87
-0.14,-6.19,-7.23
-0.14,-6.19,-7.23
0.18,-6.78,-6.97
-0.82,-6.46,-6.99
-0.82,-6.46,-6.99
-1.72,-6.7,-7.26
-0.11,-6.47,-7.0
-0.11,-6.47,-7.0
-0.11,-6.47,-7.0
-0.84,-6.38,-7.43
-0.84,-6.38,-7.43
-0.84,-6.38,-7.43
-0.71,-6.16,-7.11
-0.71,-6.16,-7.11
-0.71,-6.16,-7.11
-1.56,-5.31,-7.42
-1.56,-5.31,-7.42
-1.56,-5.31,-7.42
-0.44,-6.13,-7.06
-0.44,-6.13,-7.06
-0.44,-6.13,-7.06
-1.55,-5.51,-7.43
-1.55,-5.51,-7.43
-1.55,-5.51,-7.43
0.15,-5.44,-6.36
0.15,-5.44,-6.36
-0.61,-4.3,-6.81
-1.63,-5.47,-7.42
-1.36,-6.38,-7.1
-1.36,-6.38,-7.1
-1.23,-4.66,-7.2
-1.23,-4.66,-7.2
-1.23,-4.66,-7.2
-0.98,-6.4,-7.04
-0.98,-6.4,-7.04
-0.98,-6.4,-7.04
-1.42,-5.7,-7.25
-1.42,-5.7,-7.25
-1.42,-5.7,-7.25
-0.55,-6.66,-7.49
-1.33,-6.87,-7.34
-1.33,-6.87,-7.34
-0.87,-5.08,-7.16
-0.87,-5.08,-7.16
-0.87,-5.08,-7.16
-1.06,-5.49,-6.93
-1.06,-5.49,-6.93
-1.06,-5.49,-6.93
-2.01,-5.25,-7.14
-2.01,-5.25,-7.14
-0.73,-5.21,-7.11
-0.6,-5.9,-7.32
-0.6,-5.9,-7.32
-1.59,-6.0,-7.36
-1.39,-4.64,-6.78
-1.39,-4.64,-6.78
-1.39,-4.64,-6.78
-1.03,-5.25,-7.58
-1.03,-5.25,-7.58
-1.03,-5.25,-7.58
-0.23,-5.77,-7.13
-0.23,-5.77,-7.13
-0.23,-5.77,-7.13
-1.07,-5.24,-7.43
-1.89,-5.8,-6.92
-1.89,-5.8,-6.92
-0.67,-4.5,-7.49
-0.67,-4.5,-7.49
-0.67,-4.5,-7.49
-0.57,-6.61,-7.28
-0.57,-6.61,-7.28
-1.44,-5.22,-7.46
-1.44,-5.22,-7.46
-1.44,-5.22,-7.46
-0.38,-5.65,-7.56
-0.38,-5.65,-7.56
-0.38,-5.65,-7.56
-1.6,-5.21,-7.41
-1.6,-5.21,-7.41
-1.6,-5.21,-7.41
-0.98,-5.76,-7.48
-0.98,-5.76,-7.48
-0.98,-5.76,-7.48
-0.62,-4.68,-7.66
-0.62,-4.68,-7.66
-0.62,-4.68,-7.66
-0.4,-5.55,-7.82
-0.4,-5.55,-7.82
-0.4,-5.55,-7.82
-0.5,-5.35,-7.6
-0.5,-5.35,-7.6
-0.5,-5.35,-7.6
-0.7,-5.14,-7.44
-0.7,-5.14,-7.44
-0.7,-5.14,-7.44
-0.67,-5.34,-7.45
-0.67,-5.34,-7.45
-0.67,-5.34,-7.45
-0.44,-4.72,-7.64
-0.44,-4.72,-7.64
-0.44,-4.72,-7.64
-1.32,-5.53,-7.32
-1.32,-5.53,-7.32
-1.32,-5.53,-7.32
-0.76,-5.48,-7.59
-0.76,-5.48,-7.59
-0.76,-5.48,-7.59
-0.66,-5.19,-7.4
-0.66,-5.19,-7.4
-0.66,-5.19,-7.4
-1.18,-5.31,-7.9
-1.18,-5.31,-7.9
-0.8,-6.21,-7.7
-0.48,-5.06,-7.91
-0.48,-5.06,-7.91
-0.48,-5.06,-7.91
-0.87,-5.38,-7.28
-0.87,-5.38,-7.28
-0.87,-5.38,-7.28
-1.19,-5.24,-7.52
-1.26,-5.24,-7.65
-1.26,-5.24,-7.65
-0.59,-5.52,-7.35
-0.59,-5.52,-7.35
-0.59,-5.52,-7.35
-1.26,-4.81,-7.69
-1.26,-4.81,-7.69
-1.26,-4.81,-7.69
-0.74,-5.42,-7.56
-0.74,-5.42,-7.56
-0.74,-5.42,-7.56
-1.08,-5.42,-7.56
-1.08,-5.42,-7.56
-1.08,-5.42,-7.56
-1.26,-5.18,-7.41
-1.26,-5.18,-7.41
-1.26,-5.18,-7.41
-0.5,-5.59,-7.77
-0.5,-5.59,-7.77
-0.5,-5.59,-7.77
-1.17,-5.04,-7.57
-1.17,-5.04,-7.57
-1.17,-5.04,-7.57
-0.68,-5.3,-7.36
-0.68,-5.3,-7.36
-0.8,-5.03,-7.51
-1.25,-5.2,-7.65
-1.25,-5.2,-7.65
-0.94,-5.26,-7.67
-0.96,-5.45,-7.41
-0.96,-5.45,-7.41
-0.96,-5.45,-7.41
-0.76,-4.79,-7.78
-0.76,-4.79,-7.78
-0.76,-4.79,-7.78
-0.5,-5.31,-7.74
-0.5,-5.31,-7.74
-0.5,-5.31,-7.74
-1.05,-5.74,-7.72
-1.32,-5.22,-7.78
-1.32,-5.22,-7.78
-0.63,-5.31,-7.27
-0.63,-5.31,-7.27
-0.63,-5.31,-7.27
-1.04,-4.78,-7.83
-1.04,-4.78,-7.83
-1.04,-4.78,-7.83
-0.48,-5.21,-7.27
-0.48,-5.21,-7.27
-0.68,-5.25,-7.39
-1.32,-4.86,-7.97
-0.93,-5.27,-7.76
-0.93,-5.27,-7.76
-0.86,-4.87,-7.47
-0.86,-4.87,-7.47
-0.86,-4.87,-7.47
-1.16,-5.74,-7.55
-1.16,-5.74,-7.55
-1.16,-5.74,-7.55
-0.71,-4.72,-7.48
-0.71,-4.72,-7.48
-0.71,-4.72,-7.48
-0.55,-5.27,-7.28
-0.55,-5.27,-7.28
-0.55,-5.27,-7.28
-1.09,-5.01,-8.02
-1.09,-5.01,-8.02
-1.09,-5.01,-8.02
-0.94,-5.13,-7.17
-0.94,-5.13,-7.17
-0.94,-5.13,-7.17
-0.84,-5.03,-7.9
-0.84,-5.03,-7.9
-1.18,-5.55,-7.68
-0.8,-5.39,-7.52
-0.44,-5.04,-7.58
-0.44,-5.04,-7.58
-1.02,-5.14,-7.81
-1.02,-5.14,-7.81
-1.02,-5.14,-7.81
-0.69,-4.97,-7.45
-0.69,-4.97,-7.45
-0.69,-4.97,-7.45
-1.1,-5.04,-7.63
-1.1,-5.04,-7.63
-0.37,-5.2,-7.28
-0.5,-5.25,-7.58
-1.01,-5.1,-7.89
-1.01,-5.1,-7.89
-0.6,-5.49,-7.56
-0.6,-5.49,-7.56
-0.6,-5.49,-7.56
-0.75,-5.11,-7.75
-0.75,-5.11,-7.75
-0.75,-5.11,-7.75
-0.48,-4.98,-7.56
-0.48,-4.98,-7.56
-0.56,-5.07,-7.73
-0.94,-5.19,-7.58
-0.94,-5.19,-7.58
-0.94,-5.19,-7.58
-0.79,-5.23,-7.65
-0.79,-5.23,-7.65
-0.79,-5.23,-7.65
-1.06,-5.17,-7.48
-1.06,-5.17,-7.48
-1.06,-5.17,-7.48
-0.5,-5.0,-7.62
-0.5,-5.0,-7.62
-0.97,-5.14,-8.03
-0.5,-5.24,-7.2
-0.5,-5.24,-7.2
-0.5,-5.24,-7.2
-0.93,-5.51,-8.04
-0.93,-5.51,-8.04
-0.93,-5.51,-8.04
-0.65,-5.06,-7.12
-0.65,-5.06,-7.12
-0.65,-5.06,-7.12
-1.23,-5.35,-7.93
-1.23,-5.35,-7.93
-0.88,-5.26,-7.56
-0.56,-5.41,-7.46
-0.56,-5.41,-7.46
-0.56,-5.41,-7.46
-1.1,-4.84,-7.39
-1.1,-4.84,-7.39
-1.1,-4.84,-7.39
-0.67,-5.42,-7.75
-0.67,-5.42,-7.75
-0.67,-5.42,-7.75
-0.93,-5.21,-7.64
-0.93,-5.21,-7.64
-0.68,-5.05,-7.42
-0.88,-5.49,-7.83
-0.88,-5.49,-7.83
-0.88,-5.49,-7.83
-0.55,-5.0,-7.18
-0.55,-5.0,-7.18
-0.55,-5.0,-7.18
-0.83,-5.51,-7.92
-0.83,-5.51,-7.92
-0.83,-5.51,-7.92
-0.71,-5.27,-7.64
-0.71,-5.27,-7.64
-0.71,-5.27,-7.64
-0.71,-5.52,-7.33
-0.71,-5.52,-7.33
-0.71,-5.52,-7.33
-1.11,-5.5,-7.63
-1.11,-5.5,-7.63
-1.11,-5.5,-7.63
-0.71,-5.04,-7.43
-0.71,-5.04,-7.43
-0.71,-5.04,-7.43
-0.69,-5.51,-7.53
-0.69,-5.51,-7.53
-0.69,-5.51,-7.53
-0.57,-4.59,-7.72
-0.57,-4.59,-7.72
-0.57,-4.59,-7.72
-0.86,-5.81,-7.65
-0.86,-5.81,-7.65
-0.86,-5.81,-7.65
-0.28,-4.98,-7.58
-0.28,-4.98,-7.58
-0.28,-4.98,-7.58
-0.88,-5.14,-7.36
-0.88,-5.14,-7.36
-0.88,-5.14,-7.36
-0.79,-5.18,-7.95
-0.79,-5.18,-7.95
-0.79,-5.18,-7.95
-0.34,-5.3,-7.06
-0.34,-5.3,-7.06
-0.34,-5.3,-7.06
-1.25,-5.65,-7.92
-1.25,-5.65,-7.92
-0.63,-5.7,-7.62
-0.42,-5.02,-7.26
-0.42,-5.02,-7.26
-0.57,-5.08,-7.49
-0.65,-5.34,-7.7
-0.65,-5.34,-7.7
-0.65,-5.34,-7.7
-0.89,-5.38,-7.55
-0.89,-5.38,-7.55
-0.89,-5.38,-7.55
-0.45,-5.54,-7.27
-0.45,-5.54,-7.27
-0.7,-5.32,-7.27
-0.86,-4.93,-7.74
-0.86,-4.93,-7.74
-0.61,-5.2,-7.62
-0.55,-5.1,-7.47
-0.55,-5.1,-7.47
-0.55,-5.1,-7.47
-0.5,-5.45,-7.5
-0.5,-5.45,-7.5
-0.5,-5.45,-7.5
-0.69,-5.29,-7.8
-0.69,-5.29,-7.8
-0.69,-5.29,-7.8
-0.94,-5.21,-7.59
-0.94,-5.21,-7.59
-0.94,-5.21,-7.59
-0.49,-5.45,-7.24
-0.49,-5.45,-7.24
-0.49,-5.45,-7.24
-1.06,-5.21,-7.56
-1.06,-5.21,-7.56
-1.06,-5.21,-7.56
-0.41,-5.56,-7.44
-0.41,-5.56,-7.44
-0.41,-5.56,-7.44
-0.81,-5.29,-7.37
-0.81,-5.29,-7.37
-0.72,-4.93,-7.71
-0.57,-5.65,-7.36
-0.57,-5.65,-7.36
-0.57,-5.65,-7.36
-1.06,-5.18,-7.65
-1.06,-5.18,-7.65
-1.06,-5.18,-7.65
-0.71,-5.41,-7.29
-0.71,-5.41,-7.29
-0.71,-5.41,-7.29
-0.94,-5.16,-7.31
-0.94,-5.16,-7.31
-1.13,-5.6,-7.67
-0.23,-5.4,-7.59
-0.23,-5.4,-7.59
-0.23,-5.4,-7.59
-0.47,-5.51,-7.85
-0.47,-5.51,-7.85
-0.47,-5.51,-7.85
-0.76,-5.49,-7.51
-0.76,-5.49,-7.51
-0.76,-5.49,-7.51
-0.43,-5.32,-7.33
-1.4,-5.16,-7.71
-1.4,-5.16,-7.71
-0.26,-5.4,-7.13
-0.26,-5.4,-7.13
-0.26,-5.4,-7.13
-1.02,-5.46,-7.92
-1.02,-5.46,-7.92
-1.02,-5.46,-7.92
-0.42,-5.52,-7.18
-0.42,-5.52,-7.18
-0.59,-5.16,-7.34
-0.93,-5.22,-7.63
-0.93,-5.22,-7.63
-1.09,-5.56,-7.55
-0.42,-5.34,-7.04
-0.42,-5.34,-7.04
-0.42,-5.34,-7.04
-0.91,-5.48,-7.58
-0.91,-5.48,-7.58
-0.91,-5.48,-7.58
-0.32,-4.83,-7.71
-0.32,-4.83,-7.71
-0.57,-5.48,-7.76
-0.57,-5.75,-7.45
-0.57,-5.75,-7.45
-0.43,-5.44,-7.11
-0.6,-5.8,-7.45
-0.6,-5.8,-7.45
-0.6,-5.8,-7.45
1.86,-4.62,-7.6
1.86,-4.62,-7.6
1.86,-4.62,-7.6
-12.54,-4.6,-0.58
-12.54,-4.6,-0.58
-12.54,-4.6,-0.58
6.52,-7.49,-11.35
6.52,-7.49,-11.35
6.52,-7.49,-11.35
1.92,-8.28,-9.68
1.92,-8.28,-9.68
1.92,-8.28,-9.68
1.68,-5.48,-9.21
1.68,-5.48,-9.21
0.41,-6.98,-6.99
0.41,-6.98,-6.99
0.41,-6.98,-6.99
-0.46,-4.96,-7.13
-0.46,-4.96,-7.13
-0.46,-4.96,-7.13
1.12,-4.99,-6.98
1.12,-4.99,-6.98
1.12,-4.99,-6.98
0.83,-5.6,-7.87
0.83,-5.6,-7.87
0.83,-5.6,-7.87
1.4,-5.81,-7.88
1.4,-5.81,-7.88
1.26,-5.89,-7.14
0.43,-5.37,-7.8
0.43,-5.37,-7.8
0.43,-5.37,-7.8
0.57,-6.0,-7.85
0.57,-6.0,-7.85
0.57,-6.0,-7.85
1.13,-5.53,-6.97
1.13,-5.53,-6.97
1.13,-5.53,-6.97
0.97,-5.37,-7.72
0.97,-5.37,-7.72
0.77,-6.13,-7.75
1.01,-5.59,-7.33
1.01,-5.59,-7.33
1.01,-5.59,-7.33
1.02,-5.52,-7.65
1.02,-5.52,-7.65
1.02,-5.52,-7.65
0.71,-6.19,-7.55
0.71,-6.19,-7.55
0.71,-6.19,-7.55
1.01,-5.26,-7.2
1.47,-5.31,-7.25
1.47,-5.31,-7.25
0.92,-6.12,-7.49
0.92,-6.12,-7.49
0.92,-6.12,-7.49
1.3,-5.19,-7.35
1.3,-5.19,-7.35
1.3,-5.19,-7.35
1.0,-5.7,-7.4
1.0,-5.7,-7.4
1.0,-5.7,-7.4
1.01,-5.6,-7.15
1.01,-5.6,-7.15
1.01,-5.6,-7.15
1.02,-5.67,-7.45
1.02,-5.67,-7.45
1.02,-5.67,-7.45
0.97,-5.87,-7.39
0.97,-5.87,-7.39
0.97,-5.87,-7.39
1.02,-5.77,-7.14
1.02,-5.77,-7.14
1.02,-5.77,-7.14
0.73,-5.72,-7.14
0.73,-5.72,-7.14
0.73,-5.72,-7.14
1.26,-5.73,-7.28
1.26,-5.73,-7.28
1.26,-5.73,-7.28
1.45,-5.95,-7.31
1.45,-5.95,-7.31
1.45,-5.95,-7.31
1.52,-6.41,-7.45
1.52,-6.41,-7.45
1.52,-6.41,-7.45
1.62,-6.18,-7.69
1.62,-6.18,-7.69
1.62,-6.18,-7.69
1.73,-5.75,-7.44
1.73,-5.75,-7.44
1.73,-5.75,-7.44
1.6,-5.51,-7.39
1.6,-5.51,-7.39
1.6,-5.51,-7.39
1.28,-5.6,-7.55
1.28,-5.6,-7.55
1.28,-5.6,-7.55
1.56,-5.2,-7.32
1.56,-5.2,-7.32
1.56,-5.2,-7.32
1.62,-5.62,-7.47
1.62,-5.62,-7.47
1.62,-5.62,-7.47
1.6,-5.69,-7.53
1.6,-5.69,-7.53
1.54,-5.3,-7.47
1.54,-5.3,-7.47
1.54,-5.3,-7.47
1.38,-5.94,-7.52
1.38,-5.94,-7.52
1.38,-5.94,-7.52
1.29,-5.51,-7.38
1.29,-5.51,-7.38
1.29,-5.51,-7.38
1.2,-5.4,-7.23
1.2,-5.4,-7.23
1.2,-5.4,-7.23
1.36,-4.89,-7.09
1.36,-4.89,-7.09
1.36,-4.89,-7.09
1.5,-4.85,-7.21
1.5,-4.85,-7.21
1.5,-4.85,-7.21
1.63,-5.55,-7.47
1.63,-5.55,-7.47
1.63,-5.55,-7.47
2.84,-5.75,-7.46
2.84,-5.75,-7.46
2.84,-5.75,-7.46
3.03,-6.76,-7.39
3.03,-6.76,-7.39
3.03,-6.76,-7.39
2.39,-5.79,-7.7
2.39,-5.79,-7.7
2.39,-5.79,-7.7
1.48,-6.06,-7.63
1.48,-6.06,-7.63
1.48,-6.06,-7.63
2.05,-5.66,-7.19
2.05,-5.66,-7.19
2.05,-5.66,-7.19
1.23,-4.99,-6.79
1.23,-4.99,-6.79
1.23,-4.99,-6.79
1.23,-4.86,-6.63
1.23,-4.86,-6.63
0.95,-5.39,-6.43
0.3,-5.44,-6.29
0.3,-5.44,-6.29
0.3,-5.44,-6.29
0.12,-4.96,-5.97
0.12,-4.96,-5.97
0.12,-4.96,-5.97
0.14,-4.57,-5.32
0.14,-4.57,-5.32
0.14,-4.57,-5.32
0.67,-5.57,-5.07
0.67,-5.57,-5.07
0.8,-5.63,-4.99
2.29,-5.31,-4.05
2.29,-5.31,-4.05
2.29,-5.31,-4.05
2.57,-5.66,-4.18
2.57,-5.66,-4.18
2.57,-5.66,-4.18
2.53,-8.14,-3.68
2.53,-8.14,-3.68
2.53,-8.14,-3.68
3.2,-7.58,-3.05
3.2,-7.58,-3.05
3.2,-7.58,-3.05
3.88,-9.36,-2.32
3.88,-9.36,-2.32
3.88,-9.36,-2.32
3.41,-9.05,-1.49
3.41,-9.05,-1.49
3.41,-9.05,-1.49
2.8,-10.44,-1.16
2.8,-10.44,-1.16
2.8,-10.44,-1.16
2.9,-9.79,-0.95
2.9,-9.79,-0.95
2.37,-9.72,-0.83
1.74,-10.72,-0.48
1.74,-10.72,-0.48
1.74,-10.72,-0.48
1.44,-10.35,-0.23
1.44,-10.35,-0.23
1.44,-10.35,-0.23
0.62,-10.62,0.38
0.62,-10.62,0.38
0.62,-10.62,0.38
1.04,-10.61,0.02
1.04,-10.61,0.02
1.04,-10.61,0.02
0.1,-10.17,4.69
0.1,-10.17,4.69
0.1,-10.17,4.69
-0.0,-11.83,1.6
-0.0,-11.83,1.6
-0.0,-11.83,1.6
0.13,-9.57,0.94
0.13,-9.57,0.94
0.13,-9.57,0.94
-0.5,-10.64,2.49
-0.3,-11.86,3.26
-0.3,-11.86,3.26
-0.95,-10.42,2.27
-0.95,-10.42,2.27
-0.95,-10.42,2.27
-0.88,-10.02,1.9
-0.88,-10.02,1.9
-0.88,-10.02,1.9
-0.95,-9.46,1.7
-0.95,-9.46,1.7
-1.37,-9.55,1.8
-1.52,-10.01,1.87
-1.52,-10.01,1.87
-1.73,-10.22,1.86
-2.24,-9.49,1.34
-2.24,-9.49,1.34
-2.24,-9.49,1.34
-3.13,-9.54,2.13
-3.13,-9.54,2.13
-3.13,-9.54,2.13
-3.47,-8.95,1.07
-3.47,-8.95,1.07
-2.52,-8.6,1.2
-3.57,-9.36,1.04
-3.57,-9.36,1.04
-3.57,-9.36,1.04
-2.27,-9.83,1.93
-2.27,-9.83,1.93
-2.27,-9.83,1.93
-2.83,-9.28,1.22
-2.83,-9.28,1.22
-2.83,-9.28,1.22
-1.65,-9.69,1.79
-1.32,-9.47,1.77
-1.32,-9.47,1.77
-1.64,-9.33,1.57
-1.64,-9.33,1.57
-1.64,-9.33,1.57
-1.57,-8.78,1.6
-1.57,-8.78,1.6
-1.57,-8.78,1.6
-2.04,-9.4,1.87
-2.04,-9.4,1.87
-2.04,-9.4,1.87
-1.96,-8.37,1.25
-1.8,-8.4,1.05
-1.76,-8.5,0.75
-1.76,-8.5,0.75
-1.76,-8.5,0.75
-1.87,-8.51,0.48
-1.87,-8.51,0.48
-1.87,-8.51,0.48
-1.52,-9.25,0.74
-1.52,-9.25,0.74
-1.52,-9.25,0.74
-1.69,-9.29,0.47
-1.69,-9.29,0.47
-1.47,-9.41,0.46
-1.53,-9.37,0.56
-1.53,-9.37,0.56
-1.53,-9.37,0.56
-1.58,-9.62,1.07
-1.58,-9.62,1.07
-1.58,-9.62,1.07
-1.9,-9.74,1.31
-1.9,-9.74,1.31
-1.9,-9.74,1.31
-2.24,-9.08,1.04
-2.43,-8.6,0.97
-2.81,-7.98,0.62
-2.81,-7.98,0.62
-2.81,-7.98,0.62
-2.95,-9.57,0.59
-2.95,-9.57,0.59
-2.95,-9.57,0.59
-2.33,-10.37,-0.35
-2.33,-10.37,-0.35
-2.33,-10.37,-0.35
-2.18,-12.08,-1.16
-2.56,-13.18,-0.53
-2.56,-13.18,-0.53
-3.3,-14.14,-0.58
-3.3,-14.14,-0.58
-3.3,-14.14,-0.58
-2.08,-15.0,-0.15
-2.08,-15.0,-0.15
-2.08,-15.0,-0.15
-1.39,-14.84,0.26
-1.39,-14.84,0.26
-1.39,-14.84,0.26
-0.39,-13.56,0.5
-0.39,-13.56,0.5
-0.39,-13.56,0.5
-0.38,-12.98,0.9
-0.38,-12.98,0.9
-0.17,-12.05,0.61
0.45,-10.12,0.1
0.45,-10.12,0.1
0.45,-10.12,0.1
0.71,-8.95,0.11
0.71,-8.95,0.11
0.71,-8.95,0.11
1.02,-7.95,-0.34
1.02,-7.95,-0.34
1.02,-7.95,-0.34
2.59,-5.09,-1.15
2.59,-5.09,-1.15
2.59,-5.09,-1.15
2.55,-2.8,-2.42
2.55,-2.8,-2.42
2.55,-2.8,-2.42
2.67,-1.39,-3.09
2.67,-1.39,-3.09
2.67,-1.39,-3.09
3.62,-1.31,-2.91
3.62,-1.31,-2.91
3.62,-1.31,-2.91
4.59,-1.29,-2.76
4.59,-1.29,-2.76
4.59,-1.29,-2.76
5.4,-2.38,-2.22
5.4,-2.38,-2.22
5.4,-2.38,-2.22
5.17,-2.85,-1.25
5.17,-2.85,-1.25
5.17,-2.85,-1.25
5.24,-4.19,-1.04
5.32,-4.16,-0.71
5.32,-4.16,-0.71
4.82,-5.88,1.0
4.82,-5.88,1.0
4.82,-5.88,1.0
3.85,-5.95,0.15
3.85,-5.95,0.15
3.85,-5.95,0.15
4.43,-7.82,0.95
4.43,-7.82,0.95
4.43,-7.82,0.95
3.2,-8.49,0.66
3.2,-8.49,0.66
3.2,-8.49,0.66
2.11,-9.18,4.34
2.11,-9.18,4.34
2.11,-9.18,4.34
1.53,-10.39,4.21
1.53,-10.39,4.21
1.53,-10.39,4.21
0.63,-12.53,3.29
0.63,-12.53,3.29
0.63,-12.53,3.29
0.26,-10.08,4.62
0.26,-10.08,4.62
0.37,-9.41,5.14
-0.61,-11.16,4.96
-0.61,-11.16,4.96
-0.61,-11.16,4.96
-0.43,-10.2,5.74
-0.43,-10.2,5.74
-0.43,-10.2,5.74
-0.83,-9.08,5.65
-0.83,-9.08,5.65
-0.83,-9.08,5.65
-0.9,-10.2,5.67
-0.9,-10.2,5.67
-1.13,-9.45,5.9
-1.73,-8.9,6.3
-1.73,-8.9,6.3
-1.73,-8.9,6.3
-2.47,-9.33,6.63
-2.47,-9.33,6.63
-2.54,-8.03,6.55
-2.54,-8.03,6.55
-2.54,-8.03,6.55
-2.84,-8.54,6.36
-2.84,-8.54,6.36
-2.84,-8.54,6.36
-3.75,-7.73,6.37
-3.75,-7.73,6.37
-3.75,-7.73,6.37
-3.71,-7.13,5.85
-3.71,-7.13,5.85
-3.71,-7.13,5.85
-3.57,-6.9,6.0
-3.57,-6.9,6.0
-3.57,-6.9,6.0
-3.95,-6.58,6.09
-3.95,-6.58,6.09
-3.93,-6.36,6.24
-4.31,-6.97,6.52
-4.31,-6.97,6.52
-4.31,-6.97,6.52
-3.99,-6.38,6.3
-3.99,-6.38,6.3
-3.99,-6.38,6.3
-3.95,-6.83,6.37
-3.95,-6.83,6.37
-3.95,-6.83,6.37
-3.67,-6.13,6.14
-4.02,-6.38,5.98
-4.02,-6.38,5.98
-3.45,-7.07,6.37
-3.45,-7.07,6.37
-3.45,-7.07,6.37
-4.02,-5.69,6.0
-4.02,-5.69,6.0
-4.02,-5.69,6.0
-4.33,-7.29,6.56
-4.33,-7.29,6.56
-4.33,-7.29,6.56
-4.14,-6.35,6.15
-4.49,-6.04,5.86
-4.49,-6.04,5.86
-5.05,-6.66,6.41
-5.05,-6.66,6.41
-5.05,-6.66,6.41
-4.86,-6.4,6.31
-4.86,-6.4,6.31
-4.86,-6.4,6.31
-4.8,-6.04,6.19
-4.8,-6.04,6.19
-4.46,-6.33,6.47
-4.12,-6.19,6.34
-4.0,-5.82,6.16
-4.0,-5.82,6.16
-3.75,-5.97,5.93
-3.75,-5.97,5.93
-3.75,-5.97,5.93
-3.44,-5.76,5.96
-3.44,-5.76,5.96
-3.44,-5.76,5.96
-3.4,-5.53,5.96
-3.4,-5.53,5.96
-3.4,-5.53,5.96
-3.39,-6.46,6.13
-3.21,-6.36,6.37
-3.21,-6.36,6.37
-3.1,-6.46,6.2
-3.1,-6.46,6.2
-2.52,-6.75,6.19
-2.52,-6.75,6.19
-2.52,-6.75,6.19
-2.44,-6.21,5.82
-2.44,-6.21,5.82
-2.44,-6.21,5.82
-3.11,-6.37,5.35
-3.11,-6.37,5.35
-3.11,-6.37,5.35
-4.93,-6.28,5.34
-4.93,-6.28,5.34
-4.93,-6.28,5.34
-5.4,-7.09,6.22
-5.4,-7.09,6.22
-5.4,-7.09,6.22
-5.7,-5.8,5.85
-5.7,-5.8,5.85
-7.19,-6.94,4.94
-5.29,-7.22,5.94
-5.29,-7.22,5.94
-5.29,-7.22,5.94
-5.32,-5.47,5.7
-5.32,-5.47,5.7
-5.32,-5.47,5.7
-5.45,-5.76,5.18
-5.45,-5.76,5.18
-5.45,-5.76,5.18
-6.38,-5.13,5.03
-6.38,-5.13,5.03
-6.16,-5.31,5.13
-5.54,-5.58,5.28
-5.54,-5.58,5.28
-5.54,-5.58,5.28
-5.27,-5.88,5.38
-5.27,-5.88,5.38
-5.27,-5.88,5.38
-4.6,-5.97,5.36
-4.6,-5.97,5.36
-4.6,-5.97,5.36
-5.0,-5.66,4.94
-5.0,-5.66,4.94
-5.0,-5.66,4.94
-4.94,-5.66,5.48
-4.94,-5.66,5.48
-4.94,-5.66,5.48
-5.92,-5.87,5.39
-5.92,-5.87,5.39
-5.92,-5.87,5.39
-5.33,-6.12,5.65
-5.33,-6.12,5.65
-5.33,-6.12,5.65
-5.24,-5.61,6.04
-5.24,-5.61,6.04
-5.24,-5.61,6.04
-4.74,-5.68,5.9
-4.74,-5.68,5.9
-4.94,-5.91,5.79
-4.8,-5.58,5.56
-4.8,-5.58,5.56
-4.8,-5.58,5.56
-5.25,-5.69,5.52
-5.25,-5.69,5.52
-5.25,-5.69,5.52
-5.29,-6.02,5.64
-5.29,-6.02,5.64
-5.29,-6.02,5.64
-5.23,-5.79,5.59
-5.23,-5.79,5.59
-5.35,-5.8,5.59
-5.23,-5.76,5.53
-5.23,-5.76,5.53
-5.23,-5.76,5.53
-5.21,-5.82,5.7
-5.21,-5.82,5.7
-5.21,-5.82,5.7
-5.32,-5.59,5.53
-5.43,-5.44,5.43
-5.43,-5.44,5.43
-5.29,-5.89,5.73
-5.29,-5.89,5.73
-5.29,-5.89,5.73
-5.05,-5.68,5.7
-5.05,-5.68,5.7
-5.05,-5.68,5.7
-5.12,-5.46,5.45
-5.12,-5.46,5.45
-5.12,-5.46,5.45
-5.16,-5.86,5.54
-5.15,-5.76,5.64
-5.15,-5.76,5.64
-5.15,-5.75,5.6
-5.15,-5.75,5.6
-5.15,-5.75,5.6
-5.18,-5.65,5.57
-5.18,-5.65,5.57
-5.18,-5.65,5.57
-5.23,-5.81,5.65
-5.23,-5.81,5.65
-5.23,-5.81,5.65
-5.4,-5.73,5.63
-5.44,-5.68,5.61
-5.44,-5.68,5.61
-5.29,-5.59,5.52
-5.29,-5.59,5.52
-5.29,-5.59,5.52
-5.24,-6.0,5.85
-5.24,-6.0,5.85
-5.24,-6.0,5.85
-5.44,-5.88,5.43
-5.44,-5.88,5.43
-5.44,-5.88,5.43
-5.83,-6.17,5.39
-5.83,-6.17,5.39
-6.13,-6.1,5.28
-6.06,-6.11,5.24
-5.88,-5.85,5.28
-5.88,-5.85,5.28
-5.85,-6.88,5.71
-5.85,-6.88,5.71
-5.85,-6.88,5.71
-4.63,-6.46,5.6
-4.63,-6.46,5.6
-4.63,-6.46,5.6
-3.79,-6.74,6.25
-3.79,-6.74,6.25
-3.79,-6.74,6.25
-3.35,-6.14,6.17
-3.35,-6.14,6.17
-3.35,-6.14,6.17
-3.32,-6.57,6.57
-3.32,-6.57,6.57
-3.32,-6.57,6.57
-3.68,-5.87,6.16
-3.68,-5.87,6.16
-3.68,-5.87,6.16
-3.56,-5.93,6.43
-3.56,-5.93,6.43
-3.59,-6.13,6.39
-3.65,-6.42,6.6
-3.65,-6.42,6.6
-3.65,-6.42,6.6
-3.07,-6.49,6.53
-3.07,-6.49,6.53
-3.07,-6.49,6.53
-2.91,-6.72,6.47
-2.91,-6.72,6.47
-2.91,-6.72,6.47
-2.56,-6.05,6.5
-2.56,-6.05,6.5
-2.56,-6.05,6.5
-2.41,-6.39,6.85
-2.41,-6.39,6.85
-2.41,-6.39,6.85
-2.7,-6.35,6.8
-2.7,-6.35,6.8
-2.7,-6.35,6.8
-2.64,-6.23,6.97
-2.64,-6.23,6.97
-2.64,-6.23,6.97
-2.44,-6.02,6.72
-2.44,-6.02,6.72
-2.44,-6.02,6.72
-2.03,-5.96,6.34
-2.03,-5.96,6.34
-2.03,-5.96,6.34
-1.91,-6.1,6.64
-1.91,-6.1,6.64
-1.91,-6.1,6.64
-3.21,-6.92,6.67
-3.21,-6.92,6.67
-3.35,-6.54,6.84
-3.06,-5.98,6.57
-3.06,-5.98,6.57
-2.72,-6.05,6.52
-2.72,-6.05,6.52
-2.72,-6.05,6.52
-2.95,-6.23,6.84
-2.95,-6.23,6.84
-2.95,-6.23,6.84
-2.96,-6.27,7.13
-2.96,-6.27,7.13
-3.73,-5.74,7.43
-3.73,-5.74,7.43
-3.73,-5.74,7.43
-3.91,-6.05,7.35
-3.91,-6.05,7.35
-3.91,-6.05,7.35
-3.56,-6.34,6.84
-3.56,-6.34,6.84
-3.56,-6.34,6.84
-3.03,-6.22,7.21
-3.03,-6.22,7.21
-3.03,-6.22,7.21
-2.79,-6.98,7.0
-2.79,-6.98,7.0
-2.79,-6.98,7.0
-2.61,-6.29,6.72
-2.61,-6.29,6.72
-2.61,-6.29,6.72
-3.04,-6.56,6.56
-3.04,-6.56,6.56
-3.04,-6.56,6.56
-2.98,-6.23,6.28
-2.98,-6.23,6.28
-2.98,-6.23,6.28
-2.99,-6.32,6.42
-2.99,-6.32,6.42
-2.99,-6.32,6.42
-2.9,-6.12,6.2
-2.9,-6.12,6.2
-2.9,-6.12,6.2
-2.72,-6.0,6.58
-2.72,-6.0,6.58
-2.72,-6.0,6.58
-2.78,-6.48,7.02
-2.78,-6.48,7.02
-2.78,-6.48,7.02
-2.52,-6.35,6.89
-2.52,-6.35,6.89
-2.52,-6.35,6.89
-2.7,-6.7,7.16
-2.7,-6.7,7.16
-2.7,-6.7,7.16
-3.11,-7.32,7.32
-3.11,-7.32,7.32
-3.11,-7.32,7.32
-2.95,-7.41,6.73
-2.95,-7.41,6.73
-2.95,-7.41,6.73
-1.91,-6.16,6.45
-1.91,-6.16,6.45
-1.99,-6.23,6.46
-1.99,-6.23,6.46
-1.99,-6.23,6.46
-2.69,-5.89,6.57
-2.69,-5.89,6.57
-2.69,-5.89,6.57
-2.83,-6.02,6.57
-2.83,-6.02,6.57
-2.78,-5.89,6.34
-2.62,-5.72,6.27
-2.37,-5.76,6.5
-2.37,-5.76,6.5
-2.14,-6.69,7.06
-2.14,-6.69,7.06
-2.14,-6.69,7.06
-2.72,-6.16,6.73
-2.72,-6.16,6.73
-2.72,-6.16,6.73
-2.58,-6.49,6.86
-2.58,-6.49,6.86
-2.67,-6.92,6.92
-2.76,-6.62,6.73
-2.57,-6.12,6.64
-2.57,-6.12,6.64
-2.6,-5.88,6.86
-2.6,-5.88,6.86
-2.6,-5.88,6.86
-1.87,-6.71,7.74
-1.87,-6.71,7.74
-1.87,-6.71,7.74
-1.88,-6.49,7.54
-1.88,-6.49,7.54
-1.88,-6.49,7.54
-2.62,-6.1,7.37
-2.62,-6.1,7.37
-2.82,-6.12,7.35
-2.76,-6.5,7.17
-2.76,-6.5,7.17
-2.76,-6.5,7.17
-2.6,-6.27,6.8
-2.6,-6.27,6.8
-2.6,-6.27,6.8
-2.18,-6.46,6.9
-1.96,-6.78,7.18
-1.95,-7.15,7.46
-1.88,-7.13,7.54
-1.88,-7.13,7.54
-1.52,-6.84,7.25
-1.52,-6.84,7.25
-1.52,-6.84,7.25
-1.57,-6.73,7.0
-1.57,-6.73,7.0
-1.57,-6.73,7.0
-2.22,-7.28,7.21
-2.22,-7.28,7.21
-2.22,-7.28,7.21
-2.26,-6.82,7.59
-2.26,-6.82,7.59
-2.26,-6.82,7.59
-2.36,-6.86,7.45
-2.36,-6.86,7.45
-2.36,-6.86,7.45
-2.02,-5.31,6.28
-2.02,-5.31,6.28
-2.02,-5.31,6.28
-2.45,-5.43,5.94
-2.45,-5.43,5.94
-2.45,-5.43,5.94
-2.45,-7.0,7.12
-2.75,-7.47,7.44
-2.75,-7.47,7.44
-2.82,-6.51,7.23
-2.82,-6.51,7.23
-2.82,-6.51,7.23
-2.7,-5.57,6.31
-2.7,-5.57,6.31
-2.7,-5.57,6.31
-2.61,-5.78,6.41
-2.61,-5.78,6.41
-2.61,-5.78,6.41
-2.84,-6.6,7.15
-2.88,-6.78,7.14
-2.88,-6.78,7.14
-2.62,-6.36,6.84
-2.62,-6.36,6.84
-2.62,-6.36,6.84
-2.72,-6.57,6.9
-2.72,-6.57,6.9
-2.72,-6.57,6.9
-2.6,-6.0,7.13
-2.6,-6.0,7.13
-2.68,-6.02,7.3
-2.53,-6.29,7.42
-2.53,-6.29,7.42
-2.53,-6.29,7.42
-2.04,-6.72,7.22
-2.04,-6.72,7.22
-2.04,-6.72,7.22
-2.4,-6.3,6.82
-2.4,-6.3,6.82
-2.4,-6.3,6.82
-2.87,-6.14,7.14
-2.87,-6.14,7.14
-2.87,-6.14,7.14
-2.98,-6.02,7.0
-2.98,-6.02,7.0
-3.05,-6.18,6.88
-3.05,-6.18,6.88
-3.05,-6.18,6.88
-2.84,-5.99,6.96
-2.84,-5.99,6.96
-2.84,-5.99,6.96
-2.68,-6.28,7.19
-2.68,-6.28,7.19
-2.62,-6.59,7.34
-2.57,-6.56,7.14
-2.57,-6.56,7.14
-2.57,-5.91,6.81
-2.57,-5.91,6.81
-2.57,-5.91,6.81
-2.77,-5.92,7.17
-2.77,-5.92,7.17
-2.77,-5.92,7.17
-2.89,-6.22,7.36
-2.89,-6.22,7.36
-2.81,-6.13,7.2
-2.68,-5.99,6.81
-2.68,-5.99,6.81
-2.68,-5.99,6.81
-2.4,-6.41,7.08
-2.4,-6.41,7.08
-2.4,-6.41,7.08
-2.61,-6.36,7.18
-2.61,-6.36,7.18
-2.61,-6.36,7.18
-2.96,-5.9,6.87
-3.11,-6.07,6.93
-3.11,-6.07,6.93
-3.04,-6.51,7.23
-3.04,-6.51,7.23
-3.04,-6.51,7.23
-2.86,-5.87,6.85
-2.86,-5.87,6.85
-2.86,-5.87,6.85
-2.96,-6.25,7.01
-2.96,-6.25,7.01
-2.96,-6.25,7.01
-2.9,-6.12,6.94
-2.9,-6.12,6.94
-2.9,-6.12,6.94
-3.02,-6.34,6.91
-3.02,-6.34,6.91
-3.02,-6.34,6.91
-3.07,-6.81,6.99
-3.07,-6.81,6.99
-3.07,-6.81,6.99
-2.78,-6.44,6.74
-2.78,-6.44,6.74
-2.78,-6.44,6.74
-2.97,-7.12,7.25
-2.97,-7.12,7.25
-2.98,-6.4,7.11
-3.61,-6.11,6.78
-3.61,-6.11,6.78
-3.61,-6.11,6.78
-3.16,-6.43,6.66
-3.16,-6.43,6.66
-3.16,-6.43,6.66
-2.72,-7.37,6.63
-2.72,-7.37,6.63
-2.72,-7.37,6.63
-2.45,-6.29,6.73
-2.45,-6.29,6.73
-2.45,-6.29,6.73
-2.61,-6.93,7.12
-2.61,-6.93,7.12
-2.61,-6.93,7.12
-2.59,-6.53,6.38
-2.59,-6.53,6.38
-2.59,-6.53,6.38
-2.27,-6.93,6.65
-2.27,-6.93,6.65
-2.27,-6.93,6.65
-2.23,-7.28,7.33
-2.23,-7.28,7.33
-2.23,-7.28,7.33
-1.84,-6.92,7.12
-1.84,-6.92,7.12
-1.84,-6.92,7.12
-1.98,-7.21,7.32
-1.98,-7.21,7.32
-1.98,-7.21,7.32
-1.82,-7.66,7.07
-1.82,-7.66,7.07
-1.73,-7.18,6.92
-1.38,-7.16,7.05
-1.38,-7.16,7.05
-1.38,-7.16,7.05
-1.06,-7.6,6.93
-1.06,-7.6,6.93
-1.06,-7.6,6.93
-1.17,-7.76,6.71
-1.17,-7.76,6.71
-1.17,-7.76,6.71
-1.33,-7.57,5.76
-1.33,-7.57,5.76
-1.33,-7.57,5.76
-0.75,-8.89,6.41
-0.75,-8.89,6.41
-1.41,-8.77,5.78
-2.11,-6.33,5.11
-2.11,-6.33,5.11
-1.35,-9.17,5.49
-1.35,-9.17,5.49
-1.35,-9.17,5.49
-0.61,-8.23,5.9
-0.61,-8.23,5.9
-0.61,-8.23,5.9
-0.57,-7.42,5.39
-0.57,-7.42,5.39
-0.58,-7.49,5.51
-0.9,-8.38,5.2
-0.9,-8.38,5.2
-0.9,-8.38,5.2
-1.25,-8.03,4.6
-1.25,-8.03,4.6
-1.25,-8.03,4.6
-1.45,-8.45,4.51
-1.45,-8.45,4.51
-1.45,-8.45,4.51
-1.09,-8.75,4.13
-1.09,-8.75,4.13
-0.85,-9.63,3.96
-0.65,-9.66,3.93
-0.65,-9.66,3.93
-0.65,-9.66,3.93
-1.01,-9.47,3.54
-1.01,-9.47,3.54
-1.01,-9.47,3.54
-0.58,-10.15,3.19
-0.58,-10.15,3.19
-0.58,-10.15,3.19
-0.53,-10.07,3.17
-0.53,-10.07,3.17
-0.37,-10.44,2.59
-0.53,-10.51,1.95
-0.53,-10.51,1.95
-0.53,-10.51,1.95
-0.45,-10.14,2.18
-0.45,-10.14,2.18
-0.45,-10.14,2.18
-0.41,-9.34,1.59
-0.41,-9.34,1.59
-0.41,-9.34,1.59
-0.09,-9.6,1.01
-0.09,-9.6,1.01
-0.2,-9.31,0.48
-0.02,-9.18,0.03
-0.02,-9.18,0.03
-0.02,-9.18,0.03
0.58,-9.65,0.26
0.58,-9.65,0.26
0.58,-9.65,0.26
0.61,-9.48,-0.08
0.61,-9.48,-0.08
0.2,-9.31,-0.51
0.14,-9.7,-0.76
-0.12,-9.76,-0.79
-0.12,-9.76,-0.79
1.49,-9.92,-0.86
1.49,-9.92,-0.86
1.49,-9.92,-0.86
3.18,-8.05,-2.6
3.18,-8.05,-2.6
1.71,-9.24,-3.2
1.71,-9.24,-3.2
1.71,-9.24,-3.2
2.15,-8.71,-3.04
2.15,-8.71,-3.04
2.05,-8.62,-2.81
1.85,-7.95,-3.36
1.85,-7.95,-3.36
1.85,-7.95,-3.36
2.4,-7.91,-3.77
2.4,-7.91,-3.77
2.4,-7.91,-3.77
2.83,-7.61,-4.47
2.83,-7.61,-4.47
2.83,-7.61,-4.47
2.72,-7.28,-4.51
3.23,-7.44,-4.08
3.23,-7.44,-4.08
2.94,-6.67,-4.33
2.94,-6.67,-4.33
2.94,-6.67,-4.33
2.85,-5.56,-5.59
2.85,-5.56,-5.59
2.85,-5.56,-5.59
2.49,-6.76,-5.75
2.49,-6.76,-5.75
2.5,-6.83,-5.55
2.53,-5.59,-5.57
2.53,-5.59,-5.57
2.53,-5.59,-5.57
2.98,-6.5,-5.83
2.98,-6.5,-5.83
2.98,-6.5,-5.83
3.82,-5.43,-5.87
3.82,-5.43,-5.87
3.82,-5.43,-5.87
3.63,-4.95,-5.92
3.63,-4.95,-5.92
3.63,-4.95,-5.92
3.44,-5.25,-6.12
3.44,-5.25,-6.12
3.44,-5.25,-6.12
3.33,-5.25,-5.96
3.33,-5.25,-5.96
3.33,-5.25,-5.96
2.98,-5.22,-5.85
2.98,-5.22,-5.85
2.98,-5.22,-5.85
3.75,-5.77,-6.19
3.75,-5.77,-6.19
3.74,-5.47,-6.58
3.69,-5.47,-6.64
3.69,-5.47,-6.64
3.69,-5.47,-6.64
3.68,-5.51,-6.45
3.68,-5.51,-6.45
3.68,-5.51,-6.45
3.53,-5.66,-6.72
3.53,-5.66,-6.72
3.53,-5.66,-6.72
3.73,-5.21,-6.87
3.81,-5.18,-7.11
3.81,-5.18,-7.11
3.66,-6.13,-6.7
3.66,-6.13,-6.7
3.66,-6.13,-6.7
3.48,-5.42,-6.47
3.48,-5.42,-6.47
3.48,-5.42,-6.47
3.71,-5.98,-6.84
3.71,-5.98,-6.84
3.71,-5.98,-6.84
3.63,-5.9,-7.05
3.4,-5.21,-6.87
3.4,-5.21,-6.87
3.0,-6.08,-6.74
3.0,-6.08,-6.74
3.0,-6.08,-6.74
3.46,-5.86,-7.09
3.46,-5.86,-7.09
3.46,-5.86,-7.09
3.51,-5.78,-6.68
3.51,-5.78,-6.68
3.51,-5.78,-6.68
3.1,-5.54,-6.93
3.44,-5.1,-6.85
3.44,-5.1,-6.85
3.19,-5.93,-6.99
3.19,-5.93,-6.99
3.19,-5.93,-6.99
3.1,-6.14,-7.11
3.1,-6.14,-7.11
3.1,-6.14,-7.11
2.65,-5.62,-6.84
2.65,-5.62,-6.84
2.65,-5.62,-6.84
2.57,-6.07,-6.96
2.57,-6.07,-6.96
2.57,-6.07,-6.96
2.62,-6.13,-7.07
2.62,-6.13,-7.07
2.62,-6.13,-7.07
2.73,-6.01,-6.49
2.73,-6.01,-6.49
2.73,-6.01,-6.49
2.53,-6.12,-6.91
2.53,-6.12,-6.91
2.53,-6.12,-6.91
2.87,-6.06,-6.92
2.87,-6.06,-6.92
2.87,-6.06,-6.92
2.79,-6.32,-6.66
2.79,-6.32,-6.66
2.79,-6.32,-6.66
2.78,-6.12,-6.81
2.78,-6.12,-6.81
2.78,-6.12,-6.81
2.52,-6.06,-6.8
2.52,-6.06,-6.8
2.52,-6.06,-6.8
2.42,-6.32,-6.69
2.42,-6.32,-6.69
2.42,-6.32,-6.69
2.0,-6.45,-6.78
2.0,-6.45,-6.78
2.0,-6.45,-6.78
2.12,-6.46,-6.61
2.12,-6.46,-6.61
2.12,-6.46,-6.61
2.15,-6.27,-6.59
2.15,-6.27,-6.59
2.15,-6.27,-6.59
1.91,-6.57,-7.01
1.91,-6.57,-7.01
2.04,-6.51,-6.88
2.19,-6.68,-6.74
2.19,-6.37,-6.58
2.19,-6.37,-6.58
2.17,-6.61,-6.66
2.17,-6.61,-6.66
2.17,-6.61,-6.66
2.25,-6.57,-6.72
2.25,-6.57,-6.72
2.25,-6.57,-6.72
2.29,-7.05,-6.26
2.29,-7.05,-6.26
2.29,-7.05,-6.26
2.3,-6.25,-6.48
2.28,-6.26,-6.43
2.28,-6.26,-6.43
2.18,-6.86,-6.38
2.18,-6.86,-6.38
2.18,-6.86,-6.38
2.0,-6.79,-6.75
2.0,-6.79,-6.75
2.0,-6.79,-6.75
1.92,-6.68,-6.64
1.92,-6.68,-6.64
1.82,-6.64,-6.8
1.69,-6.07,-6.91
1.69,-6.07,-6.91
1.69,-6.07,-6.91
1.79,-6.06,-6.58
1.79,-6.06,-6.58
1.79,-6.06,-6.58
1.78,-5.81,-6.7
1.78,-5.81,-6.7
1.78,-5.81,-6.7
1.98,-6.56,-6.72
1.98,-6.56,-6.72
1.82,-6.61,-6.67
1.82,-6.61,-6.67
1.82,-6.61,-6.67
1.74,-5.91,-6.57
1.74,-5.91,-6.57
1.74,-5.91,-6.57
2.15,-6.75,-6.52
2.15,-6.75,-6.52
2.15,-6.75,-6.52
2.17,-6.75,-6.5
2.17,-6.75,-6.5
2.21,-6.82,-6.23
2.16,-6.7,-6.24
1.99,-6.54,-6.48
1.99,-6.54,-6.48
1.62,-6.67,-6.68
1.62,-6.67,-6.68
1.62,-6.67,-6.68
1.7,-6.35,-6.46
1.7,-6.35,-6.46
1.7,-6.35,-6.46
1.79,-6.94,-6.49
1.79,-6.94,-6.49
1.79,-6.97,-6.48
1.62,-6.5,-6.66
1.62,-6.5,-6.66
1.62,-6.5,-6.66
1.64,-6.86,-6.52
1.64,-6.86,-6.52
1.64,-6.86,-6.52
1.44,-6.54,-6.73
1.44,-6.54,-6.73
1.44,-6.54,-6.73
1.45,-6.67,-6.51
1.45,-6.67,-6.51
1.62,-6.58,-6.51
1.6,-6.73,-6.61
1.6,-6.73,-6.61
1.6,-6.73,-6.61
1.73,-6.52,-6.33
1.73,-6.52,-6.33
1.73,-6.52,-6.33
1.76,-6.52,-6.55
1.76,-6.52,-6.55
1.76,-6.46,-6.8
1.82,-6.54,-6.68
1.88,-6.9,-6.55
1.88,-6.9,-6.55
1.72,-6.69,-6.48
1.72,-6.69,-6.48
1.72,-6.69,-6.48
1.66,-6.99,-6.4
1.66,-6.99,-6.4
1.66,-6.99,-6.4
1.63,-6.5,-6.53
1.63,-6.5,-6.53
1.63,-6.5,-6.53
1.74,-5.89,-6.22
1.74,-5.89,-6.22
1.74,-5.89,-6.22
1.46,-6.23,-6.56
1.46,-6.23,-6.56
1.46,-6.23,-6.56
1.45,-6.87,-6.4
1.45,-6.87,-6.4
1.45,-6.87,-6.4
1.52,-7.07,-6.5
1.52,-7.07,-6.5
1.54,-6.4,-6.52
1.86,-6.34,-6.43
2.09,-6.55,-6.37
2.09,-6.55,-6.37
1.88,-6.35,-6.51
1.88,-6.35,-6.51
1.88,-6.35,-6.51
1.42,-6.6,-6.43
1.42,-6.6,-6.43
1.42,-6.6,-6.43
1.04,-6.69,-6.56
1.04,-6.69,-6.56
1.04,-6.69,-6.56
1.45,-6.42,-6.45
1.45,-6.42,-6.45
1.45,-6.42,-6.45
1.76,-6.81,-6.2
1.76,-6.81,-6.2
1.76,-6.81,-6.2
1.8,-7.05,-6.27
1.8,-7.05,-6.27
1.8,-7.05,-6.27
1.85,-6.72,-6.48
1.85,-6.72,-6.48
1.77,-6.87,-6.07
1.36,-6.79,-5.75
1.36,-6.79,-5.75
1.36,-6.79,-5.75
1.35,-6.58,-6.19
1.35,-6.58,-6.19
1.35,-6.58,-6.19
1.14,-6.85,-5.84
1.14,-6.85,-5.84
1.14,-6.85,-5.84
2.22,-7.37,-5.61
2.22,-7.37,-5.61
2.22,-7.37,-5.61
1.13,-6.68,-5.41
1.13,-6.68,-5.41
1.13,-6.68,-5.41
1.09,-7.69,-5.85
1.09,-7.69,-5.85
1.09,-7.69,-5.85
2.02,-7.39,-5.78
2.02,-7.39,-5.78
2.02,-7.39,-5.78
2.6,-7.31,-5.01
2.6,-7.16,-5.13
2.6,-7.16,-5.13
1.89,-7.53,-5.66
1.89,-7.53,-5.66
1.89,-7.53,-5.66
1.55,-8.12,-5.65
1.55,-8.12,-5.65
1.55,-8.12,-5.65
0.88,-7.88,-5.03
0.88,-7.88,-5.03
0.88,-7.88,-5.03
1.12,-7.6,-5.19
1.12,-7.6,-5.19
1.12,-7.6,-5.19
1.68,-7.97,-4.95
1.68,-7.97,-4.95
1.68,-7.97,-4.95
1.37,-7.96,-4.82
1.37,-7.96,-4.82
1.37,-7.96,-4.82
3.43,-10.38,-4.74
3.43,-10.38,-4.74
3.43,-10.38,-4.74
2.98,-6.78,-5.19
2.98,-6.78,-5.19
3.07,-8.22,-6.3
3.07,-8.22,-6.3
3.07,-8.22,-6.3
0.99,-8.7,-5.76
0.99,-8.7,-5.76
0.99,-8.7,-5.76
1.77,-6.54,-4.86
1.77,-6.54,-4.86
1.77,-6.54,-4.86
1.55,-9.07,-5.19
1.55,-9.07,-5.19
1.55,-9.07,-5.19
0.97,-8.95,-5.12
0.97,-8.95,-5.12
0.97,-8.95,-5.12
1.17,-9.22,-5.11
1.17,-9.22,-5.11
1.17,-9.22,-5.11
1.0,-8.3,-6.02
1.0,-8.3,-6.02
1.0,-8.3,-6.02
2.18,-6.64,-5.61
2.18,-6.64,-5.61
1.73,-8.47,-5.43
0.52,-6.5,-5.88
0.52,-6.5,-5.88
0.52,-6.5,-5.88
2.46,-7.65,-5.73
2.46,-7.65,-5.73
1.06,-7.04,-6.61
1.06,-7.04,-6.61
1.06,-7.04,-6.61
-0.6,-8.08,-6.16
-0.97,-7.04,-5.65
-0.97,-7.04,-5.65
-0.22,-7.83,-5.61
-0.22,-7.83,-5.61
-0.22,-7.83,-5.61
0.17,-6.86,-6.61
0.17,-6.86,-6.61
0.17,-6.86,-6.61
-0.05,-5.97,-7.2
-0.05,-5.97,-7.2
-0.05,-5.97,-7.2
-0.72,-7.49,-6.22
-0.72,-7.49,-6.22
-0.72,-7.49,-6.22
1.04,-3.65,-6.58
-0.63,-5.12,-6.04
-0.63,-5.12,-6.04
-1.83,-6.1,-6.18
-1.83,-6.1,-6.18
-1.83,-6.1,-6.18
-0.77,-4.74,-7.63
-0.77,-4.74,-7.63
-0.77,-4.74,-7.63
2.12,-6.73,-7.04
2.12,-6.73,-7.04
2.12,-6.73,-7.04
1.51,-6.02,-6.98
1.51,-6.02,-6.98
1.51,-6.02,-6.98
-1.44,-4.76,-6.68
-1.44,-4.76,-6.68
-1.44,-4.76,-6.68
1.22,-6.11,-6.74
1.22,-6.11,-6.74
1.22,-6.11,-6.74
-1.71,-6.57,-7.42
-1.71,-6.57,-7.42
-0.25,-5.94,-7.15
-1.49,-6.73,-7.59
-1.49,-6.73,-7.59
-1.49,-6.73,-7.59
0.87,-4.95,-7.12
0.87,-4.95,-7.12
0.87,-4.95,-7.12
-1.11,-6.25,-7.19
-1.11,-6.25,-7.19
-1.11,-6.25,-7.19
0.72,-5.23,-7.59
0.72,-5.23,-7.59
-1.18,-7.33,-7.64
0.23,-5.19,-6.82
0.23,-5.19,-6.82
0.23,-5.19,-6.82
-2.37,-5.89,-7.05
-2.37,-5.89,-7.05
-2.37,-5.89,-7.05
0.08,-5.69,-6.08
0.08,-5.69,-6.08
0.08,-5.69,-6.08
-1.65,-6.41,-7.07
-1.65,-6.41,-7.07
0.1,-6.24,-6.66
-1.9,-6.53,-7.25
-1.9,-6.53,-7.25
-1.9,-6.53,-7.25
0.26,-5.4,-6.74
0.26,-5.4,-6.74
0.26,-5.4,-6.74
-0.73,-5.35,-7.36
-0.73,-5.35,-7.36
-0.73,-5.35,-7.36
-0.59,-6.39,-7.26
-0.59,-6.39,-7.26
-0.59,-6.39,-7.26
-0.84,-6.65,-6.93
-0.84,-6.65,-6.93
-0.84,-6.65,-6.93
-0.17,-5.41,-7.1
-0.17,-5.41,-7.1
-0.17,-5.41,-7.1
-0.48,-6.98,-7.36
-0.48,-6.98,-7.36
-0.48,-6.98,-7.36
-0.59,-5.85,-7.37
-0.59,-5.85,-7.37
-0.49,-6.74,-7.55
-1.01,-7.11,-6.77
-1.01,-7.11,-6.77
-1.01,-7.11,-6.77
-1.25,-6.88,-7.1
-1.25,-6.88,-7.1
-1.25,-6.88,-7.1
-0.88,-5.36,-6.83
-0.88,-5.36,-6.83
-1.47,-5.75,-7.65
-0.78,-7.14,-7.23
0.22,-6.22,-6.92
0.22,-6.22,-6.92
-1.41,-5.14,-7.48
-1.41,-5.14,-7.48
-1.41,-5.14,-7.48
-0.43,-5.1,-6.37
-0.43,-5.1,-6.37
-0.43,-5.1,-6.37
-1.82,-5.19,-7.14
-1.82,-5.19,-7.14
-1.05,-5.46,-6.86
-1.03,-5.95,-6.89
-1.03,-5.95,-6.89
-1.64,-5.75,-7.42
0.52,-5.92,-7.18
0.52,-5.92,-7.18
0.52,-5.92,-7.18
-2.45,-5.57,-7.45
-2.45,-5.57,-7.45
-2.45,-5.57,-7.45
-1.18,-4.9,-7.19
-1.18,-4.9,-7.19
-1.18,-4.9,-7.19
-1.14,-6.05,-7.6
-1.14,-6.05,-7.6
-1.14,-6.05,-7.6
-1.3,-4.12,-7.06
-1.3,-4.12,-7.06
-1.3,-4.12,-7.06
-1.58,-5.22,-6.88
-1.58,-5.22,-6.88
-1.58,-5.22,-6.88
-1.3,-4.84,-7.54
-1.3,-4.84,-7.54
-0.36,-5.65,-7.38
-0.67,-6.3,-7.69
-1.33,-5.63,-7.94
-1.33,-5.63,-7.94
-0.59,-5.39,-7.06
-0.59,-5.39,-7.06
-0.59,-5.39,-7.06
-0.66,-4.86,-7.72
-0.66,-4.86,-7.72
-0.66,-4.86,-7.72
-0.28,-5.34,-7.51
-0.28,-5.34,-7.51
-0.28,-5.34,-7.51
-1.41,-5.85,-7.81
-1.41,-5.85,-7.81
-1.41,-5.85,-7.81
0.05,-4.42,-7.45
0.05,-4.42,-7.45
0.05,-4.42,-7.45
-0.83,-6.06,-7.69
-0.83,-6.06,-7.69
-0.83,-6.06,-7.69
-1.11,-4.93,-7.62
-1.11,-4.93,-7.62
-1.28,-5.73,-7.91
-0.64,-5.0,-6.92
-0.64,-5.0,-6.92
-0.64,-5.0,-6.92
-1.26,-5.85,-7.49
-1.26,-5.85,-7.49
-1.26,-5.85,-7.49
-0.88,-4.95,-7.27
-0.88,-4.95,-7.27
-0.88,-4.95,-7.27
-0.5,-5.34,-7.79
-0.5,-5.34,-7.79
-1.08,-5.12,-7.71
-1.08,-5.12,-7.71
-1.08,-5.12,-7.71
-0.65,-5.53,-7.82
-0.65,-5.53,-7.82
-0.65,-5.53,-7.82
-0.8,-5.21,-7.73
-0.8,-5.21,-7.73
-0.8,-5.21,-7.73
-0.91,-5.33,-7.33
-0.91,-5.33,-7.33
-0.91,-5.33,-7.33
-0.55,-5.11,-7.38
-0.55,-5.11,-7.38
-0.55,-5.11,-7.38
-1.16,-5.52,-7.78
-1.16,-5.52,-7.78
-1.16,-5.52,-7.78
-0.54,-5.21,-7.41
-0.54,-5.21,-7.41
-0.54,-5.21,-7.41
-1.24,-5.02,-7.78
-1.24,-5.02,-7.78
-1.24,-5.02,-7.78
-0.49,-5.37,-7.1
-0.97,-5.15,-7.62
-0.97,-5.15,-7.62
-0.76,-5.53,-7.67
-0.76,-5.53,-7.67
-0.76,-5.53,-7.67
-0.56,-4.94,-7.84
-0.56,-4.94,-7.84
-0.56,-4.94,-7.84
-0.87,-5.4,-7.68
-0.87,-5.4,-7.68
-1.48,-6.03,-7.31
-0.73,-5.08,-7.38
-0.8,-4.95,-7.48
-0.8,-4.95,-7.48
-0.79,-4.92,-7.52
-0.79,-4.92,-7.52
-0.79,-4.92,-7.52
-1.31,-5.43,-7.94
-1.31,-5.43,-7.94
-1.31,-5.43,-7.94
-0.59,-5.23,-7.54
-0.59,-5.23,-7.54
-1.09,-5.39,-7.57
-1.08,-4.92,-7.35
-1.06,-4.89,-7.34
-1.06,-4.89,-7.34
-0.75,-4.95,-7.57
-0.75,-4.95,-7.57
-0.75,-4.95,-7.57
-0.66,-5.2,-7.85
-0.66,-5.2,-7.85
-0.66,-5.2,-7.85
-0.62,-5.54,-7.64
-0.62,-5.54,-7.64
-0.62,-5.54,-7.64
-0.78,-5.27,-7.88
-0.78,-5.27,-7.88
-0.78,-5.27,-7.88
-0.52,-5.13,-7.6
-0.52,-5.13,-7.6
-0.41,-5.02,-7.65
-0.41,-5.02,-7.65
-0.41,-5.02,-7.65
-1.09,-5.43,-7.46
-1.09,-5.43,-7.46
-1.09,-5.43,-7.46
-0.77,-5.02,-7.68
-0.77,-5.02,-7.68
-0.77,-5.02,-7.68
-0.76,-4.59,-7.5
-0.76,-4.59,-7.5
-0.76,-4.59,-7.5
-0.93,-5.94,-7.66
-0.93,-5.94,-7.66
-0.93,-5.94,-7.66
-0.76,-4.86,-7.57
-0.76,-4.86,-7.57
-0.83,-5.5,-7.83
-0.68,-4.76,-7.67
-0.68,-4.76,-7.67
-0.46,-5.44,-7.84
-0.46,-5.44,-7.84
-0.46,-5.44,-7.84
-0.48,-4.97,-7.71
-0.48,-4.97,-7.71
-0.48,-4.97,-7.71
-0.71,-5.25,-7.6
-0.71,-5.25,-7.6
-0.79,-5.44,-7.68
-1.18,-5.06,-7.54
-0.66,-4.72,-7.16
-0.66,-4.72,-7.16
-1.12,-5.29,-7.85
-1.12,-5.29,-7.85
-1.12,-5.29,-7.85
-0.96,-5.52,-7.43
-0.96,-5.52,-7.43
-0.96,-5.52,-7.43
-0.43,-5.1,-7.93
-0.43,-5.1,-7.93
-0.63,-5.49,-7.73
-1.04,-5.26,-7.61
-0.6,-4.91,-7.48
-0.6,-4.91,-7.48
-0.77,-4.91,-7.76
-0.77,-4.91,-7.76
-0.77,-4.91,-7.76
-0.49,-5.44,-7.5
-0.49,-5.44,-7.5
-0.49,-5.44,-7.5
-1.11,-5.75,-7.71
-0.96,-5.45,-7.53
-0.96,-5.45,-7.53
-0.59,-5.28,-7.26
-0.78,-5.18,-7.57
-0.91,-5.11,-7.45
-0.91,-5.11,-7.45
-0.91,-5.11,-7.45
-0.4,-5.34,-7.49
-0.4,-5.34,-7.49
-0.4,-5.34,-7.49
-1.27,-5.38,-7.43
-1.27,-5.38,-7.43
-1.27,-5.38,-7.43
-0.65,-5.4,-7.62
-0.65,-5.4,-7.62
-0.65,-5.4,-7.62
-0.76,-4.95,-7.43
-0.76,-4.95,-7.43
-0.76,-4.95,-7.43
-0.82,-5.25,-7.81
-0.82,-5.25,-7.81
-0.82,-5.25,-7.81
-0.59,-5.39,-7.6
-0.59,-5.39,-7.6
-0.59,-5.39,-7.6
-0.94,-5.16,-7.51
-0.94,-5.16,-7.51
-0.94,-5.16,-7.51
-0.16,-5.48,-7.6
-0.16,-5.48,-7.6
-0.16,-5.48,-7.6
-0.99,-5.53,-7.8
-0.99,-5.53,-7.8
-0.99,-5.53,-7.8
-0.65,-5.21,-7.16
-0.65,-5.21,-7.16
-1.01,-4.94,-7.71
-0.42,-5.36,-7.41
-0.42,-5.36,-7.41
-0.42,-5.36,-7.41
-0.93,-5.33,-7.71
-0.93,-5.33,-7.71
-0.93,-5.33,-7.71
-0.6,-5.56,-7.37
-0.6,-5.56,-7.37
-0.6,-5.56,-7.37
-1.03,-5.51,-8.0
-1.03,-5.51,-8.0
-1.03,-5.51,-8.0
-0.27,-5.1,-7.27
-0.27,-5.1,-7.27
-0.27,-5.1,-7.27
-0.8,-5.32,-7.79
-0.8,-5.32,-7.79
-0.8,-5.32,-7.79
-1.1,-5.51,-7.17
-1.1,-5.51,-7.17
-1.1,-5.51,-7.17
-0.45,-5.52,-7.62
-0.45,-5.52,-7.62
-0.45,-5.52,-7.62
-0.5,-4.77,-7.56
-0.5,-4.77,-7.56
-0.5,-4.77,-7.56
-0.71,-5.56,-7.48
-0.71,-5.56,-7.48
-0.71,-5.56,-7.48
-0.88,-5.08,-7.65
-0.88,-5.08,-7.65
-0.88,-5.08,-7.65
-0.5,-5.32,-7.4
-0.5,-5.32,-7.4
-0.5,-5.32,-7.4
-0.78,-5.53,-7.76
-0.78,-5.53,-7.76
-0.78,-5.53,-7.76
-0.63,-5.12,-7.3
-0.63,-5.12,-7.3
-0.63,-5.12,-7.3
-0.89,-5.23,-7.6
-0.89,-5.23,-7.6
-0.89,-5.23,-7.6
-0.69,-5.39,-7.35
-1.23,-5.48,-7.62
-1.23,-5.48,-7.62
-0.32,-5.39,-7.56
-0.32,-5.39,-7.56
-0.32,-5.39,-7.56
-0.89,-5.03,-7.55
-0.89,-5.03,-7.55
-0.89,-5.03,-7.55
-0.49,-5.03,-7.46
-0.49,-5.03,-7.46
-0.49,-5.03,-7.46
1.51,-4.82,-8.71
1.51,-4.82,-8.71
1.51,-4.82,-8.71
-19.74,0.66,-4.19
-19.74,0.66,-4.19
