aX,aY,aZ
-15.35,0.06,-6.12
-2.31,-2.39,2.69
-2.31,-2.39,2.69
-2.31,-2.39,2.69
6.69,-12.64,-7.53
6.69,-12.64,-7.53
6.69,-12.64,-7.53
5.21,-12.67,1.05
5.21,-12.67,1.05
2.93,-9.63,0.77
1.93,-9.57,0.57
0.56,-9.95,-0.11
0.56,-9.95,-0.11
0.73,-12.89,8.61
0.73,-12.89,8.61
0.73,-12.89,8.61
1.55,-8.64,2.21
1.55,-8.64,2.21
1.55,-8.64,2.21
1.56,-8.6,1.54
1.56,-8.6,1.54
1.62,-8.68,1.36
1.62,-9.57,1.76
1.62,-9.57,1.76
1.62,-9.57,1.76
1.33,-9.68,1.87
1.33,-9.68,1.87
1.33,-9.68,1.87
1.12,-9.06,2.14
1.12,-9.06,2.14
1.61,-9.36,2.24
1.61,-9.36,2.24
1.61,-9.36,2.24
1.7,-9.34,2.36
1.7,-9.34,2.36
1.7,-9.34,2.36
2.06,-10.28,2.45
2.06,-10.28,2.45
2.06,-10.28,2.45
1.82,-9.53,2.37
1.82,-9.53,2.37
1.82,-9.53,2.37
1.78,-9.09,2.41
1.78,-9.09,2.41
1.84,-9.06,2.4
2.19,-9.45,2.14
2.19,-9.45,2.14
2.19,-9.45,2.14
2.2,-9.1,2.35
2.2,-9.1,2.35
2.2,-9.1,2.35
1.97,-9.52,2.23
1.97,-9.52,2.23
1.97,-9.52,2.23
1.94,-9.27,2.57
1.94,-9.27,2.57
2.03,-9.53,2.87
1.98,-9.8,3.1
1.98,-9.8,3.1
1.98,-9.8,3.1
1.87,-9.42,2.65
1.87,-9.42,2.65
1.87,-9.42,2.65
2.0,-9.08,2.64
2.0,-9.08,2.64
2.0,-9.08,2.64
2.05,-9.34,2.46
1.91,-9.29,2.36
1.91,-9.29,2.36
1.74,-9.12,2.75
1.74,-9.12,2.75
1.74,-9.12,2.75
1.54,-9.07,2.93
1.54,-9.07,2.93
1.54,-9.07,2.93
1.6,-9.18,2.8
1.6,-9.18,2.8
1.6,-9.18,2.8
1.72,-9.32,2.66
2.04,-8.99,2.73
2.04,-8.99,2.73
2.04,-9.18,2.67
2.04,-9.18,2.67
2.04,-9.18,2.67
2.16,-9.32,2.66
2.16,-9.32,2.66
2.16,-9.32,2.66
2.41,-9.37,2.54
2.41,-9.37,2.54
2.57,-9.5,2.51
2.75,-9.53,2.42
2.67,-9.4,2.3
2.67,-9.4,2.3
2.66,-9.29,2.58
2.66,-9.29,2.58
2.66,-9.29,2.58
2.48,-9.2,2.51
2.48,-9.2,2.51
2.48,-9.2,2.51
2.53,-8.76,2.31
2.53,-8.76,2.31
2.5,-8.78,2.36
2.21,-9.1,2.52
2.21,-9.1,2.52
2.21,-9.1,2.52
2.24,-9.23,2.59
2.24,-9.23,2.59
2.24,-9.23,2.59
2.41,-9.08,2.61
2.41,-9.08,2.61
2.41,-9.08,2.61
2.42,-9.09,2.6
2.42,-9.09,2.6
2.4,-9.17,2.66
2.5,-9.1,2.68
2.57,-9.29,2.72
2.57,-9.29,2.72
2.58,-8.99,2.72
2.58,-8.99,2.72
2.58,-8.99,2.72
2.32,-8.53,2.6
2.32,-8.53,2.6
2.32,-8.53,2.6
2.31,-8.11,2.78
2.31,-8.11,2.78
2.58,-8.32,2.78
2.62,-9.69,2.62
2.62,-9.69,2.62
2.62,-9.69,2.62
2.97,-9.63,2.74
2.97,-9.63,2.74
2.97,-9.63,2.74
3.44,-10.26,3.19
3.44,-10.26,3.19
3.44,-10.26,3.19
3.61,-9.44,3.48
3.44,-9.09,3.5
3.44,-9.09,3.5
2.97,-9.27,3.06
2.97,-9.27,3.06
2.97,-9.27,3.06
3.01,-9.32,2.96
3.01,-9.32,2.96
3.01,-9.32,2.96
3.14,-9.86,2.77
3.14,-9.86,2.77
3.14,-9.86,2.77
2.76,-8.67,2.62
2.6,-8.21,2.2
2.6,-8.21,2.2
2.4,-8.5,1.97
2.18,-8.53,2.14
2.18,-8.53,2.14
1.84,-7.02,2.24
1.84,-7.02,2.24
1.84,-7.02,2.24
1.34,-6.92,2.83
1.34,-6.92,2.83
1.34,-6.92,2.83
0.99,-6.54,3.05
0.99,-6.54,3.05
0.99,-6.54,3.05
1.57,-7.29,3.7
1.57,-7.29,3.7
1.57,-7.29,3.7
1.2,-6.12,4.35
1.2,-6.12,4.35
1.2,-6.12,4.35
1.35,-5.0,6.23
1.35,-5.0,6.23
1.54,-6.77,6.54
1.54,-6.77,6.54
1.54,-6.77,6.54
3.13,-7.13,7.67
3.13,-7.13,7.67
2.49,-5.95,8.97
2.49,-5.95,8.97
2.49,-5.95,8.97
2.4,-5.02,8.95
2.4,-5.02,8.95
2.4,-5.02,8.95
2.5,-5.86,9.77
2.5,-5.86,9.77
2.5,-5.86,9.77
3.03,-6.76,10.2
3.03,-6.76,10.2
3.03,-6.76,10.2
2.81,-6.01,10.21
2.81,-6.01,10.21
2.81,-6.01,10.21
2.62,-5.42,10.34
2.62,-5.42,10.34
2.62,-5.42,10.34
2.14,-5.79,11.41
2.14,-5.79,11.41
2.14,-5.79,11.41
0.32,-4.81,10.07
0.32,-4.81,10.07
0.32,-4.81,10.07
0.41,-4.12,10.04
0.41,-4.12,10.04
0.41,-4.12,10.04
-0.22,-4.64,9.56
-0.22,-4.64,9.56
-0.22,-4.64,9.56
-1.45,-4.99,8.43
-1.45,-4.99,8.43
-1.45,-4.99,8.43
-0.37,-4.62,9.26
-0.37,-4.62,9.26
-0.37,-4.62,9.26
-0.87,-4.1,8.81
-0.87,-4.1,8.81
-0.87,-4.1,8.81
-0.81,-3.78,8.19
-0.81,-3.78,8.19
-0.81,-3.78,8.19
-1.9,-4.02,7.99
-1.9,-4.02,7.99
-2.27,-4.25,8.56
-2.11,-4.52,9.48
-2.11,-4.52,9.48
-2.11,-4.52,9.48
-1.85,-4.16,9.48
-1.85,-4.16,9.48
-1.85,-4.16,9.48
-2.55,-5.08,9.57
-2.55,-5.08,9.57
-2.55,-5.08,9.57
-2.69,-5.09,9.23
-2.69,-5.09,9.23
-2.29,-4.74,9.32
-1.93,-4.51,9.4
-1.93,-4.51,9.4
-1.93,-4.51,9.4
-2.39,-4.39,9.08
-2.39,-4.39,9.08
-2.39,-4.39,9.08
-1.99,-4.64,9.5
-1.99,-4.64,9.5
-1.99,-4.64,9.5
-2.01,-4.06,8.99
-1.99,-3.81,9.01
-1.99,-3.81,9.01
-2.78,-4.08,8.62
-2.78,-4.08,8.62
-2.78,-4.08,8.62
-2.08,-3.91,8.27
-2.08,-3.91,8.27
-2.2,-4.23,8.65
-2.2,-4.23,8.65
-2.2,-4.23,8.65
-2.27,-4.75,8.4
-2.27,-4.75,8.4
-1.97,-5.25,8.58
-1.67,-6.13,8.93
-1.67,-6.13,8.93
-1.67,-6.13,8.93
-1.25,-6.57,9.7
-1.25,-6.57,9.7
-1.25,-6.57,9.7
-1.25,-6.97,9.49
-1.25,-6.97,9.49
-1.25,-6.97,9.49
-0.89,-6.56,10.14
-0.72,-6.22,10.0
-0.72,-6.22,10.0
-0.52,-6.24,10.06
-0.52,-6.24,10.06
-0.52,-6.24,10.06
-0.43,-6.6,8.99
-0.43,-6.6,8.99
-0.43,-6.6,8.99
0.34,-7.14,9.8
0.34,-7.14,9.8
0.61,-6.91,9.63
0.65,-6.72,9.7
0.65,-6.72,9.7
0.71,-7.01,9.59
1.43,-7.71,9.69
1.43,-7.71,9.69
1.43,-7.71,9.69
2.04,-7.03,9.37
2.04,-7.03,9.37
2.04,-7.03,9.37
2.0,-6.61,8.82
2.0,-6.61,8.82
2.3,-6.44,8.59
2.42,-6.37,8.01
2.42,-6.37,8.01
2.32,-6.1,7.4
1.97,-5.33,5.78
1.97,-5.33,5.78
1.97,-5.33,5.78
2.49,-5.67,4.79
2.49,-5.67,4.79
2.49,-5.67,4.79
2.09,-4.45,2.88
2.09,-4.45,2.88
2.09,-4.45,2.88
2.31,-3.05,1.66
2.31,-3.05,1.66
2.31,-3.05,1.66
3.37,-3.99,1.91
3.37,-3.99,1.91
3.37,-3.99,1.91
3.18,-3.11,1.81
3.18,-3.11,1.81
3.18,-3.11,1.81
3.76,-2.79,2.47
3.76,-2.79,2.47
4.27,-2.58,3.12
5.01,-2.45,3.72
5.32,-2.36,4.04
5.32,-2.36,4.04
5.52,-2.64,5.26
5.52,-2.64,5.26
5.52,-2.64,5.26
6.23,-3.3,6.58
6.23,-3.3,6.58
6.23,-3.3,6.58
5.81,-4.87,7.52
5.81,-4.87,7.52
5.81,-4.87,7.52
4.93,-4.41,9.44
4.93,-4.41,9.44
3.92,-3.89,9.38
2.43,-5.59,10.89
2.43,-5.59,10.89
2.43,-5.59,10.89
1.23,-4.08,9.5
1.23,-4.08,9.5
1.23,-4.08,9.5
1.06,-5.85,12.36
1.06,-5.85,12.36
1.06,-5.85,12.36
-0.78,-5.04,10.74
-0.78,-5.04,10.74
-0.27,-4.52,10.24
-1.2,-4.87,11.73
-1.2,-4.87,11.73
-1.2,-4.87,11.73
-2.02,-4.16,10.09
-2.02,-4.16,10.09
-2.02,-4.16,10.09
0.64,-2.16,10.83
0.64,-2.16,10.83
0.64,-2.16,10.83
-1.3,-1.36,8.44
-1.42,-3.33,10.12
-1.42,-3.33,10.12
-0.76,-1.66,10.93
-0.76,-1.66,10.93
-0.76,-1.66,10.93
-2.04,-3.01,10.07
-2.04,-3.01,10.07
-2.04,-3.01,10.07
-1.81,-2.43,10.67
-1.81,-2.43,10.67
-2.1,-1.13,10.38
-2.45,-1.47,10.26
-2.45,-1.47,10.26
-2.87,-2.07,10.41
-2.98,-1.08,10.6
-2.98,-1.08,10.6
-2.98,-1.08,10.6
-3.8,-1.65,9.56
-3.8,-1.65,9.56
-3.8,-1.65,9.56
-4.57,-2.38,10.15
-4.57,-2.38,10.15
-4.0,-1.29,10.16
-3.77,-0.77,9.51
-3.77,-0.77,9.51
-3.77,-0.77,9.51
-3.69,-1.33,9.12
-3.69,-1.33,9.12
-3.69,-1.33,9.12
-4.08,-0.46,9.19
-4.08,-0.46,9.19
-4.08,-0.46,9.19
-4.31,-0.07,9.23
-4.31,-0.07,9.23
-4.31,-0.07,9.23
-4.2,-1.06,9.16
-4.2,-1.06,9.16
-4.2,-1.06,9.16
-4.17,-1.17,9.37
-4.17,-1.17,9.37
-4.17,-1.17,9.37
-4.08,-1.08,9.36
-4.08,-1.08,9.36
-4.08,-1.08,9.36
-4.19,-1.09,9.27
-4.19,-1.09,9.27
-4.07,-0.92,9.32
-4.07,-0.92,9.32
-4.19,-0.91,9.05
-4.09,-1.02,8.92
-4.09,-1.02,8.92
-4.09,-1.02,8.92
-4.2,-0.67,9.12
-4.2,-0.67,9.12
-4.2,-0.67,9.12
-4.31,-1.2,8.86
-4.31,-1.2,8.86
-4.31,-1.2,8.86
-4.49,-0.49,8.91
-4.49,-0.49,8.91
-4.49,-0.49,8.91
-4.49,-1.18,8.99
-4.49,-1.18,8.99
-4.49,-1.18,8.99
-4.4,-0.71,8.87
-4.4,-0.71,8.87
-4.4,-0.71,8.87
-4.15,-0.89,8.96
-4.15,-0.89,8.96
-4.06,-0.92,8.97
-3.96,-0.62,8.89
-3.96,-0.62,8.89
-4.12,-0.82,8.73
-4.12,-0.82,8.73
-4.12,-0.82,8.73
-4.14,-0.86,8.66
-4.14,-0.86,8.66
-4.14,-0.86,8.66
-4.43,-0.66,8.67
-4.43,-0.66,8.67
-4.43,-0.66,8.67
-4.48,-0.56,8.85
-4.48,-0.56,8.85
-4.48,-0.56,8.85
-4.34,-0.83,8.62
-4.34,-0.83,8.62
-4.34,-0.83,8.62
-4.24,-0.62,8.72
-4.24,-0.62,8.72
-4.24,-0.62,8.72
-4.07,-1.12,8.78
-4.07,-1.12,8.78
-4.07,-1.12,8.78
-4.12,-0.51,8.59
-4.12,-0.51,8.59
-4.12,-0.51,8.59
-3.84,-1.07,9.09
-3.84,-1.07,9.09
-3.84,-1.07,9.09
-4.02,-0.93,8.82
-4.02,-0.93,8.82
-4.02,-0.93,8.82
-4.26,-0.27,8.74
-4.26,-0.27,8.74
-4.58,-0.54,8.52
-4.55,-1.35,8.72
-4.58,-1.05,9.17
-4.58,-1.05,9.17
-5.01,-0.22,8.4
-5.01,-0.22,8.4
-5.01,-0.22,8.4
-5.67,-0.77,8.28
-5.67,-0.77,8.28
-5.67,-0.77,8.28
-5.0,-1.18,8.69
-5.0,-1.18,8.69
-5.0,-1.18,8.69
-4.94,-0.71,8.3
-4.94,-0.71,8.3
-4.94,-0.71,8.3
-4.96,-1.33,8.48
-4.96,-1.33,8.48
-4.96,-1.33,8.48
-5.21,-1.24,8.61
-5.21,-1.24,8.61
-5.21,-1.24,8.61
-5.82,-0.47,7.91
-5.71,-0.74,8.07
-5.71,-0.74,8.07
-5.36,-1.24,8.41
-5.46,-1.34,8.35
-5.46,-1.34,8.35
-5.88,-0.75,7.7
-5.88,-0.75,7.7
-5.88,-0.75,7.7
-5.77,-0.68,7.82
-5.77,-0.68,7.82
-5.77,-0.68,7.82
-5.84,-0.2,7.75
-5.84,-0.2,7.75
-5.92,-0.45,7.67
-6.59,-0.42,7.38
-6.59,-0.42,7.38
-6.59,-0.42,7.38
-6.57,-0.56,7.46
-6.57,-0.56,7.46
-6.57,-0.56,7.46
-6.78,-0.85,7.32
-6.78,-0.85,7.32
-6.78,-0.85,7.32
-6.27,-0.51,7.06
-6.27,-0.51,7.06
-6.27,-0.51,7.06
-6.38,-0.59,7.12
-6.38,-0.59,7.12
-6.38,-0.59,7.12
-6.35,-0.76,7.48
-6.35,-0.76,7.48
-6.35,-0.76,7.48
-6.34,-1.01,7.31
-6.34,-1.01,7.31
-6.34,-1.01,7.31
-6.1,-1.04,7.86
-6.1,-1.04,7.86
-6.1,-1.04,7.86
-6.07,-1.05,7.5
-6.07,-1.05,7.5
-6.07,-1.05,7.5
-6.1,-0.65,7.57
-6.1,-0.65,7.57
-6.1,-0.65,7.57
-6.38,-0.5,7.65
-6.38,-0.5,7.65
-6.38,-0.5,7.65
-6.27,-0.2,7.17
-6.27,-0.2,7.17
-6.27,-0.2,7.17
-6.35,-0.34,7.15
-6.35,-0.34,7.15
-6.35,-0.34,7.15
-6.54,-0.5,7.25
-6.54,-0.5,7.25
-6.54,-0.5,7.25
-6.35,-0.4,7.31
-6.35,-0.4,7.31
-6.35,-0.4,7.31
-6.64,-0.79,7.4
-6.64,-0.79,7.4
-6.64,-0.79,7.4
-6.27,-0.16,7.3
-6.27,-0.16,7.3
-6.27,-0.16,7.3
-6.27,-0.4,7.47
-6.27,-0.4,7.47
-6.27,-0.4,7.47
-6.4,-0.37,7.42
-6.4,-0.37,7.42
-6.4,-0.37,7.42
-6.52,-0.35,6.97
-6.52,-0.35,6.97
-6.52,-0.35,6.97
-6.5,-0.21,6.82
-6.5,-0.21,6.82
-6.5,-0.21,6.82
-6.29,-0.51,7.78
-6.29,-0.51,7.78
-6.29,-0.51,7.78
-6.28,-0.17,7.43
-6.28,-0.17,7.43
-6.28,-0.17,7.43
-6.34,-0.18,7.32
-6.34,-0.18,7.32
-6.49,-0.04,7.2
-6.42,-0.63,7.48
-6.42,-0.63,7.48
-6.42,-0.63,7.48
-6.45,-0.47,7.25
-6.45,-0.47,7.25
-6.45,-0.47,7.25
-6.47,-0.36,7.31
-6.47,-0.36,7.31
-6.47,-0.36,7.31
-6.51,-0.32,7.24
-6.51,-0.32,7.24
-6.6,-0.01,6.88
-6.42,-0.33,7.09
-6.42,-0.33,7.09
-6.42,-0.33,7.09
-6.65,0.08,7.12
-6.65,0.08,7.12
-6.65,0.08,7.12
-6.61,-0.4,7.01
-6.61,-0.4,7.01
-6.64,-0.67,7.14
-6.64,-0.67,7.14
-6.61,-0.62,7.14
-6.57,-0.18,6.92
-6.57,-0.18,6.92
-6.46,-0.33,7.36
-6.46,-0.33,7.36
-6.46,-0.33,7.36
-6.41,-0.76,7.05
-6.41,-0.76,7.05
-6.39,-0.79,7.21
-6.47,-0.14,7.26
-6.47,-0.14,7.26
-6.68,0.16,6.98
-6.63,-0.58,7.02
-6.63,-0.58,7.02
-6.63,-0.58,7.02
-6.79,-0.12,6.99
-6.79,-0.12,6.99
-6.79,-0.12,6.99
-6.75,-0.34,7.02
-6.75,-0.34,7.02
-6.75,-0.34,7.02
-6.66,-0.4,7.02
-6.66,-0.4,7.02
-6.66,-0.4,7.02
-6.74,-0.24,7.04
-6.74,-0.24,7.04
-6.74,-0.24,7.04
-6.57,-0.28,6.98
-6.57,-0.28,6.98
-6.57,-0.28,6.98
-6.71,-0.19,7.04
-6.71,-0.19,7.04
-6.71,-0.19,7.04
-6.67,-0.35,6.98
-6.67,-0.35,6.98
-6.67,-0.56,6.84
-6.75,-0.17,6.97
-6.75,-0.17,6.97
-6.75,-0.17,6.97
-6.77,-0.13,6.89
-6.77,-0.13,6.89
-6.77,-0.13,6.89
-6.58,-0.12,6.95
-6.58,-0.12,6.95
-6.58,-0.12,6.95
-6.59,0.01,6.96
-6.59,0.01,6.96
-6.64,-0.19,7.12
-6.67,-0.28,6.9
-6.67,-0.28,6.9
-6.67,-0.28,6.9
-6.68,-0.21,7.01
-6.68,-0.21,7.01
-6.68,-0.21,7.01
-6.78,-0.33,7.01
-6.78,-0.33,7.01
-6.78,-0.33,7.01
-6.77,-0.25,7.14
-6.77,-0.25,7.14
-6.74,-0.38,7.02
-6.66,-0.22,7.07
-6.66,-0.22,7.07
-6.66,-0.22,7.07
-6.62,-0.26,6.89
-6.62,-0.26,6.89
-6.62,-0.26,6.89
-6.78,-0.27,6.9
-6.78,-0.27,6.9
-6.78,-0.27,6.9
-6.83,-0.13,6.9
-6.79,-0.23,7.0
-6.79,-0.23,7.0
-6.57,-0.28,7.02
-6.57,-0.28,7.02
-6.57,-0.28,7.02
-6.6,-0.32,7.11
-6.6,-0.32,7.11
-6.6,-0.32,7.11
-6.68,-0.28,6.93
-6.68,-0.28,6.93
-6.75,-0.24,6.99
-6.68,-0.18,6.96
-6.68,-0.18,6.96
-6.68,-0.18,6.96
-6.7,-0.31,7.01
-6.7,-0.31,7.01
-6.7,-0.31,7.01
-6.7,-0.28,6.96
-6.7,-0.28,6.96
-6.7,-0.28,6.96
-6.76,-0.27,6.83
-6.76,-0.27,6.83
-6.76,-0.27,6.83
-6.73,-0.4,7.06
-6.62,-0.4,7.05
-6.62,-0.4,7.05
-6.69,-0.23,6.94
-6.69,-0.23,6.94
-6.69,-0.23,6.94
-6.57,-0.12,7.06
-6.57,-0.12,7.06
-6.57,-0.12,7.06
-6.9,-0.6,6.77
-6.9,-0.6,6.77
-6.9,-0.6,6.77
-6.7,-0.11,6.86
-6.7,-0.11,6.86
-6.85,-0.74,6.79
-6.81,-0.56,7.04
-6.81,-0.56,7.04
-6.73,-0.75,6.99
-6.73,-0.75,6.99
-6.73,-0.75,6.99
-6.74,-0.8,7.06
-6.76,-0.39,6.86
-6.76,-0.39,6.86
-6.77,-0.92,6.94
-6.77,-0.92,6.94
-6.77,-0.92,6.94
-6.68,-0.57,7.34
-6.68,-0.57,7.34
-6.68,-0.57,7.34
-6.51,-0.74,6.91
-6.51,-0.74,6.91
-6.51,-0.74,6.91
-6.67,-1.44,6.92
-6.72,-0.79,7.14
-6.72,-0.79,7.14
-6.7,-0.56,7.52
-6.57,-0.58,7.57
-6.57,-0.58,7.57
-6.02,-0.64,7.85
-6.02,-0.64,7.85
-6.02,-0.64,7.85
-5.2,-0.52,9.03
-5.2,-0.52,9.03
-5.2,-0.52,9.03
-4.75,-0.89,8.71
-4.75,-0.89,8.71
-4.75,-0.89,8.71
-4.85,-0.68,8.76
-4.85,-0.68,8.76
-4.85,-0.68,8.76
-4.92,-0.73,8.98
-4.92,-0.73,8.98
-4.92,-0.73,8.98
-4.46,0.39,8.52
-4.46,0.39,8.52
-4.46,0.39,8.52
-4.53,0.39,8.75
-4.53,0.39,8.75
-4.53,0.39,8.75
-4.16,-1.0,8.86
-4.16,-1.0,8.86
-4.16,-1.0,8.86
-3.77,-0.36,8.78
-3.77,-0.36,8.78
-3.77,-0.36,8.78
-3.78,0.61,9.26
-3.78,0.61,9.26
-3.78,0.61,9.26
-3.37,-0.07,9.29
-3.37,-0.07,9.29
-3.29,-0.05,9.11
-3.2,-0.01,9.31
-3.28,0.2,9.24
-3.28,0.2,9.24
-3.8,0.09,9.2
-3.8,0.09,9.2
-3.8,0.09,9.2
-3.63,-0.18,9.27
-3.63,-0.18,9.27
-3.72,-0.24,9.29
-3.72,-0.24,9.29
-3.72,-0.24,9.29
-3.81,-0.13,9.41
-3.81,-0.13,9.41
-3.81,-0.13,9.41
-4.03,-0.1,9.3
-4.03,-0.1,9.3
-4.03,-0.1,9.3
-4.35,-0.39,9.21
-4.35,-0.39,9.21
-4.35,-0.39,9.21
-4.27,0.05,9.21
-4.27,0.05,9.21
-4.27,0.05,9.21
-3.9,-0.22,9.09
-3.9,-0.22,9.09
-3.9,-0.22,9.09
-3.51,-0.09,9.18
-3.51,-0.09,9.18
-3.51,-0.09,9.18
-3.59,-0.12,9.06
-3.59,-0.12,9.06
-3.59,-0.12,9.06
-3.54,-0.35,9.08
-3.54,-0.35,9.08
-3.57,-0.01,9.08
-3.43,-0.33,9.39
-3.43,-0.33,9.39
-3.43,-0.33,9.39
-3.35,-0.45,9.18
-3.35,-0.45,9.18
-3.35,-0.45,9.18
-3.44,-0.84,9.41
-3.44,-0.84,9.41
-3.44,-0.84,9.41
-3.46,-0.67,9.09
-3.46,-0.67,9.09
-3.44,-0.62,9.19
-3.62,-0.44,9.41
-3.62,-0.44,9.41
-3.62,-0.44,9.41
-3.4,-0.66,9.84
-3.4,-0.66,9.84
-3.4,-0.66,9.84
-3.39,-0.24,9.52
-3.39,-0.24,9.52
-3.39,-0.24,9.52
-3.63,-0.47,9.23
-3.63,-0.47,9.23
-3.63,-0.47,9.23
-3.72,0.42,9.18
-3.72,0.42,9.18
-3.72,0.42,9.18
-4.14,0.29,9.17
-4.14,0.29,9.17
-4.14,0.29,9.17
-4.34,0.1,9.3
-4.34,0.1,9.3
-4.34,0.1,9.3
-4.06,0.58,9.87
-4.06,0.58,9.87
-3.71,0.79,9.93
-3.45,0.39,9.57
-3.45,0.39,9.57
-3.45,0.39,9.57
-3.57,0.34,8.98
-3.57,0.34,8.98
-3.57,0.34,8.98
-3.61,0.61,8.92
-3.61,0.61,8.92
-3.61,0.61,8.92
-3.67,0.38,8.84
-3.67,0.38,8.84
-3.67,0.38,8.84
-3.69,0.63,8.98
-3.69,0.63,8.98
-3.69,0.63,8.98
-3.77,0.88,8.98
-3.77,0.88,8.98
-3.77,0.88,8.98
-3.56,0.93,8.49
-3.56,0.93,8.49
-3.56,0.93,8.49
-3.58,0.71,8.5
-3.58,0.71,8.5
-3.47,0.61,8.71
-2.74,0.78,9.14
-2.74,0.78,9.14
-2.74,0.78,9.14
-3.42,1.11,8.88
-3.42,1.11,8.88
-3.42,1.11,8.88
-4.04,1.78,9.5
-4.04,1.78,9.5
-4.04,1.78,9.5
-3.68,1.28,9.57
-3.68,1.28,9.57
-3.63,1.09,9.49
-3.84,1.31,9.66
-3.84,1.31,9.66
-3.84,1.31,9.66
-3.61,1.7,9.46
-3.61,1.7,9.46
-3.61,1.7,9.46
-3.54,1.71,9.23
-3.54,1.71,9.23
-3.54,1.71,9.23
-3.51,1.93,9.71
-3.45,1.94,9.72
-3.45,1.94,9.72
-3.51,1.83,9.61
-3.51,1.83,9.61
-3.51,1.83,9.61
-3.55,2.0,9.53
-3.55,2.0,9.53
-3.55,2.0,9.53
-3.47,1.36,9.83
-3.47,1.36,9.83
-3.47,1.36,9.83
-3.41,1.02,9.95
-3.41,1.02,9.95
-3.41,1.02,9.95
-3.61,0.69,9.7
-3.61,0.69,9.7
-3.61,0.69,9.7
-3.96,1.08,9.29
-3.96,1.08,9.29
-3.96,1.08,9.29
-3.83,1.02,9.18
-3.83,1.02,9.18
-3.59,1.15,9.13
-3.49,1.38,9.28
-3.49,1.38,9.28
-3.49,1.38,9.28
-4.1,1.13,9.63
-4.1,1.13,9.63
-4.1,1.13,9.63
-3.98,0.95,9.06
-3.98,0.95,9.06
-3.98,0.95,9.06
-3.43,0.48,8.34
-3.43,0.48,8.34
-3.43,0.48,8.34
-3.4,1.01,8.82
-3.4,1.01,8.82
-3.4,1.01,8.82
-3.78,0.9,8.92
-3.78,0.9,8.92
-3.78,0.9,8.92
-4.12,1.25,8.8
-4.12,1.25,8.8
-4.12,1.25,8.8
-3.95,1.34,8.35
-4.26,0.08,9.2
-4.26,0.08,9.2
-3.98,0.82,9.51
-3.98,0.82,9.51
-3.98,0.82,9.51
-4.33,1.31,9.51
-4.33,1.31,9.51
-4.33,1.31,9.51
-3.87,0.91,9.17
-3.87,0.91,9.17
-3.87,0.91,9.17
-3.91,1.06,9.41
-3.91,1.06,9.41
-3.91,1.06,9.41
-3.99,0.97,9.39
-3.99,0.97,9.39
-3.85,0.74,9.21
-3.85,0.74,9.21
-3.85,0.74,9.21
-3.75,0.55,9.07
-3.75,0.55,9.07
-3.75,0.55,9.07
-3.69,0.61,9.31
-3.69,0.61,9.31
-3.69,0.61,9.31
-4.02,0.62,9.62
-4.02,0.62,9.62
-4.02,0.62,9.62
-4.01,0.52,9.38
-4.01,0.52,9.38
-4.01,0.52,9.38
-3.81,0.17,9.04
-3.81,0.17,9.04
-3.81,0.17,9.04
-3.65,0.33,9.01
-3.86,0.44,8.87
-3.86,0.44,8.87
-4.07,0.32,8.97
-4.07,0.32,8.97
-4.12,0.34,9.18
-4.06,0.39,9.22
-4.06,0.39,9.22
-4.06,0.39,9.22
-3.95,0.39,9.1
-3.95,0.39,9.1
-3.95,0.39,9.1
-4.15,0.78,9.11
-4.15,0.78,9.11
-4.15,0.78,9.11
-3.96,0.9,8.71
-3.96,0.9,8.71
-3.96,0.9,8.71
-3.92,0.6,8.91
-3.92,0.6,8.91
-3.92,0.6,8.91
-4.05,0.91,9.03
-4.05,0.91,9.03
-4.05,0.91,9.03
-4.55,1.1,9.14
-4.42,0.91,9.01
-4.42,0.91,9.01
-4.08,0.61,9.01
-4.08,0.61,9.01
-4.08,0.61,9.01
-3.68,0.69,9.22
-3.68,0.69,9.22
-3.68,0.69,9.22
-4.3,0.76,9.56
-4.3,0.76,9.56
-4.3,0.76,9.56
-4.35,0.34,9.47
-4.54,0.23,9.24
-4.54,0.23,9.24
-4.51,0.41,9.4
-4.1,0.72,9.58
-4.1,0.72,9.58
-3.67,0.43,10.2
-3.67,0.43,10.2
-3.99,0.49,10.11
-3.99,0.49,10.11
-3.99,0.49,10.11
-3.85,-0.12,9.81
-3.85,-0.12,9.81
-3.85,-0.12,9.81
-3.7,0.62,9.33
-3.7,0.62,9.33
-3.7,0.62,9.33
-3.4,-0.42,9.33
-3.4,-0.42,9.33
-3.4,-0.42,9.33
-3.39,0.46,9.21
-3.39,0.46,9.21
-3.39,0.46,9.21
-3.16,-0.32,9.25
-3.16,-0.32,9.25
-2.89,-0.41,9.07
-2.36,-0.36,9.63
-2.36,-0.36,9.63
-2.36,-0.36,9.63
-2.76,0.46,9.69
-2.76,0.46,9.69
-2.76,0.46,9.69
-2.56,-0.4,10.01
-2.56,-0.4,10.01
-2.56,-0.4,10.01
-2.35,-0.28,10.23
-2.35,-0.28,10.23
-2.35,-0.28,10.23
-2.54,-1.35,9.77
-2.54,-1.35,9.77
-2.54,-1.35,9.77
-2.34,-1.05,10.09
-2.34,-1.05,10.09
-2.34,-1.05,10.09
-3.09,-1.59,9.98
-3.09,-1.59,9.98
-3.09,-1.59,9.98
-2.18,-0.91,10.58
-1.4,-1.54,10.76
-1.4,-1.54,10.76
-1.13,-1.07,10.51
-1.42,-0.56,10.09
-1.42,-0.56,10.09
-2.0,-1.13,9.75
-2.0,-1.13,9.75
-2.0,-1.13,9.75
-0.84,-1.86,10.39
-0.84,-1.86,10.39
-0.84,-1.86,10.39
-1.81,-2.3,10.28
-1.81,-2.3,10.28
-1.91,-3.36,9.97
-1.22,-2.44,10.53
-1.22,-2.44,10.53
-1.22,-2.44,10.53
-1.11,-3.09,10.12
-1.11,-3.09,10.12
-1.11,-3.09,10.12
-1.45,-3.05,9.72
-1.45,-3.05,9.72
-1.52,-3.31,9.83
-1.21,-3.7,9.93
-1.21,-3.7,9.93
-0.97,-3.86,9.79
-1.25,-3.45,9.59
-1.25,-3.45,9.59
-1.25,-3.45,9.59
-0.94,-3.96,9.85
-0.94,-3.96,9.85
-0.94,-3.96,9.85
-0.77,-4.79,9.64
-0.77,-4.79,9.64
-0.89,-4.67,9.59
-1.02,-4.79,9.36
-1.08,-5.14,9.06
-1.08,-5.14,9.06
-0.9,-5.61,9.29
-0.9,-5.61,9.29
-0.9,-5.61,9.29
-1.03,-5.77,9.15
-1.03,-5.77,9.15
-1.03,-5.77,9.15
-0.81,-5.81,8.65
-0.81,-5.81,8.65
-0.8,-5.65,8.25
-0.92,-6.06,8.03
-0.7,-6.31,8.18
-0.7,-6.31,8.18
-0.77,-6.6,7.43
-0.77,-6.6,7.43
-0.77,-6.6,7.43
-0.83,-7.21,7.26
-0.83,-7.21,7.26
-0.83,-7.21,7.26
-0.69,-6.41,6.8
-0.69,-6.41,6.8
-0.69,-6.41,6.8
-0.5,-7.29,6.14
-0.5,-7.29,6.14
-0.44,-7.29,5.99
-0.06,-6.92,5.64
-0.06,-6.92,5.64
-0.06,-6.92,5.64
0.39,-7.63,5.72
0.39,-7.63,5.72
0.34,-7.56,5.01
0.34,-7.56,5.01
0.34,-7.56,5.01
0.86,-7.82,4.48
0.86,-7.82,4.48
0.86,-7.82,4.48
0.31,-8.48,4.03
0.31,-8.48,4.03
0.31,-8.48,4.03
0.64,-8.25,4.03
0.64,-8.25,4.03
0.64,-8.25,4.03
0.43,-8.99,4.16
0.43,-8.99,4.16
0.43,-8.99,4.16
1.15,-8.57,3.85
1.23,-8.98,3.51
1.23,-8.98,3.51
1.29,-9.26,3.53
1.29,-9.26,3.53
1.29,-9.26,3.53
1.63,-8.64,3.21
1.63,-8.64,3.21
1.63,-8.64,3.21
2.01,-8.86,3.32
2.01,-8.86,3.32
1.73,-8.83,3.31
2.05,-8.0,2.41
2.05,-8.0,2.41
2.05,-8.0,2.41
1.63,-8.62,2.29
1.63,-8.62,2.29
1.63,-8.62,2.29
1.69,-8.48,2.07
1.69,-8.48,2.07
1.69,-8.48,2.07
1.8,-9.02,2.13
1.8,-9.02,2.13
1.73,-8.69,2.2
2.21,-8.95,2.21
2.21,-8.95,2.21
2.21,-8.95,2.21
2.23,-8.66,1.75
2.23,-8.66,1.75
2.23,-8.66,1.75
2.59,-9.5,1.64
2.59,-9.5,1.64
2.59,-9.5,1.64
2.35,-9.34,1.59
2.35,-9.34,1.59
2.35,-9.34,1.59
2.51,-9.21,1.45
2.51,-9.21,1.45
2.51,-9.21,1.45
2.29,-8.58,1.34
2.29,-8.58,1.34
2.29,-8.58,1.34
2.2,-9.34,1.67
2.2,-9.34,1.67
2.2,-9.34,1.67
2.1,-9.79,1.88
2.1,-9.79,1.88
2.57,-8.62,1.49
2.57,-8.62,1.49
2.7,-8.1,1.36
2.81,-8.61,1.23
2.81,-8.61,1.23
2.81,-8.61,1.23
2.09,-9.36,1.6
2.09,-9.36,1.6
2.09,-9.36,1.6
2.12,-9.74,1.78
2.12,-9.74,1.78
2.12,-9.74,1.78
2.22,-9.45,1.98
2.22,-9.45,1.98
2.24,-9.55,1.91
2.16,-9.2,1.21
2.16,-9.2,1.21
2.16,-9.2,1.21
2.54,-8.93,1.05
2.54,-8.93,1.05
2.54,-8.93,1.05
2.38,-8.92,1.25
2.38,-8.92,1.25
2.38,-8.92,1.25
2.0,-9.66,1.26
2.0,-9.66,1.26
2.38,-10.08,1.44
2.37,-9.25,2.07
2.37,-9.25,2.07
2.37,-9.25,2.07
2.16,-9.56,1.75
2.16,-9.56,1.75
2.16,-9.56,1.75
2.02,-10.03,1.99
2.02,-10.03,1.99
2.02,-10.03,1.99
1.72,-9.64,1.69
1.72,-9.64,1.69
1.8,-9.06,1.37
1.82,-9.26,1.75
1.82,-9.26,1.75
1.82,-9.26,1.75
2.18,-9.95,1.83
2.18,-9.95,1.83
2.18,-9.95,1.83
2.11,-9.4,1.63
2.11,-9.4,1.63
2.11,-9.4,1.63
2.21,-9.43,1.77
1.86,-9.09,1.85
1.86,-9.09,1.85
1.96,-9.4,1.6
1.96,-9.4,1.6
1.96,-9.4,1.6
2.06,-9.4,1.57
2.06,-9.4,1.57
2.06,-9.4,1.57
1.76,-9.29,1.28
1.76,-9.29,1.28
1.76,-9.29,1.28
1.82,-9.37,1.43
1.87,-9.35,1.68
1.87,-9.35,1.68
1.75,-9.62,1.83
1.75,-9.62,1.83
1.75,-9.62,1.83
1.74,-9.4,1.56
1.74,-9.4,1.56
1.74,-9.4,1.56
1.77,-9.18,1.46
1.77,-9.18,1.46
1.78,-9.54,1.51
1.86,-9.3,1.75
1.86,-9.3,1.75
1.86,-9.3,1.75
1.74,-9.8,1.77
1.74,-9.8,1.77
1.74,-9.8,1.77
1.75,-9.21,1.59
1.75,-9.21,1.59
1.75,-9.21,1.59
1.65,-9.29,1.47
1.65,-9.29,1.47
1.78,-9.34,1.63
1.59,-9.37,1.76
1.59,-9.37,1.76
1.59,-9.37,1.76
1.74,-9.52,1.79
1.74,-9.52,1.79
1.74,-9.52,1.79
1.54,-9.42,1.97
1.54,-9.42,1.97
1.54,-9.42,1.97
1.37,-9.62,1.98
1.37,-9.62,1.98
1.37,-9.62,1.98
1.47,-9.63,1.86
1.47,-9.63,1.86
1.47,-9.63,1.86
1.42,-9.29,1.75
1.42,-9.29,1.75
1.42,-9.29,1.75
1.46,-9.2,1.72
1.46,-9.2,1.72
1.46,-9.2,1.72
1.63,-9.76,2.06
1.54,-9.5,2.02
1.47,-9.35,1.78
1.44,-9.51,1.7
1.44,-9.51,1.7
1.14,-9.18,1.79
1.14,-9.18,1.79
1.14,-9.18,1.79
1.22,-9.5,1.92
1.22,-9.5,1.92
1.22,-9.5,1.92
1.34,-9.2,1.85
1.34,-9.2,1.85
1.34,-9.2,1.85
1.3,-9.51,1.82
1.3,-9.51,1.82
1.3,-9.51,1.82
1.08,-9.52,1.91
1.08,-9.52,1.91
1.08,-9.52,1.91
0.95,-9.51,1.98
0.95,-9.51,1.98
0.95,-9.51,1.98
1.18,-9.58,1.96
1.18,-9.58,1.96
1.11,-9.53,2.01
1.09,-9.24,1.93
1.09,-9.24,1.93
1.09,-9.24,1.93
1.12,-9.72,2.04
1.12,-9.72,2.04
1.12,-9.72,2.04
1.04,-9.29,1.86
1.04,-9.29,1.86
0.91,-9.39,1.87
1.2,-9.45,2.0
1.2,-9.45,2.0
1.2,-9.45,2.0
1.13,-9.7,2.18
1.13,-9.7,2.18
1.13,-9.7,2.18
1.32,-9.19,2.1
1.32,-9.19,2.1
1.32,-9.19,2.1
1.13,-9.69,2.04
1.13,-9.69,2.04
1.13,-9.69,2.04
1.0,-9.61,2.09
1.0,-9.61,2.09
1.0,-9.61,2.09
1.26,-9.54,2.09
1.26,-9.54,2.09
1.26,-9.54,2.09
1.21,-9.39,2.08
1.21,-9.39,2.08
1.21,-9.39,2.08
1.11,-9.47,1.9
1.11,-9.47,1.9
1.11,-9.47,1.9
1.15,-9.23,1.93
1.15,-9.23,1.93
1.15,-9.23,1.93
1.14,-9.5,1.98
1.14,-9.5,1.98
1.14,-9.5,1.98
1.06,-9.58,2.04
1.06,-9.58,2.04
1.06,-9.58,2.04
1.13,-9.29,2.04
1.13,-9.29,2.04
1.13,-9.29,2.04
1.25,-9.07,1.59
1.25,-9.07,1.59
1.25,-9.07,1.59
1.1,-9.11,1.61
1.1,-9.11,1.61
1.1,-9.11,1.61
1.21,-9.55,2.05
1.21,-9.55,2.05
1.21,-9.55,2.05
1.28,-9.92,2.17
1.28,-9.92,2.17
1.28,-9.92,2.17
1.2,-9.5,2.05
1.12,-9.31,1.84
1.25,-9.08,1.84
1.25,-9.08,1.84
1.25,-9.08,1.84
1.19,-9.12,1.81
1.19,-9.12,1.81
1.19,-9.12,1.81
1.11,-9.74,2.0
1.11,-9.74,2.0
1.22,-9.85,2.04
1.26,-9.63,2.22
1.26,-9.63,2.22
1.25,-9.51,2.18
1.26,-9.23,1.96
1.26,-9.23,1.96
1.26,-9.23,1.96
1.18,-9.12,1.82
1.18,-9.12,1.82
1.18,-9.12,1.82
0.9,-9.56,2.13
0.9,-9.56,2.13
0.9,-9.56,2.13
0.99,-9.72,2.28
0.99,-9.72,2.28
1.15,-9.26,2.15
1.27,-9.57,2.32
1.27,-9.57,2.32
1.27,-9.57,2.32
1.24,-9.18,1.97
1.24,-9.18,1.97
1.24,-9.18,1.97
1.39,-9.47,1.81
1.39,-9.47,1.81
1.39,-9.47,1.81
1.38,-9.11,1.96
1.38,-9.11,1.96
1.29,-9.36,2.06
1.22,-9.49,2.38
1.22,-9.49,2.38
1.22,-9.49,2.38
1.02,-9.83,2.45
1.02,-9.83,2.45
1.02,-9.83,2.45
0.86,-9.22,2.38
0.86,-9.22,2.38
0.99,-9.23,2.2
1.28,-9.63,2.56
1.28,-9.63,2.56
1.28,-9.63,2.56
1.11,-9.64,2.33
1.11,-9.64,2.33
1.11,-9.64,2.33
1.18,-9.04,1.81
1.18,-9.04,1.81
1.18,-9.04,1.81
1.32,-9.24,2.06
1.32,-9.24,2.06
1.32,-9.24,2.06
1.01,-8.96,2.0
1.01,-8.96,2.0
1.01,-8.96,2.0
1.02,-9.33,2.32
1.02,-9.33,2.32
1.02,-9.33,2.32
0.98,-9.17,2.51
0.98,-9.17,2.51
0.98,-9.17,2.51
1.63,-9.37,2.46
1.63,-9.37,2.46
1.7,-8.85,2.4
1.8,-8.74,2.33
1.8,-8.74,2.33
1.61,-9.5,2.39
0.87,-10.01,2.95
0.87,-10.01,2.95
0.87,-10.01,2.95
0.61,-9.37,2.68
0.61,-9.37,2.68
0.61,-9.37,2.68
0.72,-9.52,2.71
0.72,-9.52,2.71
0.88,-9.32,2.83
1.01,-8.73,2.48
0.91,-8.99,2.29
0.91,-8.99,2.29
0.72,-9.69,3.32
0.72,-9.69,3.32
0.72,-9.69,3.32
0.81,-8.08,2.45
0.81,-8.08,2.45
0.81,-8.08,2.45
0.47,-9.51,2.74
0.47,-9.51,2.74
0.69,-9.44,2.91
1.12,-8.91,2.97
1.12,-8.91,2.97
1.12,-8.91,2.97
1.47,-9.17,3.01
1.47,-9.17,3.01
1.47,-9.17,3.01
1.42,-9.19,2.88
1.42,-9.19,2.88
1.42,-9.19,2.88
0.87,-9.42,3.15
0.87,-9.42,3.15
1.19,-8.95,3.17
1.19,-8.95,3.17
1.19,-8.95,3.17
1.68,-9.29,3.21
1.68,-9.29,3.21
1.68,-9.29,3.21
1.18,-9.0,3.08
1.18,-9.0,3.08
1.18,-9.0,3.08
1.6,-9.16,3.1
1.6,-9.16,3.1
1.38,-9.04,3.43
0.67,-8.89,3.06
0.67,-8.89,3.06
0.67,-8.89,3.06
1.03,-9.18,3.98
1.03,-9.18,3.98
1.03,-9.18,3.98
1.36,-9.42,3.01
1.36,-9.42,3.01
1.36,-9.42,3.01
1.51,-8.32,3.53
1.27,-8.79,2.93
1.27,-8.79,2.93
1.07,-8.8,3.04
1.8,-8.53,3.13
1.8,-8.53,3.13
2.17,-9.77,3.32
2.17,-9.77,3.32
2.17,-9.77,3.32
1.58,-7.77,2.88
1.58,-7.77,2.88
1.58,-7.77,2.88
1.32,-11.07,4.72
1.32,-11.07,4.72
1.32,-11.07,4.72
1.12,-10.1,4.49
1.12,-10.1,4.49
1.12,-10.1,4.49
2.32,-10.05,4.01
2.32,-10.05,4.01
2.32,-10.05,4.01
3.06,-10.49,3.42
3.06,-10.49,3.42
3.06,-10.49,3.42
1.93,-8.08,2.57
1.93,-8.08,2.57
1.05,-8.03,3.2
0.7,-9.39,2.99
0.7,-9.39,2.99
0.7,-9.39,2.99
0.45,-8.86,3.16
0.45,-8.86,3.16
0.45,-8.86,3.16
1.98,-9.66,3.52
1.98,-9.66,3.52
1.98,-9.66,3.52
1.28,-9.93,2.76
1.28,-9.93,2.76
1.28,-9.93,2.76
0.96,-8.85,2.83
0.96,-8.85,2.83
0.96,-8.85,2.83
1.84,-10.85,2.31
1.84,-10.85,2.31
2.82,-10.26,2.29
2.82,-10.26,2.29
2.82,-10.26,2.29
3.01,-10.64,1.25
2.82,-8.72,0.73
2.82,-8.72,0.73
1.26,-9.52,-0.31
1.26,-9.52,-0.31
1.26,-9.52,-0.31
1.7,-9.41,0.61
1.7,-9.41,0.61
1.7,-9.41,0.61
2.95,-6.61,-0.98
2.95,-6.61,-0.98
2.68,-8.98,-1.07
0.21,-10.12,-0.8
0.21,-10.12,-0.8
1.1,-9.24,-0.37
0.93,-8.74,-0.34
0.93,-8.74,-0.34
0.93,-8.74,-0.34
0.56,-9.28,-1.93
0.56,-9.28,-1.93
0.56,-9.28,-1.93
-0.57,-8.1,-2.41
-0.57,-8.1,-2.41
-0.57,-8.1,-2.41
3.04,-9.88,-1.3
2.17,-9.32,-2.51
2.17,-9.32,-2.51
0.95,-8.61,-2.37
0.95,-8.61,-2.37
0.95,-8.61,-2.37
0.09,-9.62,-1.81
0.09,-9.62,-1.81
0.09,-9.62,-1.81
1.54,-8.51,-1.79
1.54,-8.51,-1.79
0.82,-10.78,-1.52
0.84,-10.37,-1.73
0.84,-10.37,-1.73
0.84,-10.37,-1.73
0.77,-8.67,-1.91
0.77,-8.67,-1.91
0.77,-8.67,-1.91
0.89,-9.89,-1.59
0.89,-9.89,-1.59
0.89,-9.89,-1.59
0.89,-9.69,-2.0
0.89,-9.69,-2.0
0.89,-9.69,-2.0
0.67,-9.08,-2.15
0.67,-9.08,-2.15
0.67,-9.08,-2.15
1.31,-8.99,-1.89
1.31,-8.99,-1.89
1.31,-8.99,-1.89
0.28,-7.82,-2.71
0.28,-7.82,-2.71
0.28,-7.82,-2.71
0.45,-10.32,-1.66
0.45,-10.32,-1.66
0.45,-10.32,-1.66
0.84,-8.84,-2.06
0.84,-8.84,-2.06
0.61,-9.39,-1.72
-0.0,-8.83,-1.96
-0.0,-8.83,-1.96
-0.0,-8.83,-1.96
0.71,-9.44,-1.78
0.71,-9.44,-1.78
0.71,-9.44,-1.78
-0.11,-8.85,-2.14
-0.11,-8.85,-2.14
-0.11,-8.85,-2.14
0.53,-9.41,-1.58
0.53,-9.41,-1.58
0.3,-9.52,-1.64
0.95,-9.64,-1.84
0.95,-9.64,-1.84
0.95,-9.64,-1.84
-0.47,-9.77,-2.16
-0.47,-9.77,-2.16
-0.47,-9.77,-2.16
1.36,-9.53,-1.86
1.36,-9.53,-1.86
0.75,-8.99,-1.73
0.17,-8.84,-2.1
0.17,-8.84,-2.1
0.17,-8.84,-2.1
0.55,-9.38,-1.81
0.55,-9.38,-1.81
0.55,-9.38,-1.81
0.65,-9.51,-2.15
0.65,-9.51,-2.15
0.65,-9.51,-2.15
0.63,-9.27,-1.5
0.63,-9.27,-1.5
0.63,-9.27,-1.5
-0.16,-9.88,-1.73
0.83,-9.55,-1.58
0.83,-9.55,-1.58
0.32,-9.2,-2.06
0.32,-9.2,-2.06
0.32,-9.2,-2.06
0.9,-10.08,-1.98
0.9,-10.08,-1.98
0.9,-10.08,-1.98
0.13,-8.88,-2.14
0.13,-8.88,-2.14
0.13,-8.88,-2.14
1.09,-9.25,-1.75
1.09,-9.25,-1.75
-0.12,-9.0,-2.0
1.13,-8.42,-2.0
1.13,-8.42,-2.0
1.13,-8.42,-2.0
-0.31,-9.98,-2.03
-0.31,-9.98,-2.03
-0.31,-9.98,-2.03
1.14,-8.75,-2.06
1.14,-8.75,-2.06
1.14,-8.75,-2.06
-0.37,-9.52,-1.62
-0.17,-9.79,-1.78
-0.17,-9.79,-1.78
0.95,-8.89,-1.82
0.95,-8.89,-1.82
0.95,-8.89,-1.82
0.46,-9.65,-2.07
0.46,-9.65,-2.07
0.46,-9.65,-2.07
0.61,-8.83,-1.73
0.61,-8.83,-1.73
-0.07,-8.81,-1.89
0.69,-9.84,-1.64
0.69,-9.84,-1.64
0.69,-9.84,-1.64
-0.03,-9.01,-1.83
-0.03,-9.01,-1.83
0.81,-9.46,-2.04
0.81,-9.46,-2.04
0.81,-9.46,-2.04
0.46,-9.32,-1.91
0.46,-9.32,-1.91
0.46,-9.32,-1.91
0.39,-8.97,-1.83
0.39,-8.97,-1.83
0.39,-8.97,-1.83
0.21,-9.42,-1.97
0.21,-9.42,-1.97
0.21,-9.42,-1.97
0.46,-9.07,-1.83
0.46,-9.07,-1.83
0.46,-9.07,-1.83
0.61,-9.76,-2.03
0.61,-9.76,-2.03
0.61,-9.76,-2.03
0.58,-9.21,-1.86
0.58,-9.21,-1.86
0.58,-9.21,-1.86
0.52,-9.71,-2.0
0.52,-9.71,-2.0
0.52,-9.71,-2.0
0.5,-9.26,-1.89
0.5,-9.26,-1.89
0.5,-9.26,-1.89
0.46,-9.08,-1.73
0.54,-9.17,-1.88
0.42,-9.58,-1.97
0.42,-9.58,-1.97
0.42,-9.58,-1.97
0.0,-8.9,-1.84
0.0,-8.9,-1.84
0.0,-8.9,-1.84
0.71,-9.43,-1.92
0.71,-9.43,-1.92
0.71,-9.43,-1.92
0.03,-9.36,-1.71
0.03,-9.36,-1.71
0.03,-9.36,-1.71
0.85,-9.02,-2.05
0.79,-9.38,-1.8
0.79,-9.38,-1.8
0.26,-9.44,-2.01
0.26,-9.44,-2.01
0.26,-9.44,-2.01
0.87,-9.31,-1.6
0.87,-9.31,-1.6
0.87,-9.31,-1.6
-0.29,-9.0,-2.08
-0.29,-9.0,-2.08
1.01,-9.22,-1.81
0.24,-9.27,-2.1
0.24,-9.27,-2.1
0.24,-9.27,-2.1
0.72,-9.47,-1.88
0.72,-9.47,-1.88
0.72,-9.47,-1.88
-0.17,-9.44,-1.9
-0.17,-9.44,-1.9
-0.17,-9.44,-1.9
0.85,-9.49,-1.81
0.85,-9.49,-1.81
0.56,-9.16,-1.88
0.35,-9.02,-2.01
0.35,-9.02,-2.01
0.35,-9.02,-2.01
0.78,-9.42,-1.87
0.78,-9.42,-1.87
0.78,-9.42,-1.87
0.04,-9.51,-1.91
0.04,-9.51,-1.91
0.04,-9.51,-1.91
0.63,-8.83,-1.76
0.63,-8.83,-1.76
0.63,-8.83,-1.76
0.37,-9.26,-1.76
0.37,-9.26,-1.76
1.23,-8.75,-1.87
-0.03,-9.52,-1.98
-0.03,-9.52,-1.98
-0.03,-9.52,-1.98
0.88,-9.22,-2.08
0.88,-9.22,-2.08
0.88,-9.22,-2.08
0.08,-9.73,-1.91
0.08,-9.73,-1.91
0.96,-9.17,-1.72
0.62,-8.78,-1.8
-0.25,-9.31,-1.98
-0.25,-9.31,-1.98
0.9,-9.33,-1.72
0.9,-9.33,-1.72
0.9,-9.33,-1.72
-0.09,-9.61,-2.05
-0.09,-9.61,-2.05
-0.09,-9.61,-2.05
0.65,-9.13,-1.73
0.65,-9.13,-1.73
0.96,-9.33,-2.05
0.0,-9.15,-2.12
0.0,-9.15,-2.12
0.0,-9.15,-2.12
0.51,-9.13,-1.8
0.51,-9.13,-1.8
0.51,-9.13,-1.8
0.34,-9.49,-1.93
0.34,-9.49,-1.93
0.34,-9.49,-1.93
0.68,-9.51,-1.95
0.68,-9.51,-1.95
0.68,-9.51,-1.95
-0.11,-8.69,-2.03
0.45,-9.43,-2.06
0.45,-9.43,-2.06
0.13,-9.63,-1.71
0.13,-9.63,-1.71
0.13,-9.63,-1.71
0.76,-9.03,-2.03
0.76,-9.03,-2.03
0.76,-9.03,-2.03
0.26,-9.09,-2.22
0.26,-9.09,-2.22
0.26,-9.09,-2.22
0.51,-9.83,-1.89
0.51,-9.83,-1.89
0.51,-9.83,-1.89
0.45,-8.97,-2.04
0.45,-8.97,-2.04
0.45,-8.97,-2.04
-0.03,-9.36,-1.62
-0.03,-9.36,-1.62
-0.03,-9.36,-1.62
0.31,-9.23,-2.09
0.31,-9.23,-2.09
1.0,-9.23,-2.13
0.57,-9.18,-2.31
0.57,-9.18,-2.31
0.57,-9.18,-2.31
0.7,-9.43,-1.77
0.7,-9.43,-1.77
0.7,-9.43,-1.77
-0.11,-9.43,-2.1
-0.11,-9.43,-2.1
-0.11,-9.43,-2.1
0.23,-9.39,-1.91
0.23,-9.39,-1.91
0.23,-9.39,-1.91
0.85,-8.7,-2.13
0.85,-8.7,-2.13
0.85,-8.7,-2.13
0.41,-9.74,-2.03
0.41,-9.74,-2.03
0.41,-9.74,-2.03
0.72,-9.06,-2.06
0.72,-9.06,-2.06
0.72,-9.06,-2.06
-0.03,-9.4,-1.81
-0.03,-9.4,-1.81
-0.25,-9.26,-2.04
1.04,-9.29,-1.65
1.04,-9.29,-1.65
0.02,-9.18,-2.13
0.02,-9.18,-2.13
0.02,-9.18,-2.13
0.78,-9.02,-1.89
0.78,-9.02,-1.89
0.78,-9.02,-1.89
0.2,-9.39,-1.95
0.56,-9.18,-2.04
0.56,-9.18,-2.04
0.62,-8.96,-2.11
0.62,-8.96,-2.11
0.62,-8.96,-2.11
0.62,-9.41,-1.93
0.62,-9.41,-1.93
0.62,-9.41,-1.93
0.09,-9.89,-1.95
0.09,-9.89,-1.95
0.09,-9.89,-1.95
0.87,-8.75,-1.85
1.14,-9.16,-2.03
1.14,-9.16,-2.03
0.22,-9.24,-1.84
0.22,-9.24,-1.84
0.22,-9.24,-1.84
0.9,-9.57,-1.93
0.9,-9.57,-1.93
0.9,-9.57,-1.93
0.24,-8.91,-1.81
0.24,-8.91,-1.81
0.24,-8.91,-1.81
0.14,-9.35,-1.96
0.14,-9.35,-1.96
0.14,-9.35,-1.96
1.44,-8.93,-1.97
1.44,-8.93,-1.97
-0.12,-9.47,-1.85
-0.12,-9.47,-1.85
-0.12,-9.47,-1.85
0.79,-9.02,-1.83
0.79,-9.02,-1.83
0.79,-9.02,-1.83
-0.04,-9.42,-1.79
-0.04,-9.42,-1.79
0.58,-8.97,-1.75
0.45,-9.25,-2.01
0.45,-9.25,-2.01
0.45,-9.25,-2.01
0.29,-9.34,-2.08
0.29,-9.34,-2.08
0.29,-9.34,-2.08
0.63,-9.54,-1.7
0.63,-9.54,-1.7
0.63,-9.54,-1.7
1.5,-8.87,-1.96
1.5,-8.87,-1.96
1.5,-8.87,-1.96
0.06,-9.47,-1.91
0.06,-9.47,-1.91
0.06,-9.47,-1.91
1.05,-8.84,-2.01
1.05,-8.84,-2.01
1.05,-8.84,-2.01
0.09,-9.23,-2.33
0.09,-9.23,-2.33
0.09,-9.23,-2.33
6.62,-9.01,-5.24
6.62,-9.01,-5.24
6.62,-9.01,-5.24
-18.24,-9.43,9.56
-18.24,-9.43,9.56
