aX,aY,aZ
-26.71,-0.45,-7.33
-8.02,-7.51,-0.31
15.89,-5.93,3.14
17.73,10.03,-26.33
17.73,10.03,-26.33
1.97,-6.3,-10.08
1.97,-6.3,-10.08
1.97,-6.3,-10.08
3.03,-8.02,-7.79
3.03,-8.02,-7.79
3.03,-8.02,-7.79
0.91,-6.01,-7.48
0.91,-6.01,-7.48
0.91,-6.01,-7.48
-0.56,-7.04,-7.08
-0.56,-7.04,-7.08
-0.56,-7.04,-7.08
1.64,-5.15,-6.95
1.64,-5.15,-6.95
1.64,-5.15,-6.95
1.61,-6.32,-7.16
1.61,-6.32,-7.16
1.61,-6.32,-7.16
2.04,-6.31,-7.36
2.04,-6.31,-7.36
1.54,-5.82,-7.27
1.18,-5.6,-7.34
1.18,-5.6,-7.34
1.65,-5.63,-7.15
0.49,-5.8,-7.37
0.49,-5.8,-7.37
0.49,-5.8,-7.37
0.95,-5.5,-7.34
0.95,-5.5,-7.34
0.95,-5.5,-7.34
2.28,-5.91,-6.61
2.28,-5.91,-6.61
2.28,-5.91,-6.61
1.69,-6.0,-7.31
1.69,-6.0,-7.31
1.69,-6.0,-7.31
1.94,-6.04,-6.77
1.94,-6.04,-6.77
1.94,-6.04,-6.77
1.24,-5.97,-6.91
1.24,-5.97,-6.91
1.24,-5.97,-6.91
1.35,-6.1,-6.88
1.35,-6.1,-6.88
1.35,-6.1,-6.88
1.09,-6.4,-6.65
1.09,-6.4,-6.65
0.63,-7.09,-6.74
1.33,-6.85,-6.81
1.33,-6.85,-6.81
1.33,-6.85,-6.81
2.04,-6.68,-6.51
2.04,-6.68,-6.51
2.04,-6.68,-6.51
1.94,-6.59,-6.66
2.28,-6.4,-6.57
2.28,-6.4,-6.57
2.23,-6.81,-6.52
2.02,-7.2,-6.66
2.02,-7.2,-6.66
2.52,-7.26,-6.55
2.52,-7.26,-6.55
2.22,-7.54,-6.89
2.22,-7.54,-6.89
2.22,-7.54,-6.89
2.18,-6.92,-6.83
2.27,-6.57,-6.57
2.27,-6.57,-6.57
2.27,-6.48,-6.55
2.27,-6.48,-6.55
2.27,-6.48,-6.55
2.34,-6.4,-6.41
2.34,-6.4,-6.41
2.34,-6.4,-6.41
2.69,-6.03,-6.46
2.69,-6.03,-6.46
2.69,-6.03,-6.46
2.6,-6.58,-6.52
2.6,-6.58,-6.52
2.52,-6.75,-6.55
2.11,-6.7,-6.65
2.11,-6.7,-6.65
2.11,-6.7,-6.65
2.41,-6.21,-6.58
2.41,-6.21,-6.58
2.41,-6.21,-6.58
2.1,-6.23,-6.65
2.1,-6.23,-6.65
2.1,-6.23,-6.65
2.57,-5.72,-6.48
2.57,-5.72,-6.48
2.57,-5.72,-6.48
2.25,-5.53,-5.93
2.25,-5.53,-5.93
2.25,-5.53,-5.93
2.12,-5.1,-6.16
2.12,-5.1,-6.16
2.12,-5.1,-6.16
2.36,-6.63,-6.15
2.36,-6.63,-6.15
2.36,-6.63,-6.15
2.38,-5.83,-7.22
2.38,-5.83,-7.22
2.38,-5.83,-7.22
3.15,-6.45,-6.79
3.15,-6.45,-6.79
3.15,-6.45,-6.79
3.74,-6.74,-5.92
3.74,-6.74,-5.92
3.74,-6.74,-5.92
3.5,-6.21,-5.92
3.5,-6.21,-5.92
3.5,-6.21,-5.92
2.71,-6.53,-5.88
2.71,-6.53,-5.88
2.46,-6.6,-5.52
2.17,-5.87,-4.61
2.31,-4.49,-3.38
2.31,-4.49,-3.38
2.36,-2.3,-2.19
2.36,-2.3,-2.19
2.36,-2.3,-2.19
2.05,-2.47,-0.77
2.05,-2.47,-0.77
2.05,-2.47,-0.77
0.81,-5.77,0.01
0.81,-5.77,0.01
0.81,-5.77,0.01
-0.17,-6.48,0.04
-0.17,-6.48,0.04
-0.17,-6.48,0.04
-4.32,-11.05,5.71
-4.32,-11.05,5.71
-4.32,-11.05,5.71
-2.78,-11.78,5.34
-2.78,-11.78,5.34
-2.78,-11.78,5.34
-2.3,-12.12,7.99
-2.3,-12.12,7.99
-2.3,-12.12,7.99
-3.03,-10.76,7.7
-3.52,-9.58,7.2
-3.52,-9.58,7.2
-3.22,-10.15,7.82
-3.22,-10.15,7.82
-3.22,-10.15,7.82
-3.46,-11.85,8.21
-3.46,-11.85,8.21
-3.46,-11.85,8.21
-2.98,-9.97,8.12
-2.98,-9.97,8.12
-2.66,-9.81,8.76
-2.69,-9.36,8.59
-2.69,-9.36,8.59
-2.69,-9.36,8.59
-1.67,-7.86,7.52
-1.67,-7.86,7.52
-1.67,-7.86,7.52
-1.33,-8.9,7.98
-1.33,-8.9,7.98
-0.99,-9.39,7.59
-0.99,-9.39,7.59
-0.77,-9.26,7.24
-1.26,-9.26,6.84
-1.81,-8.8,6.61
-1.81,-8.8,6.61
-1.53,-7.94,6.21
-1.53,-7.94,6.21
-1.53,-7.94,6.21
-1.81,-8.92,5.92
-1.81,-8.92,5.92
-1.37,-8.04,5.65
-0.76,-6.72,5.23
-0.76,-6.72,5.23
-0.26,-5.71,5.0
-0.76,-4.69,5.48
-0.76,-4.69,5.48
-0.76,-4.69,5.48
-0.32,-4.86,6.34
-0.32,-4.86,6.34
-0.32,-4.86,6.34
0.28,-3.9,6.78
0.28,-3.9,6.78
0.28,-3.9,6.78
0.84,-2.14,7.29
0.84,-2.14,7.29
0.61,-2.77,8.04
-0.27,-4.49,7.84
-0.27,-4.49,7.84
-0.27,-4.49,7.84
-2.56,-5.5,7.2
-2.56,-5.5,7.2
-2.56,-5.5,7.2
-5.18,-6.54,9.13
-5.18,-6.54,9.13
-5.18,-6.54,9.13
-10.9,-7.33,8.2
-10.9,-7.33,8.2
-10.9,-7.33,8.2
-8.84,-4.72,6.27
-8.84,-4.72,6.27
-8.84,-4.72,6.27
-10.68,-4.86,5.87
-10.68,-4.86,5.87
-10.68,-4.86,5.87
-10.86,-4.17,5.06
-10.86,-4.17,5.06
-10.86,-4.17,5.06
-10.65,-2.59,4.29
-10.65,-2.59,4.29
-9.9,-2.58,4.06
-8.27,-3.77,4.54
-8.27,-3.77,4.54
-8.27,-3.77,4.54
-7.48,-3.97,3.88
-7.48,-3.97,3.88
-7.48,-3.97,3.88
-6.5,-5.68,5.05
-6.5,-5.68,5.05
-6.68,-5.75,4.89
-6.59,-5.56,4.53
-6.59,-5.56,4.53
-5.64,-4.71,4.3
-5.01,-7.37,5.12
-5.01,-7.37,5.12
-5.01,-7.37,5.12
-3.51,-6.73,5.94
-3.51,-6.73,5.94
-3.51,-6.73,5.94
-3.93,-4.47,5.87
-3.93,-4.47,5.87
-3.93,-4.47,5.87
-3.31,-6.83,7.04
-3.31,-6.83,7.04
-3.31,-6.83,7.04
-4.25,-6.84,7.04
-4.25,-6.84,7.04
-5.54,-4.98,6.25
-5.54,-4.98,6.25
-5.54,-4.98,6.25
-5.32,-4.66,5.83
-5.32,-4.66,5.83
-4.23,-6.43,6.38
-3.82,-5.92,6.82
-3.82,-5.92,6.82
-3.82,-5.92,6.82
-2.0,-7.37,7.45
-2.0,-7.37,7.45
-2.0,-7.37,7.45
-1.05,-6.3,6.13
-1.05,-6.3,6.13
-1.05,-6.3,6.13
-2.68,-5.97,5.84
-2.68,-5.97,5.84
-2.72,-7.11,6.36
-4.2,-5.66,5.66
-4.2,-5.66,5.66
-4.2,-5.66,5.66
-4.48,-6.28,6.31
-4.48,-6.28,6.31
-4.48,-6.28,6.31
-3.46,-6.07,5.78
-3.46,-6.07,5.78
-3.46,-6.07,5.78
-4.29,-6.3,5.58
-4.29,-6.3,5.58
-4.29,-6.3,5.58
-3.25,-7.39,5.67
-3.25,-7.39,5.67
-3.25,-7.39,5.67
-3.36,-7.7,6.99
-3.36,-7.7,6.99
-3.36,-7.7,6.99
-3.09,-5.34,7.07
-3.09,-5.34,7.07
-3.09,-5.34,7.07
-5.91,-5.31,6.53
-5.91,-5.31,6.53
-6.34,-5.74,6.8
-7.05,-5.11,5.73
-7.05,-5.11,5.73
-7.05,-5.11,5.73
-7.45,-5.34,7.07
-7.45,-5.34,7.07
-7.45,-5.34,7.07
-5.41,-4.98,4.06
-5.41,-4.98,4.06
-5.41,-4.98,4.06
-9.07,-6.99,4.88
-9.07,-6.99,4.88
-9.07,-6.99,4.88
-9.32,-0.22,5.62
-9.32,-0.22,5.62
-9.32,-0.22,5.62
-8.8,-1.95,3.77
-8.8,-1.95,3.77
-8.8,-1.95,3.77
-7.23,-3.74,5.2
-7.23,-3.74,5.2
-7.23,-3.74,5.2
-7.0,-3.63,5.25
-6.46,-3.63,5.42
-6.46,-3.63,5.42
-5.53,-5.88,6.18
-5.53,-5.88,6.18
-5.53,-5.88,6.18
-5.21,-5.93,6.79
-5.21,-5.93,6.79
-5.21,-5.93,6.79
-4.67,-5.65,6.82
-4.67,-5.65,6.82
-4.67,-5.65,6.82
-4.08,-4.82,6.3
-3.75,-5.07,6.64
-3.75,-5.07,6.64
-3.76,-6.41,7.8
-3.76,-6.41,7.8
-3.76,-6.41,7.8
-3.17,-6.87,8.27
-3.17,-6.87,8.27
-3.17,-6.87,8.27
-1.97,-6.4,8.07
-1.97,-6.4,8.07
-1.97,-6.4,8.07
-0.56,-6.81,7.74
-0.56,-6.81,7.74
-0.56,-6.81,7.74
1.54,-5.98,6.77
1.54,-5.98,6.77
1.97,-5.39,6.23
1.97,-5.39,6.23
1.97,-5.39,6.23
3.22,-5.46,5.98
3.22,-5.46,5.98
3.22,-5.46,5.98
3.48,-5.86,6.2
3.48,-5.86,6.2
3.48,-5.86,6.2
4.28,-5.78,6.69
4.28,-5.78,6.69
4.28,-5.78,6.69
4.31,-5.54,6.17
4.31,-5.54,6.17
4.31,-5.54,6.17
4.53,-4.46,5.22
4.53,-4.46,5.22
4.53,-4.46,5.22
4.56,-4.67,4.89
4.56,-4.67,4.89
4.56,-4.67,4.89
5.23,-5.55,5.57
5.23,-5.55,5.57
5.23,-5.55,5.57
5.11,-7.1,6.92
5.11,-7.1,6.92
5.11,-7.1,6.92
5.13,-7.65,6.88
5.13,-7.65,6.88
5.13,-7.65,6.88
4.65,-6.68,5.99
4.65,-6.68,5.99
4.27,-6.97,6.16
4.22,-7.76,7.25
4.22,-7.76,7.25
4.22,-7.76,7.25
4.32,-6.2,6.41
4.32,-6.2,6.41
4.32,-6.2,6.41
3.92,-7.35,7.26
3.92,-7.35,7.26
3.92,-7.35,7.26
4.19,-6.96,7.26
4.19,-6.96,7.26
4.19,-6.96,7.26
4.28,-5.7,6.42
4.47,-6.37,6.77
4.47,-6.37,6.77
4.46,-6.76,6.86
4.46,-6.76,6.86
4.46,-6.76,6.86
4.24,-5.72,6.22
4.24,-5.72,6.22
4.24,-5.72,6.22
5.47,-6.86,6.36
5.47,-6.86,6.36
5.46,-7.18,6.14
5.24,-7.19,6.01
5.24,-7.19,6.01
5.24,-7.19,6.01
5.54,-7.47,5.9
5.54,-7.47,5.9
5.54,-7.47,5.9
4.64,-7.57,5.08
4.64,-7.57,5.08
4.64,-7.57,5.08
4.73,-7.54,4.82
4.73,-7.54,4.82
4.59,-7.69,4.53
3.41,-8.64,5.21
3.41,-8.64,5.21
3.41,-8.64,5.21
3.4,-6.62,4.31
3.4,-6.62,4.31
3.4,-6.62,4.31
1.94,-8.45,4.64
1.94,-8.45,4.64
1.94,-8.45,4.64
1.97,-9.28,4.94
1.97,-9.28,4.94
1.84,-8.46,4.56
2.28,-8.06,3.68
2.28,-8.06,3.68
2.03,-7.94,3.01
2.03,-7.94,3.01
2.03,-7.94,3.01
2.49,-8.48,3.85
2.49,-8.48,3.85
2.49,-8.48,3.85
2.28,-8.65,3.87
2.28,-8.65,3.87
2.67,-8.75,3.84
3.1,-7.82,3.68
3.1,-7.82,3.68
3.1,-7.82,3.68
3.68,-8.73,4.3
3.68,-8.73,4.3
3.68,-8.73,4.3
2.64,-8.96,3.88
2.64,-8.96,3.88
2.64,-8.96,3.88
3.85,-8.23,3.88
3.85,-8.23,3.88
3.26,-8.13,4.1
3.48,-8.15,3.79
3.48,-8.15,3.79
3.48,-8.15,3.79
3.55,-9.0,4.35
3.55,-9.0,4.35
3.55,-9.0,4.35
2.73,-8.04,4.98
2.73,-8.04,4.98
2.73,-8.04,4.98
2.36,-8.02,5.19
2.36,-8.02,5.19
1.53,-9.0,5.29
2.4,-8.55,4.49
2.4,-8.55,4.49
2.4,-8.55,4.49
2.98,-8.39,3.98
2.98,-8.39,3.98
2.98,-8.39,3.98
0.37,-9.94,5.27
0.37,-9.94,5.27
0.37,-9.94,5.27
1.21,-9.52,5.43
-0.01,-8.96,5.53
0.09,-9.14,6.82
0.09,-9.14,6.82
0.09,-9.14,6.82
-0.01,-8.15,6.17
-0.01,-8.15,6.17
-0.01,-8.15,6.17
-0.75,-8.1,6.59
-0.75,-8.1,6.59
-0.75,-8.1,6.59
-1.45,-7.82,7.15
-1.4,-6.88,6.7
-1.4,-6.88,6.7
-1.12,-6.27,6.46
-1.12,-6.27,6.46
-1.12,-6.27,6.46
-0.22,-7.16,6.81
-0.22,-7.16,6.81
-0.22,-7.16,6.81
-0.37,-7.02,5.94
-0.37,-7.02,5.94
-0.82,-6.99,5.85
-0.69,-7.11,5.84
-0.69,-7.11,5.84
-0.53,-7.33,5.58
-0.7,-7.25,5.13
-0.7,-7.25,5.13
-0.7,-7.25,5.13
-0.41,-7.31,5.58
-0.41,-7.31,5.58
-0.41,-7.31,5.58
-1.18,-6.6,5.45
-1.18,-6.6,5.45
-1.32,-6.61,5.62
-1.05,-6.78,5.85
-1.05,-6.78,5.85
-1.05,-6.78,5.85
-1.26,-6.34,5.45
-1.26,-6.34,5.45
-1.26,-6.34,5.45
-0.72,-6.68,5.39
-0.72,-6.68,5.39
-0.72,-6.68,5.39
-0.68,-6.13,5.54
-0.68,-6.13,5.54
-0.69,-5.53,5.32
-0.81,-5.5,5.47
-0.81,-5.5,5.47
-0.97,-5.95,5.88
-0.89,-5.77,6.35
-0.89,-5.77,6.35
-0.89,-5.77,6.35
-0.52,-4.8,6.34
-0.52,-4.8,6.34
-0.52,-4.8,6.34
-0.31,-6.08,7.66
-0.31,-6.08,7.66
-0.31,-6.08,7.66
-0.22,-4.57,8.6
-0.22,-4.57,8.6
-0.22,-4.57,8.6
0.6,-5.07,8.92
0.6,-5.07,8.92
0.6,-5.07,8.92
-1.06,-4.98,8.39
-1.06,-4.98,8.39
-1.06,-4.98,8.39
-0.82,-4.33,9.62
-0.82,-4.33,9.62
-1.17,-4.49,10.11
-1.79,-4.81,10.5
-1.79,-4.81,10.5
-2.08,-5.02,10.54
-2.38,-4.46,10.16
-2.38,-4.46,10.16
-2.38,-4.46,10.16
-2.18,-4.21,10.37
-2.18,-4.21,10.37
-2.18,-4.21,10.37
-2.38,-4.72,10.33
-2.38,-4.72,10.33
-2.38,-4.72,10.33
-1.95,-4.68,9.36
-2.17,-4.62,9.18
-2.17,-4.62,9.18
-3.19,-5.05,9.51
-3.19,-5.05,9.51
-3.19,-5.05,9.51
-3.62,-5.23,10.14
-3.62,-5.23,10.14
-3.62,-5.23,10.14
-3.45,-4.61,9.6
-3.45,-4.61,9.6
-3.45,-4.61,9.6
-5.59,-3.48,8.04
-5.59,-3.48,8.04
-5.59,-3.48,8.04
-7.3,-1.39,7.9
-7.3,-1.39,7.9
-7.3,-1.39,7.9
-4.12,-2.59,7.89
-4.12,-2.59,7.89
-4.12,-2.59,7.89
-2.99,-3.29,6.82
-1.5,-3.04,6.28
-1.5,-3.04,6.28
1.29,-3.04,4.87
1.29,-3.04,4.87
1.29,-3.04,4.87
2.17,-4.45,5.02
2.17,-4.45,5.02
2.17,-4.45,5.02
2.03,-1.96,5.17
2.03,-1.96,5.17
2.03,-1.96,5.17
-2.38,-1.62,7.7
-2.38,-1.62,7.7
-2.38,-1.62,7.7
-8.26,-2.8,6.76
-8.26,-2.8,6.76
-8.26,-2.8,6.76
-6.73,-0.81,5.12
-6.73,-0.81,5.12
-6.73,-0.81,5.12
-10.89,0.76,5.15
-10.89,0.76,5.15
-8.83,-1.1,4.52
-8.83,-1.1,4.52
-8.83,-1.1,4.52
-12.77,0.62,5.12
-14.34,0.74,4.85
-14.34,0.74,4.85
-12.64,0.74,3.82
-12.64,0.74,3.82
-12.64,0.74,3.82
-12.21,0.52,3.09
-12.21,0.52,3.09
-12.21,0.52,3.09
-12.5,-1.68,2.65
-12.5,-1.68,2.65
-12.5,-1.68,2.65
-10.93,-0.19,2.25
-10.93,-0.19,2.25
-10.93,-0.19,2.25
-9.88,-1.56,2.65
-9.88,-1.56,2.65
-9.88,-1.56,2.65
-9.72,-2.26,3.69
-9.72,-2.26,3.69
-9.72,-2.26,3.69
-9.14,-2.46,3.71
-9.14,-2.46,3.71
-8.58,-2.19,3.19
-8.37,-1.9,3.22
-8.36,-1.91,2.99
-8.36,-1.91,2.99
-9.33,-1.93,2.81
-9.33,-1.93,2.81
-9.33,-1.93,2.81
-10.46,-0.47,1.92
-10.46,-0.47,1.92
-10.46,-0.47,1.92
-9.99,-1.87,2.53
-9.99,-1.87,2.53
-9.72,-2.11,2.72
-8.42,-2.27,3.27
-8.42,-2.27,3.27
-8.42,-2.27,3.27
-8.36,-0.78,3.11
-8.36,-0.78,3.11
-8.04,-1.47,3.27
-8.04,-1.47,3.27
-8.04,-1.47,3.27
-8.05,-1.45,3.2
-8.05,-1.45,3.2
-8.06,-1.59,3.06
-8.24,-1.46,3.15
-8.27,-1.58,2.86
-8.27,-1.58,2.86
-8.4,-1.15,2.77
-8.4,-1.15,2.77
-8.4,-1.15,2.77
-8.62,-0.67,2.62
-8.62,-0.67,2.62
-8.62,-0.67,2.62
-8.38,-1.69,2.97
-8.33,-1.85,3.21
-8.33,-1.85,3.21
-8.52,-1.16,3.01
-8.52,-1.16,3.01
-8.52,-1.16,3.01
-9.64,-0.78,2.11
-6.02,6.73,-4.12
-6.21,6.57,-4.51
-6.21,6.57,-4.51
-6.21,6.57,-4.51
-6.7,7.24,-4.99
-6.7,7.24,-4.99
-6.7,7.24,-4.99
-6.81,7.6,-5.06
-6.81,7.6,-5.06
-6.81,7.6,-5.06
-6.92,7.09,-4.42
-6.92,7.09,-4.42
-6.92,7.09,-4.42
-6.58,7.01,-4.2
-6.58,7.01,-4.2
-6.47,6.91,-4.22
-6.17,6.38,-3.88
-6.17,6.38,-3.88
-6.17,6.38,-3.88
-5.59,5.93,-3.55
-5.59,5.93,-3.55
-5.59,5.93,-3.55
-5.4,4.91,-2.86
-5.4,4.91,-2.86
-4.95,4.67,-2.61
-4.93,4.23,-2.57
-4.93,4.23,-2.57
-4.88,4.0,-2.78
-5.21,3.89,-3.29
-5.21,3.89,-3.29
-5.21,3.89,-3.29
-6.12,4.09,-3.34
-6.12,4.09,-3.34
-6.12,4.09,-3.34
-6.8,3.83,-2.76
-6.8,3.83,-2.76
-6.8,3.83,-2.76
-7.01,3.02,-1.85
-7.01,3.02,-1.85
-7.01,3.02,-1.85
-10.11,3.8,-2.15
-10.11,3.8,-2.15
-10.11,3.8,-2.15
-11.37,3.68,-1.61
-11.37,3.68,-1.61
-11.37,3.68,-1.61
-9.41,2.36,-0.7
-9.41,2.36,-0.7
-9.41,2.36,-0.7
-7.28,2.02,0.11
-7.28,2.02,0.11
-7.28,2.02,0.11
-7.37,1.62,0.55
-7.37,1.62,0.55
-7.37,1.62,0.55
-8.07,1.32,1.04
-8.07,1.32,1.04
-8.07,1.32,1.04
-8.28,2.45,1.3
-8.28,2.45,1.3
-8.83,2.59,1.24
-9.18,2.61,1.47
-9.21,2.49,1.71
-9.21,2.49,1.71
-9.78,2.5,1.74
-9.78,2.5,1.74
-9.78,2.5,1.74
-9.82,2.3,1.58
-9.82,2.3,1.58
-9.82,2.3,1.58
-9.22,1.78,1.39
-9.22,1.78,1.39
-9.22,1.78,1.39
-8.96,1.44,1.19
-8.96,1.44,1.19
-9.55,1.07,1.2
-7.77,0.88,0.71
-7.77,0.88,0.71
-7.77,0.88,0.71
-8.99,1.31,0.67
-8.99,1.31,0.67
-8.99,1.31,0.67
-10.09,1.71,0.38
-10.09,1.71,0.38
-10.09,1.71,0.38
-10.36,1.63,-0.04
-10.38,1.14,-0.13
-10.38,1.14,-0.13
-8.63,0.87,-0.56
-8.63,0.87,-0.56
-8.63,0.87,-0.56
-8.98,1.81,-0.52
-8.98,1.81,-0.52
-8.98,1.81,-0.52
-9.21,1.67,-0.57
-9.21,1.67,-0.57
-9.21,1.67,-0.57
-8.39,2.49,-1.41
-8.39,2.49,-1.41
-8.39,2.49,-1.41
-8.23,2.6,-1.25
-8.23,2.6,-1.25
-8.23,2.6,-1.25
-7.81,2.96,-1.44
-7.81,2.96,-1.44
-7.81,2.96,-1.44
-8.06,3.43,-1.77
-8.06,3.43,-1.77
-8.06,3.43,-1.77
-8.38,4.42,-1.16
-8.38,4.42,-1.16
-8.38,4.42,-1.16
-8.74,4.55,-0.95
-8.74,4.55,-0.95
-8.74,4.55,-0.95
-8.61,4.44,-0.9
-8.61,4.44,-0.9
-8.61,4.44,-0.9
-7.75,3.72,-0.91
-7.75,3.72,-0.91
-8.46,3.18,-0.86
-7.73,3.02,-0.92
-7.73,3.02,-0.92
-7.73,3.02,-0.92
-8.44,3.63,-1.2
-8.44,3.63,-1.2
-8.44,3.63,-1.2
-8.72,3.89,-0.96
-8.72,3.89,-0.96
-8.72,3.89,-0.96
-8.33,4.21,-1.03
-8.33,4.21,-1.03
-8.33,4.21,-1.03
-8.39,3.4,-1.19
-8.39,3.4,-1.19
-8.06,3.07,-1.13
-8.4,3.2,-1.39
-8.4,3.2,-1.39
-8.4,3.2,-1.39
-8.7,3.58,-1.36
-8.7,3.58,-1.36
-8.7,3.58,-1.36
-8.19,3.22,-1.25
-8.19,3.22,-1.25
-8.19,3.22,-1.25
-8.51,3.42,-1.34
-8.04,3.61,-1.2
-7.76,3.02,-1.13
-7.76,3.02,-1.13
-7.76,3.02,-1.13
-8.51,2.97,-1.14
-8.51,2.97,-1.14
-8.51,2.97,-1.14
-8.69,3.65,-1.14
-8.69,3.65,-1.14
-8.69,3.65,-1.14
-9.19,3.47,-1.12
-9.19,3.47,-1.12
-9.34,3.07,-1.03
-9.54,2.73,-0.99
-9.54,2.73,-0.99
-9.54,2.73,-0.99
-9.31,2.86,-0.98
-9.31,2.86,-0.98
-9.31,2.86,-0.98
-9.18,1.69,-0.68
-9.18,1.69,-0.68
-9.18,1.69,-0.68
-7.53,0.78,-0.48
-7.53,0.78,-0.48
-7.5,0.57,-0.68
-8.09,-0.28,-0.77
-8.09,-0.28,-0.77
-8.09,-0.28,-0.77
-8.49,-0.71,-0.4
-8.49,-0.71,-0.4
-8.49,-0.71,-0.4
-8.39,0.11,0.17
-8.39,0.11,0.17
-8.39,0.11,0.17
-8.6,0.27,0.68
-8.19,-0.14,0.82
-8.19,-0.14,0.82
-8.43,-0.85,1.07
-8.43,-0.85,1.07
-8.43,-0.85,1.07
-8.92,-0.98,1.61
-8.92,-0.98,1.61
-8.92,-0.98,1.61
-9.74,-0.89,1.92
-9.74,-0.89,1.92
-9.74,-0.89,1.92
-9.85,-0.68,1.15
-9.85,-0.68,1.15
-9.85,-0.68,1.15
-9.75,-1.18,1.34
-9.75,-1.18,1.34
-9.75,-1.18,1.34
-9.97,-2.66,3.02
-9.97,-2.66,3.02
-9.97,-2.66,3.02
-9.6,-3.17,3.46
-9.49,-4.87,4.25
-9.49,-4.87,4.25
-8.48,-3.53,4.11
-8.48,-3.53,4.11
-8.48,-3.53,4.11
-7.72,-1.75,4.21
-7.72,-1.75,4.21
-7.72,-1.75,4.21
-8.79,-1.24,4.46
-8.79,-1.24,4.46
-8.79,-1.24,4.46
-8.64,-1.03,4.72
-8.64,-1.03,4.72
-8.14,-0.9,4.67
-8.18,-0.36,4.09
-8.18,-0.36,4.09
-8.18,-0.36,4.09
-7.96,-0.45,3.28
-7.96,-0.45,3.28
-7.96,-0.45,3.28
-7.94,-0.95,2.93
-7.94,-0.95,2.93
-7.94,-0.95,2.93
-9.12,-1.44,3.23
-9.12,-1.44,3.23
-9.6,-1.63,3.06
-9.4,-1.9,3.15
-9.76,-1.77,2.96
-9.76,-1.77,2.96
-8.75,-1.04,2.8
-8.75,-1.04,2.8
-8.75,-1.04,2.8
-8.5,-0.63,2.95
-8.5,-0.63,2.95
-8.5,-0.63,2.95
-9.12,-1.65,3.73
-9.12,-1.65,3.73
-9.12,-1.65,3.73
-9.0,-1.69,3.72
-9.24,-1.79,3.75
-9.24,-1.79,3.75
-8.93,-2.56,3.7
-8.93,-2.56,3.7
-8.93,-2.56,3.7
-8.52,-2.58,3.42
-8.52,-2.58,3.42
-8.52,-2.58,3.42
-7.26,-2.84,3.37
-7.26,-2.84,3.37
-7.26,-2.84,3.37
-8.97,-2.91,3.4
-8.97,-2.91,3.4
-8.97,-2.91,3.4
-9.38,-2.64,3.02
-9.38,-2.64,3.02
-9.38,-2.64,3.02
-8.19,-2.05,1.7
-8.19,-2.05,1.7
-8.19,-2.05,1.7
-7.35,-2.41,1.39
-7.35,-2.41,1.39
-7.68,-2.79,1.46
-8.5,-2.71,1.41
-8.5,-2.71,1.41
-8.5,-2.71,1.41
-8.85,-2.31,0.8
-8.85,-2.31,0.8
-8.85,-2.31,0.8
-9.84,-1.36,-0.54
-9.84,-1.36,-0.54
-8.95,-2.14,0.24
-8.27,-2.88,0.62
-8.27,-2.88,0.62
-8.39,-3.27,1.16
-8.56,-2.65,1.43
-8.56,-2.65,1.43
-8.56,-2.65,1.43
-9.3,-1.99,1.18
-9.3,-1.99,1.18
-9.3,-1.99,1.18
-8.98,-2.33,0.99
-8.98,-2.33,0.99
-8.98,-2.33,0.99
-9.11,-2.33,0.74
-8.89,-2.29,0.57
-8.89,-2.29,0.57
-9.51,-2.64,0.56
-9.51,-2.64,0.56
-9.51,-2.64,0.56
-9.71,-3.52,0.91
-9.71,-3.52,0.91
-9.71,-3.52,0.91
-8.83,-3.25,0.3
-8.83,-3.25,0.3
-8.83,-3.25,0.3
-8.22,-2.74,-0.12
-7.74,-2.27,-0.22
-7.74,-2.27,-0.22
-7.51,-2.05,0.11
-7.51,-2.05,0.11
-7.51,-2.05,0.11
-8.2,-1.33,0.64
-8.2,-1.33,0.64
-8.2,-1.33,0.64
-8.7,-1.47,0.72
-8.7,-1.47,0.72
-8.7,-1.47,0.72
-8.15,-1.99,0.53
-8.15,-1.99,0.53
-8.15,-1.99,0.53
-7.25,-3.27,0.42
-7.25,-3.27,0.42
-7.25,-3.27,0.42
-7.52,-3.36,0.08
-7.52,-3.36,0.08
-8.43,-2.52,-0.04
-9.43,-1.13,0.89
-9.13,-1.26,1.2
-9.13,-1.26,1.2
-7.89,-0.66,0.9
-7.89,-0.66,0.9
-7.89,-0.66,0.9
-8.95,-1.26,1.27
-8.95,-1.26,1.27
-8.95,-1.26,1.27
-8.91,-2.38,1.32
-8.91,-2.38,1.32
-8.91,-2.38,1.32
-8.59,-2.06,1.15
-8.59,-2.06,1.15
-8.9,-2.48,1.38
-10.41,-2.71,1.47
-10.41,-2.71,1.47
-10.41,-2.71,1.47
-12.65,-2.27,1.27
-12.65,-2.27,1.27
-12.65,-2.27,1.27
-10.58,-1.57,0.6
-10.58,-1.57,0.6
-10.58,-1.57,0.6
-9.63,-1.44,-0.53
-9.63,-1.44,-0.53
-10.32,-1.95,-0.53
-10.95,-2.72,-0.43
-10.95,-2.72,-0.43
-10.95,-2.72,-0.43
-11.22,-2.68,-0.05
-11.22,-2.68,-0.05
-11.22,-2.68,-0.05
-11.5,-4.17,1.14
-11.5,-4.17,1.14
-10.74,-4.89,1.95
-8.61,-4.56,3.16
-8.61,-4.56,3.16
-8.61,-4.56,3.16
-6.78,-5.81,4.08
-6.78,-5.81,4.08
-6.78,-5.81,4.08
-4.83,-4.59,4.35
-4.83,-4.59,4.35
-4.83,-4.59,4.35
-2.87,-4.57,5.37
-2.87,-4.57,5.37
-2.87,-4.57,5.37
-1.8,-4.27,4.83
-1.3,-3.6,4.47
-1.3,-3.6,4.47
-0.46,-3.93,5.29
-0.46,-3.93,5.29
-0.46,-3.93,5.29
-1.99,-4.46,5.78
-1.99,-4.46,5.78
-1.99,-4.46,5.78
-2.04,-5.16,6.61
-2.04,-5.16,6.61
-2.04,-5.16,6.61
-1.45,-6.09,7.75
-1.45,-6.09,7.75
-1.75,-6.57,7.44
-1.29,-5.42,7.93
-1.29,-5.42,7.93
-1.29,-5.42,7.93
-0.98,-6.44,7.9
-0.98,-6.44,7.9
-0.25,-5.6,9.02
-0.25,-5.6,9.02
-1.88,-6.85,7.92
-1.52,-5.93,7.82
0.32,-4.04,7.28
0.32,-4.04,7.28
-1.69,-7.21,10.06
-1.69,-7.21,10.06
-1.69,-7.21,10.06
-0.53,-6.36,9.0
-0.53,-6.36,9.0
0.62,-5.11,8.43
0.62,-5.11,8.43
0.62,-5.11,8.43
-0.27,-5.63,9.36
-0.27,-5.63,9.36
-0.27,-5.63,9.36
0.14,-5.69,9.01
0.14,-5.69,9.01
0.14,-5.69,9.01
-0.11,-4.72,8.4
-0.11,-4.72,8.4
-0.11,-4.72,8.4
-1.45,-6.61,9.5
-1.45,-6.61,9.5
-1.45,-6.61,9.5
-1.1,-4.46,7.4
-2.29,-4.86,6.67
-2.29,-4.86,6.67
-2.79,-7.47,8.59
-2.79,-7.47,8.59
-2.79,-7.47,8.59
-7.3,-6.7,4.99
-7.3,-6.7,4.99
-7.3,-6.7,4.99
-8.87,-8.91,6.04
-7.91,-7.91,5.36
-7.91,-7.91,5.36
-6.96,-5.1,4.42
-6.96,-5.1,4.42
-6.96,-5.1,4.42
-5.47,-7.02,5.02
-5.47,-7.02,5.02
-5.47,-7.02,5.02
-3.64,-7.78,5.69
-3.64,-7.78,5.69
-3.64,-7.78,5.69
-2.28,-6.51,4.58
-2.28,-6.51,4.58
-3.1,-6.88,3.97
-3.01,-6.5,3.6
-3.01,-6.5,3.6
-3.01,-6.5,3.6
-2.23,-4.98,5.24
-2.23,-4.98,5.24
-2.23,-4.98,5.24
-3.69,-6.33,6.4
-3.69,-6.33,6.4
-3.69,-6.33,6.4
-5.72,-6.73,6.07
-5.72,-6.73,6.07
-5.72,-6.73,6.07
-2.94,-5.52,5.44
-2.94,-5.52,5.44
-1.95,-6.68,5.76
-2.31,-8.53,5.41
-2.31,-8.53,5.41
-2.31,-8.53,5.41
-3.46,-7.98,4.87
-3.46,-7.98,4.87
-3.46,-7.98,4.87
-2.49,-8.37,5.42
-2.49,-8.37,5.42
-2.23,-8.69,5.7
-1.9,-8.45,5.67
-1.65,-7.84,5.74
-1.65,-7.84,5.74
-1.01,-7.39,6.08
-1.01,-7.39,6.08
-1.01,-7.39,6.08
-1.1,-7.78,6.35
-1.1,-7.78,6.35
-1.1,-7.78,6.35
-1.15,-7.84,6.84
-1.03,-7.7,6.86
-1.03,-7.7,6.86
-1.18,-7.45,6.48
-1.25,-6.98,6.15
-1.25,-6.98,6.15
-1.54,-7.38,5.45
-1.54,-7.38,5.45
-1.54,-7.38,5.45
-1.95,-8.23,5.72
-1.95,-8.23,5.72
-1.95,-8.23,5.72
-2.03,-7.78,6.19
-2.03,-7.78,6.19
-2.03,-7.78,6.19
-2.01,-7.23,5.87
-2.01,-7.23,5.87
-2.01,-7.23,5.87
-2.06,-7.52,5.74
-2.06,-7.52,5.74
-2.06,-7.52,5.74
-2.26,-8.54,5.96
-2.26,-8.54,5.96
-2.26,-8.54,5.96
-3.02,-6.64,5.13
-3.02,-6.64,5.13
-3.02,-6.64,5.13
-2.89,-6.8,4.94
-2.89,-6.8,4.94
-2.89,-6.8,4.94
-3.85,-7.59,4.25
-3.85,-7.59,4.25
-3.85,-7.59,4.25
-4.18,-8.06,4.32
-4.18,-8.06,4.32
-4.18,-8.06,4.32
-4.18,-7.71,4.88
-4.18,-7.71,4.88
-4.18,-7.71,4.88
-3.81,-8.47,5.53
-3.81,-8.47,5.53
-3.81,-8.47,5.53
-3.04,-7.59,5.11
-3.04,-7.59,5.11
-3.04,-7.59,5.11
-3.28,-7.4,4.43
-3.28,-7.4,4.43
-3.28,-7.4,4.43
-2.99,-6.56,4.25
-2.99,-6.56,4.25
-3.15,-6.57,4.34
-3.2,-7.53,4.49
-3.2,-7.53,4.49
-3.2,-7.53,4.49
-3.3,-7.5,4.76
-3.3,-7.5,4.76
-3.3,-7.5,4.76
-3.09,-7.38,5.44
-3.09,-7.38,5.44
-3.24,-8.36,5.79
-3.04,-8.41,5.89
-3.04,-8.41,5.89
-3.04,-8.41,5.89
-2.87,-6.68,5.42
-2.87,-6.68,5.42
-2.87,-6.68,5.42
-3.33,-7.79,5.83
-3.33,-7.79,5.83
-3.33,-7.79,5.83
-3.44,-6.73,5.43
-3.44,-6.73,5.43
-3.44,-6.73,5.43
-2.97,-6.97,5.69
-2.97,-6.97,5.69
-2.97,-6.97,5.69
-3.1,-6.63,5.61
-2.49,-6.76,5.92
-2.49,-6.76,5.92
-3.07,-6.54,5.45
-3.07,-6.54,5.45
-3.07,-6.54,5.45
-2.66,-7.53,6.09
-2.66,-7.53,6.09
-2.66,-7.53,6.09
-2.96,-7.27,5.83
-2.96,-7.27,5.83
-3.22,-6.83,5.83
-2.18,-6.46,6.52
-2.18,-6.46,6.52
-2.18,-6.46,6.52
-2.74,-6.58,6.54
-2.74,-6.58,6.54
-2.74,-6.58,6.54
-2.77,-6.42,7.01
-2.77,-6.42,7.01
-2.77,-6.42,7.01
-1.5,-7.05,7.84
-1.82,-7.4,7.59
-1.89,-6.85,6.85
-1.89,-6.85,6.85
-1.89,-6.85,6.85
-1.36,-7.09,8.02
-1.36,-7.09,8.02
-1.36,-7.09,8.02
-2.35,-6.04,6.78
-2.35,-6.04,6.78
-2.35,-6.04,6.78
-2.95,-5.54,6.38
-2.72,-6.0,6.76
-2.72,-6.0,6.76
-2.69,-7.08,7.58
-2.69,-7.08,7.58
-2.69,-7.08,7.58
-3.39,-7.75,7.52
-3.39,-7.75,7.52
-3.39,-7.75,7.52
-2.44,-7.78,7.12
-2.44,-7.78,7.12
-2.44,-7.78,7.12
-2.09,-8.36,6.63
-2.09,-8.36,6.63
-1.48,-8.13,7.0
0.28,-6.22,6.9
0.28,-6.22,6.9
0.28,-6.22,6.9
0.58,-5.95,8.26
0.58,-5.95,8.26
0.58,-5.95,8.26
0.5,-6.28,6.06
0.5,-6.28,6.06
0.5,-6.28,6.06
-1.69,-7.53,5.5
-1.69,-7.53,5.5
-1.88,-7.8,5.32
-1.45,-7.44,4.54
-1.45,-7.44,4.54
-1.45,-7.44,4.54
-0.7,-6.05,4.98
-0.7,-6.05,4.98
-0.7,-6.05,4.98
-1.76,-7.24,5.36
-1.76,-7.24,5.36
-1.76,-7.24,5.36
-1.94,-6.98,5.15
-1.94,-6.98,5.15
-2.14,-5.99,5.07
-1.36,-5.47,6.21
-1.36,-5.47,6.21
-1.36,-5.47,6.21
-0.72,-8.8,8.35
-0.72,-8.8,8.35
-0.72,-8.8,8.35
-0.2,-7.84,9.46
-0.2,-7.84,9.46
-0.2,-7.84,9.46
-0.03,-7.71,8.37
-0.03,-7.71,8.37
-0.49,-7.29,7.68
-0.44,-7.36,6.88
-0.44,-7.36,6.88
-0.44,-7.36,6.88
-1.72,-8.12,6.37
-1.72,-8.12,6.37
-1.72,-8.12,6.37
-2.93,-7.92,6.59
-2.93,-7.92,6.59
-2.93,-7.92,6.59
-4.62,-4.68,7.13
-4.62,-4.68,7.13
-4.62,-4.68,7.13
-3.17,-5.07,7.85
-3.17,-5.07,7.85
-3.17,-5.07,7.85
-2.19,-4.2,7.97
-2.19,-4.2,7.97
-2.19,-4.2,7.97
-2.12,-5.01,7.56
-2.12,-5.01,7.56
-2.2,-5.11,6.84
-1.03,-5.86,7.28
-1.03,-5.86,7.28
-1.03,-5.86,7.28
0.66,-8.15,8.91
0.66,-8.15,8.91
0.66,-8.15,8.91
-1.12,-7.4,7.73
-1.12,-7.4,7.73
-1.12,-7.4,7.73
-1.47,-7.7,8.18
-1.47,-7.7,8.18
-1.38,-6.35,8.3
-1.14,-5.04,7.97
-1.14,-5.04,7.97
-1.14,-5.04,7.97
-0.4,-5.27,8.28
-0.4,-5.27,8.28
-0.4,-5.27,8.28
-0.96,-6.8,8.14
-0.96,-6.8,8.14
-0.96,-6.8,8.14
-2.17,-5.72,7.0
-2.17,-5.72,7.0
-2.17,-5.72,7.0
-2.11,-6.6,8.27
-2.11,-6.6,8.27
-2.11,-6.6,8.27
-2.17,-5.33,7.97
-2.17,-5.33,7.97
-2.17,-5.33,7.97
-2.0,-5.55,7.49
-2.0,-5.55,7.49
-2.0,-5.55,7.49
-1.78,-5.59,7.37
-1.64,-5.8,7.33
-1.64,-5.8,7.33
-1.52,-5.98,7.29
-1.52,-5.98,7.29
-1.52,-5.98,7.29
-1.83,-6.98,7.58
-1.83,-6.98,7.58
-1.83,-6.98,7.58
-2.11,-6.65,7.21
-2.11,-6.65,7.21
-2.11,-6.65,7.21
-1.69,-5.62,7.39
-1.69,-5.62,7.39
-1.49,-5.49,7.43
-1.76,-5.88,7.2
-1.76,-5.88,7.2
-1.76,-5.88,7.2
-2.0,-6.0,7.08
-2.0,-6.0,7.08
-2.0,-6.0,7.08
-2.45,-6.22,7.6
-2.45,-6.22,7.6
-2.45,-6.22,7.6
-2.59,-7.29,7.98
-2.59,-7.29,7.98
-2.59,-7.29,7.98
-1.57,-5.1,7.67
-1.57,-5.1,7.67
-1.57,-5.1,7.67
-0.65,-6.61,9.18
-0.65,-6.61,9.18
-0.65,-6.61,9.18
-0.14,-6.48,8.07
-0.14,-6.48,8.07
-0.14,-6.48,8.07
-1.03,-6.23,6.68
-1.16,-6.76,6.96
-1.16,-6.76,6.96
-0.48,-7.77,7.59
-0.48,-7.77,7.59
-0.48,-7.77,7.59
-0.89,-6.86,7.86
-0.89,-6.86,7.86
-0.89,-6.86,7.86
-1.11,-6.94,6.77
-1.11,-6.94,6.77
-1.11,-6.94,6.77
-0.56,-7.14,6.4
-0.56,-7.14,6.4
-0.51,-7.02,5.87
-0.64,-6.59,5.74
-0.64,-6.59,5.74
-0.64,-6.59,5.74
-0.68,-7.67,6.33
-0.68,-7.67,6.33
-0.58,-7.62,5.99
-0.58,-7.62,5.99
-0.58,-7.62,5.99
-0.72,-7.65,5.85
-0.72,-7.65,5.85
-0.72,-7.65,5.85
-0.23,-8.42,5.88
-0.23,-8.42,5.88
-0.23,-8.42,5.88
-0.82,-7.42,6.39
-0.82,-7.42,6.39
-0.82,-7.42,6.39
-1.0,-7.05,6.2
-1.0,-7.05,6.2
-1.0,-7.05,6.2
-0.38,-7.6,6.61
-0.38,-7.6,6.61
-0.38,-7.6,6.61
-1.48,-8.24,5.82
-1.48,-8.24,5.82
-1.48,-8.24,5.82
0.22,-7.78,6.72
0.22,-7.78,6.72
0.22,-7.78,6.72
-1.36,-6.6,5.48
-1.36,-6.6,5.48
-1.36,-6.6,5.48
-0.33,-8.09,6.0
-0.33,-8.09,6.0
-0.91,-8.05,5.94
-1.21,-8.03,6.15
-1.21,-8.03,6.15
-1.21,-8.03,6.15
-0.59,-7.22,6.12
-0.59,-7.22,6.12
-0.59,-7.22,6.12
-0.37,-6.82,6.31
-0.37,-6.82,6.31
-0.37,-6.82,6.31
-0.87,-7.39,6.69
-0.87,-7.39,6.69
-0.83,-7.66,6.89
-1.33,-6.86,6.17
-1.33,-6.86,6.17
-1.33,-6.86,6.17
-0.91,-8.39,6.26
-0.91,-8.39,6.26
-0.91,-8.39,6.26
-0.34,-7.65,6.35
-0.34,-7.65,6.35
-0.34,-7.65,6.35
-0.84,-7.05,6.59
-0.84,-7.05,6.59
-0.84,-7.07,6.5
-0.96,-6.63,6.26
-0.96,-6.63,6.26
-0.96,-6.63,6.26
-0.89,-7.58,6.84
-0.89,-7.58,6.84
-0.89,-7.58,6.84
-0.79,-7.21,6.97
-0.79,-7.21,6.97
-0.79,-7.21,6.97
-1.86,-8.27,7.02
-1.86,-8.27,7.02
-1.86,-8.27,7.02
-1.84,-6.86,6.23
-1.84,-6.86,6.23
-1.84,-6.86,6.23
-2.16,-6.83,6.74
-2.16,-6.83,6.74
-2.16,-6.83,6.74
-3.28,-6.91,6.1
-3.28,-6.91,6.1
-3.28,-6.91,6.1
-1.09,-5.83,6.63
-1.09,-5.83,6.63
-1.25,-4.81,6.69
-1.66,-5.98,7.31
-1.66,-5.98,7.31
-1.66,-5.98,7.31
-1.68,-7.77,7.44
-1.68,-7.77,7.44
-1.68,-7.77,7.44
-0.85,-7.29,7.46
-0.85,-7.29,7.46
-0.37,-7.5,7.9
-0.82,-7.96,7.03
-1.3,-7.32,7.07
-1.3,-7.32,7.07
-0.84,-7.14,7.33
-0.84,-7.14,7.33
-0.84,-7.14,7.33
-1.34,-7.09,6.58
-1.34,-7.09,6.58
-1.34,-7.09,6.58
-0.65,-7.13,6.99
-0.65,-7.13,6.99
-0.65,-7.13,6.99
-1.74,-7.2,7.1
-1.74,-7.2,7.1
-1.74,-7.2,7.1
-1.99,-5.97,6.69
-1.99,-5.97,6.69
-1.99,-5.97,6.69
-2.43,-5.66,6.53
-2.43,-5.66,6.53
-2.43,-5.66,6.53
-1.43,-6.95,7.48
-1.43,-6.95,7.48
-1.24,-6.48,7.39
-1.09,-5.91,7.26
-1.36,-6.38,7.09
-1.36,-6.38,7.09
-1.6,-6.56,6.58
-1.6,-6.56,6.58
-1.6,-6.56,6.58
-1.2,-6.45,6.82
-1.2,-6.45,6.82
-1.2,-6.45,6.82
-1.88,-8.48,7.23
-1.88,-8.48,7.23
-1.88,-8.48,7.23
-0.99,-6.83,7.34
-0.99,-6.83,7.34
-0.99,-6.83,7.34
-2.07,-6.54,6.23
-2.07,-6.54,6.23
-2.07,-6.54,6.23
-1.39,-6.86,6.44
-1.39,-6.86,6.44
-1.39,-6.86,6.44
-0.64,-7.05,5.96
-0.64,-7.05,5.96
-0.64,-7.05,5.96
-0.5,-6.64,7.37
-0.5,-6.64,7.37
-0.5,-6.64,7.37
-1.91,-7.61,7.75
-1.91,-7.61,7.75
-1.91,-7.61,7.75
-1.5,-7.38,7.23
-1.5,-7.38,7.23
-1.5,-7.38,7.23
-2.76,-6.91,6.62
-2.76,-6.91,6.62
-2.76,-6.91,6.62
-3.32,-6.58,6.58
-3.32,-6.58,6.58
-3.32,-6.58,6.58
-2.08,-6.27,6.87
-2.08,-6.27,6.87
-2.08,-6.27,6.87
-0.19,-6.19,6.72
-0.19,-6.19,6.72
-0.19,-6.19,6.72
1.33,-8.12,7.22
1.33,-8.12,7.22
1.33,-8.12,7.22
0.43,-8.34,5.13
0.43,-8.34,5.13
0.43,-8.34,5.13
-1.81,-7.11,5.97
-1.81,-7.11,5.97
-1.81,-7.11,5.97
-1.62,-7.35,6.66
-1.62,-7.35,6.66
-1.62,-7.35,6.66
-0.55,-6.2,6.23
-0.55,-6.2,6.23
-0.94,-6.65,4.29
-0.94,-6.65,4.29
-1.41,-7.63,4.41
-1.32,-7.51,6.19
-1.32,-7.51,6.19
-1.32,-7.51,6.19
-1.12,-6.43,6.96
-1.12,-6.43,6.96
-1.12,-6.43,6.96
-2.28,-6.94,6.64
-2.28,-6.94,6.64
-2.58,-7.19,6.65
-1.79,-6.56,6.59
-1.79,-6.56,6.59
-1.79,-6.56,6.59
-1.41,-8.82,6.47
-1.41,-8.82,6.47
-1.41,-8.82,6.47
-0.81,-7.34,5.92
-0.81,-7.34,5.92
-0.81,-7.34,5.92
-2.02,-6.16,6.71
-2.02,-6.16,6.71
-2.02,-6.16,6.71
-2.34,-6.14,7.36
-2.34,-6.14,7.36
-2.15,-6.31,7.79
-3.39,-5.49,6.36
-3.39,-5.49,6.36
-3.39,-5.49,6.36
-5.45,-6.78,5.15
-5.45,-6.78,5.15
-5.45,-6.78,5.15
-1.9,-8.5,8.88
-1.9,-8.5,8.88
-1.9,-8.5,8.88
-1.04,-5.64,8.65
-1.04,-5.64,8.65
-1.04,-5.64,8.65
-1.98,-6.46,8.17
-1.98,-6.46,8.17
-1.98,-6.46,8.17
-2.55,-5.8,6.26
-2.55,-5.8,6.26
-2.55,-5.8,6.26
-2.52,-6.91,7.7
-2.09,-7.52,7.88
-2.09,-7.52,7.88
-2.85,-6.84,7.16
-2.85,-6.84,7.16
-2.85,-6.84,7.16
-1.81,-5.36,6.13
-1.81,-5.36,6.13
-1.81,-5.36,6.13
-3.95,-7.35,6.91
-3.95,-7.35,6.91
-3.95,-7.35,6.91
-3.65,-8.18,6.78
-3.65,-8.18,6.78
-3.65,-8.18,6.78
-2.08,-7.63,7.24
-2.08,-7.63,7.24
-2.08,-7.63,7.24
-0.65,-6.76,5.96
-0.65,-6.76,5.96
-0.65,-6.76,5.96
-3.83,-8.11,5.89
-3.83,-8.11,5.89
-3.83,-8.11,5.89
-1.55,-7.39,5.72
-1.72,-6.9,5.58
-1.72,-6.9,5.58
-1.21,-7.17,6.0
-1.24,-8.0,6.12
-1.24,-8.0,6.12
-0.92,-7.35,6.28
-0.92,-7.35,6.28
-0.92,-7.35,6.28
-0.6,-6.33,5.99
-0.6,-6.33,5.99
-0.6,-6.33,5.99
-0.16,-6.57,6.59
-0.16,-6.57,6.59
-0.16,-6.57,6.59
-1.97,-7.07,6.1
-1.97,-7.07,6.1
0.29,-8.51,6.95
0.29,-8.51,6.95
0.29,-8.51,6.95
-1.35,-7.84,6.96
-1.35,-7.84,6.96
-1.35,-7.84,6.96
-3.03,-8.77,6.49
-3.03,-8.77,6.49
-3.06,-8.7,6.57
-2.63,-7.98,6.8
-2.99,-7.53,6.47
-2.99,-7.53,6.47
-4.21,-7.48,5.16
-4.21,-7.48,5.16
-4.21,-7.48,5.16
-1.88,-5.98,5.29
-1.88,-5.98,5.29
-1.88,-5.98,5.29
-2.26,-6.74,5.85
-2.26,-6.74,5.85
-2.2,-7.4,5.96
-0.98,-7.46,6.59
-0.98,-7.46,6.59
-0.98,-7.46,6.59
-0.81,-6.99,6.19
-0.81,-6.99,6.19
-0.81,-6.99,6.19
-0.07,-7.19,6.45
-0.07,-7.19,6.45
-0.07,-7.19,6.45
-0.62,-7.17,6.8
-0.62,-7.17,6.8
-0.62,-7.17,6.8
-1.62,-6.94,6.02
-1.62,-6.94,6.02
-1.62,-6.94,6.02
-1.87,-8.05,6.26
-1.87,-8.05,6.26
-1.87,-8.05,6.26
-1.84,-9.3,6.99
-1.84,-9.3,6.99
-1.84,-9.3,6.99
-1.34,-9.64,6.87
-1.34,-9.64,6.87
-1.45,-8.34,6.61
-1.24,-8.38,5.59
-1.24,-8.38,5.59
-1.24,-8.38,5.59
-0.23,-8.45,5.07
-0.23,-8.45,5.07
-0.23,-8.45,5.07
-0.71,-8.27,4.08
-0.71,-8.27,4.08
-0.71,-8.27,4.08
-0.8,-8.64,3.34
-0.8,-8.64,3.34
0.39,-8.53,4.27
1.41,-9.75,6.47
1.41,-9.75,6.47
1.41,-9.75,6.47
1.81,-9.38,6.34
1.81,-9.38,6.34
1.81,-9.38,6.34
1.65,-8.37,5.69
1.65,-8.37,5.69
1.67,-7.32,4.89
2.19,-5.43,5.45
2.19,-5.43,5.45
2.45,-3.95,5.78
4.39,-0.34,7.61
4.39,-0.34,7.61
4.39,-0.34,7.61
0.88,0.37,8.88
0.88,0.37,8.88
0.88,0.37,8.88
-2.83,-4.45,11.04
-2.83,-4.45,11.04
-2.83,-4.45,11.04
-2.27,-3.9,10.06
-0.88,-1.68,9.33
-0.88,-1.68,9.33
-1.37,-1.66,9.89
-1.37,-1.66,9.89
-2.27,-4.95,9.67
-2.27,-4.95,9.67
-2.27,-4.95,9.67
-2.95,-3.99,8.81
-2.95,-3.99,8.81
-2.95,-3.99,8.81
-5.99,-11.38,10.46
-5.99,-11.38,10.46
-6.0,-12.68,10.66
-4.17,-5.61,9.41
-4.17,-5.61,9.41
-4.17,-5.61,9.41
-5.66,-2.2,7.78
-5.66,-2.2,7.78
-5.66,-2.2,7.78
-4.63,-4.08,7.9
-4.63,-4.08,7.9
-4.63,-4.08,7.9
-4.63,-4.51,6.99
-4.63,-4.51,6.99
-4.63,-4.51,6.99
-5.66,0.15,6.5
-5.66,0.15,6.5
-5.66,0.15,6.5
-6.92,-1.13,6.46
-6.92,-1.13,6.46
-6.92,-1.13,6.46
-4.57,-7.12,6.24
-4.57,-7.12,6.24
-4.57,-7.12,6.24
-5.17,-2.25,5.13
-5.17,-2.25,5.13
-5.17,-2.25,5.13
-6.74,-7.24,5.61
-6.74,-7.24,5.61
-6.74,-7.24,5.61
-5.51,-4.92,5.79
-5.51,-4.92,5.79
-5.51,-4.92,5.79
-5.72,-1.0,4.57
-5.72,-1.0,4.57
-6.68,-3.86,4.73
-6.54,-5.69,5.8
-6.54,-5.69,5.8
-5.75,-6.53,6.58
-5.87,-3.08,6.76
-5.87,-3.08,6.76
-5.87,-3.08,6.76
-4.86,-2.78,8.7
-4.86,-2.78,8.7
-4.86,-2.78,8.7
-5.09,-4.86,8.71
-5.09,-4.86,8.71
-5.09,-4.86,8.71
-4.57,-3.62,7.9
-4.57,-3.62,7.9
-3.75,-2.68,7.97
-4.36,-3.06,7.72
-4.36,-3.06,7.72
-4.36,-3.06,7.72
-3.81,-3.31,8.03
-3.81,-3.31,8.03
-3.81,-3.31,8.03
-3.44,-3.9,8.06
-3.44,-3.9,8.06
-3.44,-3.9,8.06
-4.48,-4.43,9.6
-4.48,-4.43,9.6
-4.2,-4.0,9.42
-3.29,-4.77,9.06
-3.29,-4.77,9.06
-3.29,-4.77,9.06
-2.84,-4.16,8.83
-2.84,-4.16,8.83
-2.84,-4.16,8.83
-2.49,-3.27,8.62
-2.49,-3.27,8.62
-2.74,-2.44,8.33
-2.82,-2.73,9.36
-2.82,-2.73,9.36
-2.82,-2.73,9.36
-2.9,-3.2,9.8
-2.9,-3.2,9.8
-2.9,-3.2,9.8
-2.55,-3.34,8.56
-2.55,-3.34,8.56
-2.55,-3.34,8.56
-2.61,-2.46,8.72
-2.61,-2.46,8.72
-2.61,-2.46,8.72
-2.99,-2.67,9.69
-2.99,-2.67,9.69
-3.37,-3.87,10.0
-4.36,-4.6,9.05
-4.36,-4.6,9.05
-4.36,-4.6,9.05
-3.65,-6.22,8.56
-3.65,-6.22,8.56
-3.06,-6.99,7.13
-3.06,-6.99,7.13
-3.06,-6.99,7.13
-4.09,-5.66,8.18
-4.09,-5.66,8.18
-4.09,-5.66,8.18
-4.62,-4.04,7.68
-4.62,-4.04,7.68
-4.62,-4.04,7.68
-4.69,-4.61,7.31
-4.69,-4.61,7.31
-4.69,-4.61,7.31
-4.74,-4.98,5.76
-4.74,-4.98,5.76
-4.74,-4.98,5.76
-4.75,-5.99,4.92
-4.75,-5.99,4.92
-4.75,-5.99,4.92
-5.42,-7.5,4.3
-4.66,-5.28,3.36
-4.66,-5.28,3.36
-4.66,-5.28,3.36
-4.3,-5.6,3.76
-4.3,-5.6,3.76
-4.3,-5.6,3.76
-5.1,-5.08,4.3
-5.07,-6.41,5.11
-5.07,-6.41,5.11
-6.01,-5.83,6.58
-6.01,-5.83,6.58
-6.01,-5.83,6.58
-5.08,-5.65,6.48
-5.08,-5.65,6.48
-5.08,-5.65,6.48
-4.35,-5.3,6.83
-3.87,-5.02,7.03
-3.87,-5.02,7.03
-3.44,-3.76,6.67
-3.44,-3.76,6.67
-3.44,-3.76,6.67
-3.71,-3.72,6.86
-3.71,-3.72,6.86
-3.71,-3.72,6.86
-5.48,-4.39,7.64
-5.48,-4.39,7.64
-5.48,-4.39,7.64
-6.36,-4.71,7.89
-6.36,-4.71,7.89
-6.75,-6.05,8.27
-6.43,-7.59,8.5
-5.33,-7.97,8.34
-5.33,-7.97,8.34
-3.23,-7.05,6.8
-3.23,-7.05,6.8
-3.23,-7.05,6.8
-2.51,-3.24,3.79
-2.51,-3.24,3.79
-2.51,-3.24,3.79
-4.79,-4.02,2.73
-4.79,-4.02,2.73
-5.44,-6.17,3.64
-5.46,-7.03,5.21
-5.46,-7.03,5.21
-5.46,-7.03,5.21
-5.48,-4.71,5.93
-5.48,-4.71,5.93
-5.48,-4.71,5.93
-5.73,-5.16,6.08
-5.73,-5.16,6.08
-6.24,-5.67,6.41
-6.15,-5.31,7.52
-6.15,-5.31,7.52
-6.78,-6.44,7.85
-6.78,-6.44,7.85
-6.78,-6.44,7.85
-6.66,-7.28,6.71
-6.66,-7.28,6.71
-6.66,-7.28,6.71
-7.15,-5.11,4.99
-7.15,-5.11,4.99
-7.15,-5.11,4.99
-6.14,-7.29,5.41
-6.14,-7.29,5.41
-6.14,-7.29,5.41
-5.44,-9.35,6.02
-5.44,-9.35,6.02
-5.44,-9.35,6.02
-3.77,-3.89,3.01
-3.77,-3.89,3.01
-3.77,-3.89,3.01
-3.41,-5.04,4.52
-3.41,-5.04,4.52
-3.41,-5.04,4.52
-3.19,-7.55,5.87
-3.19,-7.55,5.87
-3.19,-7.55,5.87
-2.77,-7.42,6.36
-2.77,-7.42,6.36
-2.77,-7.42,6.36
-1.13,-6.9,5.07
-1.13,-6.9,5.07
-1.13,-6.9,5.07
-0.29,-5.83,3.81
-0.29,-5.83,3.81
-0.29,-5.83,3.81
-0.98,-3.61,3.06
-0.98,-3.61,3.06
-2.15,-4.26,3.73
-3.98,-8.71,5.68
-3.98,-8.71,5.68
-3.41,-5.53,4.44
-3.41,-5.53,4.44
-3.41,-5.53,4.44
-4.87,-8.39,5.53
-4.87,-8.39,5.53
-4.87,-8.39,5.53
-3.58,-10.15,6.16
-3.58,-10.15,6.16
-3.58,-10.15,6.16
-3.76,-9.83,4.96
-3.76,-9.83,4.96
-3.76,-9.83,4.96
-3.45,-8.94,5.07
-3.45,-8.94,5.07
-3.45,-8.94,5.07
-2.22,-9.12,3.09
-2.22,-9.12,3.09
-2.22,-9.12,3.09
-1.02,-8.41,1.65
-1.02,-8.41,1.65
-1.02,-8.41,1.65
0.27,-9.73,2.53
0.27,-9.73,2.53
0.27,-9.73,2.53
-0.03,-8.6,1.48
-0.03,-8.6,1.48
-0.03,-8.6,1.48
1.28,-8.95,2.17
1.28,-8.95,2.17
1.28,-8.95,2.17
0.26,-9.34,2.37
0.26,-9.34,2.37
-0.15,-9.53,2.22
-0.9,-8.63,2.34
-0.9,-8.63,2.34
-0.9,-8.63,2.34
-1.94,-8.79,2.22
-1.94,-8.79,2.22
-1.94,-8.79,2.22
-3.03,-9.82,2.16
-3.03,-9.82,2.16
-3.03,-9.82,2.16
-2.83,-10.26,2.65
-2.83,-10.26,2.65
-2.84,-10.01,2.47
-2.01,-9.84,1.98
-2.01,-9.84,1.98
-2.01,-9.84,1.98
-0.8,-8.6,1.55
-0.8,-8.6,1.55
-0.8,-8.6,1.55
-1.54,-9.48,2.06
-1.54,-9.48,2.06
-1.54,-9.48,2.06
0.18,-9.76,3.2
0.18,-9.76,3.2
-0.01,-9.5,2.87
-0.62,-8.69,2.95
-0.62,-8.69,2.95
-0.62,-8.69,2.95
-0.02,-8.77,3.74
-0.02,-8.77,3.74
-0.02,-8.77,3.74
-0.63,-8.38,2.67
-0.63,-8.38,2.67
-0.63,-8.38,2.67
-1.04,-8.07,1.82
-1.04,-8.07,1.82
-1.09,-8.61,1.76
-2.01,-9.11,1.79
-2.01,-9.11,1.79
-2.01,-9.11,1.79
-2.77,-9.31,1.13
-2.77,-9.31,1.13
-3.04,-9.39,1.5
-3.04,-9.39,1.5
-3.04,-9.39,1.5
-2.52,-9.28,1.17
-2.52,-9.28,1.17
-2.37,-9.88,1.16
-1.57,-9.65,0.99
-1.57,-9.65,0.99
-1.57,-9.65,0.99
-1.43,-9.94,1.49
-1.43,-9.94,1.49
-1.43,-9.94,1.49
-1.18,-10.09,1.96
-1.18,-10.09,1.96
-1.18,-10.09,1.96
-1.36,-9.25,1.88
-1.36,-9.25,1.88
-1.36,-9.25,1.88
-1.47,-9.45,1.72
-1.47,-9.45,1.72
-1.47,-9.45,1.72
-1.54,-8.86,1.04
-1.54,-8.86,1.04
-1.54,-8.86,1.04
-1.88,-9.24,0.24
-1.88,-9.24,0.24
-1.88,-9.24,0.24
-0.73,-11.87,0.14
-0.73,-11.87,0.14
-0.53,-12.55,0.05
-0.4,-13.35,0.02
-0.4,-13.35,0.02
-0.4,-13.35,0.02
-1.59,-13.67,0.47
-1.59,-13.67,0.47
-1.59,-13.67,0.47
-2.19,-13.17,0.81
-2.19,-13.17,0.81
-2.42,-12.58,0.37
-2.27,-12.05,-0.0
-2.27,-12.05,-0.0
-1.9,-10.56,-0.37
-0.2,-11.19,0.57
-0.2,-11.19,0.57
-0.2,-11.19,0.57
0.41,-11.24,-0.03
0.41,-11.24,-0.03
0.41,-11.24,-0.03
0.51,-9.7,-0.4
0.51,-9.7,-0.4
-0.2,-8.85,-0.89
0.3,-9.04,-0.47
0.68,-9.04,-1.26
0.68,-9.04,-1.26
1.95,-7.33,-2.67
1.95,-7.33,-2.67
1.95,-7.33,-2.67
2.32,-7.53,-2.27
2.32,-7.53,-2.27
2.32,-7.53,-2.27
2.67,-7.44,-3.04
2.67,-7.44,-3.04
3.29,-7.02,-3.06
3.37,-6.76,-3.11
3.37,-6.76,-3.11
3.37,-6.76,-3.11
3.31,-5.07,-3.35
3.31,-5.07,-3.35
3.31,-5.07,-3.35
2.98,-3.74,-3.63
2.98,-3.74,-3.63
2.98,-3.74,-3.63
3.58,-2.51,-2.92
3.58,-2.51,-2.92
2.64,-3.97,-3.74
4.28,-3.97,-2.56
4.28,-3.97,-2.56
4.28,-3.97,-2.56
5.71,-4.01,-2.77
5.71,-4.01,-2.77
5.71,-4.01,-2.77
4.86,-3.92,-2.02
4.86,-3.92,-2.02
4.86,-3.92,-2.02
4.88,-5.91,-1.13
4.88,-5.91,-1.13
4.88,-5.91,-1.13
3.62,-4.61,-0.71
3.62,-4.61,-0.71
3.62,-4.61,-0.71
2.75,-6.25,-0.1
2.75,-6.25,-0.1
2.75,-6.25,-0.1
3.46,-5.2,0.32
3.46,-5.2,0.32
3.46,-5.2,0.32
3.54,-5.71,0.54
3.49,-6.07,0.96
3.49,-6.07,0.96
2.6,-6.0,1.13
2.6,-6.0,1.13
2.6,-6.0,1.13
-1.96,-10.95,13.03
-1.96,-10.95,13.03
-1.96,-10.95,13.03
0.67,-11.58,4.84
0.67,-11.58,4.84
0.67,-11.58,4.84
0.85,-9.3,4.88
0.52,-11.46,4.98
0.52,-11.46,4.98
-0.42,-11.51,5.56
-0.42,-11.51,5.56
-0.42,-11.51,5.56
-1.36,-12.97,5.66
-1.36,-12.97,5.66
-1.36,-12.97,5.66
-1.56,-11.28,6.05
-1.56,-11.28,6.05
-1.56,-11.28,6.05
-1.59,-10.08,6.64
-1.59,-10.08,6.64
-2.21,-10.43,6.42
-2.9,-9.59,6.65
-2.9,-9.59,6.65
-2.9,-9.59,6.65
-3.1,-8.73,6.32
-3.1,-8.73,6.32
-3.1,-8.73,6.32
-3.36,-9.21,6.92
-3.36,-9.21,6.92
-3.66,-8.45,6.93
-3.66,-8.45,6.93
-3.66,-8.45,6.93
-4.42,-7.48,6.51
-3.77,-7.52,6.79
-3.87,-7.49,6.69
-3.87,-7.49,6.69
-3.87,-7.49,6.69
-3.76,-6.57,6.3
-3.76,-6.57,6.3
-3.76,-6.57,6.3
-4.15,-6.9,6.17
-4.15,-6.9,6.17
-4.15,-6.9,6.17
-4.07,-6.31,6.23
-4.07,-6.31,6.23
-4.07,-6.31,6.23
-3.73,-6.99,6.42
-3.73,-6.99,6.42
-3.73,-6.99,6.42
-3.71,-6.68,6.06
-3.71,-6.68,6.06
-3.71,-6.68,6.06
-3.06,-6.74,6.47
-3.06,-6.74,6.47
-3.04,-6.85,6.21
-3.9,-6.65,6.09
-3.9,-6.65,6.09
-3.9,-6.65,6.09
-3.76,-7.36,6.45
-3.76,-7.36,6.45
-3.76,-7.36,6.45
-4.31,-6.73,6.09
-4.31,-6.73,6.09
-4.31,-6.73,6.09
-4.31,-6.84,6.05
-4.31,-6.84,6.05
-4.32,-6.35,5.71
-4.22,-5.54,5.54
-4.04,-5.65,5.6
-4.04,-5.65,5.6
-4.05,-6.47,5.86
-4.05,-6.47,5.86
-4.05,-6.47,5.86
-3.77,-6.76,6.06
-3.77,-6.76,6.06
-3.77,-6.76,6.06
-3.72,-6.59,6.05
-3.72,-6.59,6.05
-3.46,-6.78,6.07
-3.25,-6.94,5.82
-3.25,-6.94,5.82
-3.25,-6.94,5.82
-3.18,-6.24,5.61
-3.18,-6.24,5.61
-3.18,-6.24,5.61
-3.27,-6.62,5.81
-3.27,-6.62,5.81
-3.27,-6.62,5.81
-2.69,-7.28,6.49
-2.69,-7.28,6.49
-2.69,-7.28,6.49
-2.72,-5.99,5.19
-2.72,-5.99,5.19
-2.72,-5.99,5.19
-2.86,-6.34,5.3
-2.86,-6.34,5.3
-2.86,-6.34,5.3
-4.4,-6.23,4.7
-4.4,-6.23,4.7
-4.4,-6.23,4.7
-5.11,-6.8,5.72
-5.11,-6.8,5.72
-5.77,-7.48,5.52
-5.77,-7.48,5.52
-5.77,-7.48,5.52
-4.43,-6.92,6.24
-4.43,-6.92,6.24
-4.43,-6.92,6.24
-5.88,-4.67,5.16
-5.88,-4.67,5.16
-5.88,-4.67,5.16
-5.93,-6.27,5.8
-5.93,-6.27,5.8
-6.06,-6.16,5.8
-6.0,-5.55,5.69
-6.0,-5.55,5.69
-6.0,-5.55,5.69
-5.63,-5.38,5.3
-5.63,-5.38,5.3
-5.63,-5.38,5.3
-4.53,-5.97,5.29
-4.53,-5.97,5.29
-4.36,-5.21,5.12
-4.46,-5.88,5.11
-4.46,-5.88,5.11
-5.24,-6.22,5.14
-3.62,-6.66,6.52
-3.62,-6.66,6.52
-3.62,-6.66,6.52
-5.43,-5.26,5.31
-5.43,-5.26,5.31
-5.43,-5.26,5.31
-6.13,-5.69,5.27
-6.13,-5.69,5.27
-6.13,-5.69,5.27
-5.03,-5.99,5.66
-5.03,-5.99,5.66
-5.03,-5.99,5.66
-4.88,-5.66,5.97
-4.88,-5.66,5.97
-4.88,-5.66,5.97
-5.15,-5.57,5.46
-5.15,-5.57,5.46
-5.15,-5.57,5.46
-5.46,-5.96,5.66
-5.46,-5.96,5.66
-5.46,-5.96,5.66
-5.09,-5.93,5.69
-5.2,-5.6,5.64
-5.2,-5.6,5.64
-5.23,-5.44,5.46
-5.23,-5.44,5.46
-5.23,-5.44,5.46
-5.29,-5.67,5.55
-5.29,-5.67,5.55
-5.29,-5.67,5.55
-5.19,-5.68,5.67
-5.19,-5.68,5.67
-5.19,-5.68,5.67
-5.28,-5.68,5.65
-5.39,-5.68,5.61
-5.39,-5.68,5.61
-5.32,-5.69,5.6
-5.32,-5.69,5.6
-5.32,-5.69,5.6
-5.23,-5.78,5.68
-5.23,-5.78,5.68
-5.23,-5.78,5.68
-5.28,-5.36,5.46
-5.28,-5.36,5.46
-5.28,-5.36,5.46
-5.27,-5.49,5.44
-5.27,-5.49,5.44
-5.27,-5.49,5.44
-5.4,-5.95,5.72
-5.4,-5.95,5.72
-5.4,-5.95,5.72
-5.33,-5.55,5.26
-5.33,-5.55,5.26
-5.33,-5.55,5.26
-5.4,-5.81,5.62
-5.4,-5.81,5.62
-5.3,-5.67,5.53
-5.3,-5.67,5.53
-5.3,-5.67,5.53
-5.27,-5.82,5.66
-5.27,-5.82,5.66
-5.27,-5.82,5.66
-5.4,-5.66,5.55
-5.4,-5.66,5.55
-5.4,-5.66,5.55
-5.0,-5.26,5.48
-5.0,-5.26,5.48
-5.0,-5.26,5.48
-5.05,-5.45,5.69
-5.05,-5.45,5.69
-5.05,-5.45,5.69
-5.37,-5.74,5.63
-5.37,-5.74,5.63
-5.37,-5.74,5.63
-5.39,-5.77,5.53
-5.39,-5.77,5.53
-5.3,-5.7,5.35
-5.36,-5.64,5.49
-5.36,-5.64,5.49
-5.26,-5.77,5.65
-5.26,-5.77,5.65
-5.26,-5.77,5.65
-5.27,-5.48,5.49
-5.27,-5.48,5.49
-5.27,-5.48,5.49
-5.23,-5.79,5.69
-5.23,-5.79,5.69
-5.23,-5.79,5.69
-5.41,-5.63,5.64
-5.41,-5.63,5.64
-5.41,-5.63,5.64
-5.14,-5.48,5.74
-5.14,-5.48,5.74
-5.14,-5.48,5.74
-5.39,-5.46,5.65
-5.39,-5.46,5.65
-5.39,-5.46,5.65
-5.27,-5.78,5.69
-5.27,-5.78,5.69
-5.27,-5.78,5.69
-5.25,-5.65,5.65
-5.25,-5.65,5.65
-5.31,-5.65,5.68
-5.32,-5.53,5.65
-5.32,-5.53,5.65
-5.32,-5.53,5.65
-5.26,-5.57,5.91
-5.26,-5.57,5.91
-5.26,-5.57,5.91
-5.6,-5.01,5.44
-5.6,-5.01,5.44
-5.6,-5.01,5.44
-5.47,-5.47,5.77
-5.32,-5.5,5.85
-5.32,-5.5,5.85
-5.78,-5.89,5.64
-5.78,-5.89,5.64
-5.78,-5.89,5.64
-5.99,-6.09,5.63
-5.99,-6.09,5.63
-5.99,-6.09,5.63
-6.06,-5.07,5.91
-6.06,-5.07,5.91
-6.06,-5.07,5.91
-7.38,-7.63,5.5
-7.38,-7.63,5.5
-7.38,-7.63,5.5
-3.87,-3.66,5.27
-3.87,-3.66,5.27
-3.87,-3.66,5.27
-3.69,-6.14,6.71
-3.69,-6.14,6.71
-3.69,-6.14,6.71
-3.31,-7.25,6.74
-3.31,-7.25,6.74
-3.31,-7.25,6.74
-3.47,-6.42,6.73
-3.47,-6.42,6.73
-3.47,-6.42,6.73
-3.79,-5.71,7.71
-3.79,-5.71,7.71
-3.79,-5.71,7.71
-3.25,-5.73,7.42
-3.25,-5.73,7.42
-3.25,-5.73,7.42
-3.26,-6.31,7.1
-3.26,-6.31,7.1
-3.26,-6.31,7.1
-3.74,-5.69,6.48
-3.74,-5.69,6.48
-3.77,-5.72,6.18
-2.62,-6.31,6.29
-2.62,-6.31,6.29
-2.62,-6.31,6.29
-1.52,-5.64,6.41
-1.52,-5.64,6.41
-1.52,-5.64,6.41
-0.82,-6.46,6.73
-0.82,-6.46,6.73
-0.82,-6.46,6.73
-1.7,-5.92,6.49
-2.07,-5.53,6.68
-2.07,-5.53,6.68
-2.17,-5.63,6.91
-2.04,-6.04,7.01
-2.04,-6.04,7.01
-2.22,-6.46,7.28
-2.22,-6.46,7.28
-2.22,-6.46,7.28
-1.9,-6.33,6.99
-1.9,-6.33,6.99
-1.9,-6.33,6.99
-2.87,-6.58,6.84
-2.87,-6.58,6.84
-3.63,-6.72,7.18
-3.7,-6.5,7.41
-3.82,-6.29,7.29
-3.82,-6.29,7.29
-4.27,-6.98,6.69
-4.27,-6.98,6.69
-4.27,-6.98,6.69
-3.48,-6.4,6.44
-3.48,-6.4,6.44
-3.48,-6.4,6.44
-3.31,-6.85,6.11
-3.31,-6.85,6.11
-3.31,-6.85,6.11
-3.11,-6.57,5.25
-3.11,-6.57,5.25
-3.11,-6.57,5.25
-2.74,-5.91,5.72
-2.74,-5.91,5.72
-2.74,-5.91,5.72
-2.04,-6.91,6.8
-2.04,-6.91,6.8
-2.04,-6.91,6.8
-1.24,-6.52,6.65
-1.24,-6.52,6.65
-1.68,-5.97,6.58
-2.35,-6.49,7.16
-2.35,-6.49,7.16
-2.35,-6.49,7.16
-2.57,-6.91,7.14
-2.57,-6.91,7.14
-2.57,-6.91,7.14
-2.94,-6.74,6.67
-2.94,-6.74,6.67
-2.94,-6.74,6.67
-3.12,-6.33,6.56
-3.12,-6.33,6.56
-3.12,-6.33,6.56
-2.9,-6.46,6.39
-2.9,-6.46,6.39
-2.9,-6.46,6.39
-2.84,-5.76,6.64
-2.84,-5.76,6.64
-2.84,-5.76,6.64
-2.64,-6.34,7.46
-2.64,-6.34,7.46
-2.64,-6.41,7.69
-2.49,-6.26,7.74
-2.49,-6.26,7.74
-2.35,-6.22,7.7
-2.74,-5.89,7.54
-2.74,-5.89,7.54
-2.74,-5.89,7.54
-2.54,-5.5,7.33
-2.54,-5.5,7.33
-2.54,-5.5,7.33
-2.62,-5.89,7.75
-2.62,-5.89,7.75
-2.62,-5.89,7.75
-2.88,-5.72,7.17
-2.88,-5.72,7.17
-3.23,-6.01,7.22
-3.66,-6.66,7.76
-3.66,-6.66,7.76
-3.66,-6.66,7.76
-3.38,-6.01,7.24
-3.38,-6.01,7.24
-3.38,-6.01,7.24
-2.35,-6.14,7.04
-2.35,-6.14,7.04
-2.1,-6.36,7.0
-2.25,-6.66,6.81
-2.26,-6.67,6.69
-2.44,-5.9,6.21
-2.44,-5.9,6.21
-2.44,-5.9,6.21
-2.81,-5.17,5.88
-2.81,-5.17,5.88
-2.81,-5.17,5.88
-2.95,-5.14,6.22
-2.95,-5.14,6.22
-3.25,-5.91,7.06
-3.67,-6.68,7.77
-3.71,-6.7,7.97
-3.71,-6.7,7.97
-3.47,-5.48,7.27
-3.47,-5.48,7.27
-3.47,-5.48,7.27
-3.38,-6.05,6.96
-3.38,-6.05,6.96
-3.38,-6.05,6.96
-3.15,-6.13,6.62
-3.15,-6.13,6.62
-3.15,-6.13,6.62
-2.79,-5.7,6.29
-2.79,-5.7,6.29
-2.79,-5.7,6.29
-2.43,-5.73,6.62
-2.43,-5.73,6.62
-2.43,-5.73,6.62
-2.34,-5.89,7.29
-2.34,-5.89,7.29
-2.34,-5.89,7.29
-2.39,-6.55,7.36
-2.39,-6.55,7.36
-2.78,-7.03,7.36
-3.39,-6.47,7.09
-3.39,-6.47,7.09
-3.39,-6.47,7.09
-3.06,-5.7,6.88
-3.06,-5.7,6.88
-3.06,-5.7,6.88
-2.09,-6.64,7.83
-2.09,-6.64,7.83
-2.09,-6.64,7.83
-2.42,-5.86,7.39
-2.42,-5.86,7.39
-2.42,-5.86,7.39
-2.92,-6.06,7.01
-2.92,-6.06,7.01
-2.92,-6.06,7.01
-2.81,-6.13,7.21
-2.81,-6.13,7.21
-2.81,-6.13,7.21
-2.61,-6.38,7.51
-2.61,-6.38,7.51
-2.61,-6.38,7.51
-2.6,-6.57,7.69
-2.6,-6.57,7.69
-2.6,-6.57,7.69
-2.84,-6.44,7.44
-2.84,-6.44,7.44
-2.85,-6.5,7.41
-2.83,-6.56,7.59
-2.83,-6.56,7.59
-2.83,-6.56,7.59
-2.48,-6.14,7.66
-2.48,-6.14,7.66
-2.48,-6.14,7.66
-2.56,-6.05,7.28
-2.56,-6.05,7.28
-2.56,-6.05,7.28
-2.46,-5.73,6.47
-2.46,-5.73,6.47
-2.79,-5.66,6.04
-3.25,-5.99,5.99
-3.25,-5.99,5.99
-3.25,-5.99,5.99
-3.74,-6.72,6.83
-3.74,-6.72,6.83
-3.74,-6.72,6.83
-3.48,-5.19,7.04
-3.4,-4.53,6.85
-3.22,-5.16,7.08
-2.99,-6.13,7.41
-2.99,-6.13,7.41
-3.22,-5.81,6.91
-3.22,-5.81,6.91
-3.22,-5.81,6.91
-3.72,-5.47,6.51
-3.72,-5.47,6.51
-3.72,-5.47,6.51
-3.51,-6.05,7.08
-3.51,-6.05,7.08
-3.51,-6.05,7.08
-3.51,-5.87,7.36
-3.51,-5.87,7.36
-3.47,-6.01,7.35
-3.06,-6.19,7.04
-3.06,-6.19,7.04
-3.06,-6.19,7.04
-2.75,-6.67,7.17
-2.75,-6.67,7.17
-2.75,-6.67,7.17
-2.54,-6.5,7.17
-2.54,-6.5,7.17
-2.54,-6.5,7.17
-2.6,-6.22,7.19
-2.6,-6.22,7.19
-2.69,-6.47,7.24
-2.98,-6.07,7.38
-2.98,-6.07,7.38
-2.98,-6.07,7.38
-3.25,-5.92,6.98
-3.25,-5.92,6.98
-3.25,-5.92,6.98
-3.29,-5.45,6.44
-3.29,-5.45,6.44
-3.29,-5.45,6.44
-3.2,-6.4,7.46
-3.2,-6.4,7.46
-3.2,-6.4,7.46
-3.3,-6.55,7.26
-3.3,-6.55,7.26
-3.3,-6.55,7.26
-3.3,-6.31,6.8
-3.3,-6.31,6.8
-3.3,-6.31,6.8
-3.12,-6.19,6.78
-3.12,-6.19,6.78
-3.12,-6.19,6.78
-3.43,-6.29,6.73
-3.25,-5.93,6.59
-3.25,-5.93,6.59
-3.41,-5.49,6.22
-3.41,-5.49,6.22
-3.41,-5.49,6.22
-3.51,-6.22,6.63
-3.51,-6.22,6.63
-3.51,-6.22,6.63
-3.77,-6.49,6.94
-3.77,-6.49,6.94
-3.77,-6.49,6.94
-3.72,-5.71,6.74
-3.75,-5.67,6.78
-3.75,-5.67,6.78
-3.29,-5.66,6.72
-3.29,-5.66,6.72
-3.29,-5.66,6.72
-3.47,-5.85,6.95
-3.47,-5.85,6.95
-3.47,-5.85,6.95
-3.36,-6.7,7.36
-3.36,-6.7,7.36
-3.36,-6.7,7.36
-3.53,-6.36,6.97
-3.6,-6.13,6.8
-3.6,-6.13,6.8
-3.51,-5.93,6.73
-3.51,-5.93,6.73
-3.51,-5.93,6.73
-3.18,-6.79,7.07
-3.18,-6.79,7.07
-3.18,-6.79,7.07
-3.07,-6.87,6.93
-3.07,-6.87,6.93
-3.0,-6.91,6.98
-3.04,-6.67,7.48
-3.04,-6.67,7.48
-3.04,-6.67,7.48
-2.61,-7.1,8.02
-2.61,-7.1,8.02
-2.19,-6.72,7.4
-2.19,-6.72,7.4
-2.19,-6.72,7.4
-2.12,-6.57,7.05
-2.12,-6.57,7.05
-2.12,-7.08,7.02
-2.34,-7.08,6.96
-2.6,-6.75,6.77
-2.6,-6.75,6.77
-2.83,-6.57,7.02
-2.83,-6.57,7.02
-2.83,-6.57,7.02
-2.72,-6.31,6.52
-2.72,-6.31,6.52
-2.72,-6.31,6.52
-2.29,-6.18,6.53
-2.02,-7.13,6.94
-1.34,-7.38,6.46
-1.34,-7.38,6.46
-1.34,-7.38,6.46
-1.74,-7.11,6.44
-1.74,-7.11,6.44
-1.74,-7.11,6.44
-2.09,-7.5,6.01
-2.09,-7.5,6.01
-1.76,-7.83,5.92
-1.67,-8.0,5.98
-1.67,-8.0,5.98
-1.89,-7.69,5.67
-1.56,-7.95,6.3
-1.56,-7.95,6.3
-1.56,-7.95,6.3
-0.51,-8.91,5.99
-0.51,-8.91,5.99
-0.51,-8.91,5.99
-0.81,-8.45,6.06
-0.81,-8.45,6.06
-0.81,-8.45,6.06
-1.21,-8.26,5.38
-1.37,-8.04,5.28
-1.37,-8.04,5.28
-1.31,-8.63,5.52
-1.31,-8.63,5.52
-1.31,-8.63,5.52
-0.93,-8.74,5.76
-0.93,-8.74,5.76
-0.93,-8.74,5.76
-1.19,-8.53,5.22
-1.19,-8.53,5.22
-1.19,-8.53,5.22
-0.61,-10.42,4.2
-0.61,-10.42,4.2
-0.61,-10.42,4.2
-0.65,-8.58,3.79
-0.65,-8.58,3.79
-0.65,-8.58,3.79
-1.48,-9.08,3.4
-1.48,-9.08,3.4
-1.48,-9.08,3.4
-1.54,-9.5,3.0
-1.54,-9.5,3.0
-1.54,-9.5,3.0
-1.0,-11.9,2.64
-1.0,-11.9,2.64
-1.0,-11.9,2.64
-0.1,-9.52,2.62
-0.1,-9.52,2.62
-0.1,-9.52,2.62
0.55,-8.43,2.11
0.55,-8.43,2.11
0.55,-8.43,2.11
0.16,-9.24,1.26
0.16,-9.24,1.26
0.16,-9.24,1.26
0.01,-9.75,0.68
0.01,-9.75,0.68
0.01,-9.75,0.68
0.1,-8.73,-0.03
0.1,-8.73,-0.03
0.1,-8.73,-0.03
0.13,-9.61,-0.84
0.13,-9.61,-0.84
0.13,-9.61,-0.84
1.14,-9.03,0.31
1.14,-9.03,0.31
1.13,-8.62,0.13
1.23,-9.48,-0.04
1.23,-9.48,-0.04
1.23,-9.48,-0.04
1.36,-8.28,-3.14
1.36,-8.28,-3.14
1.36,-8.28,-3.14
0.79,-8.81,-4.3
0.79,-8.81,-4.3
0.79,-8.81,-4.3
1.24,-9.33,-2.7
1.24,-9.33,-2.7
1.24,-9.33,-2.7
1.61,-7.77,-3.6
1.61,-7.77,-3.6
1.61,-7.77,-3.6
1.75,-7.94,-3.38
1.75,-7.94,-3.38
1.75,-7.94,-3.38
1.64,-7.7,-3.64
1.64,-7.7,-3.64
1.64,-7.7,-3.64
2.33,-8.06,-4.16
2.33,-8.06,-4.16
2.33,-8.06,-4.16
2.53,-7.2,-4.44
2.53,-7.2,-4.44
2.53,-7.2,-4.44
2.03,-7.04,-4.76
2.03,-7.04,-4.76
2.03,-7.04,-4.76
2.44,-6.29,-4.97
2.44,-6.29,-4.97
2.44,-6.29,-4.97
2.06,-6.36,-5.26
2.06,-6.36,-5.26
2.26,-6.67,-5.66
2.2,-6.69,-5.87
2.2,-6.69,-5.87
2.16,-6.74,-5.41
2.36,-6.83,-5.31
2.36,-6.83,-5.31
2.36,-6.83,-5.31
2.49,-6.69,-6.0
2.49,-6.69,-6.0
2.49,-6.69,-6.0
2.45,-6.27,-5.87
2.45,-6.27,-5.87
2.45,-6.27,-5.87
2.63,-6.84,-5.29
2.63,-6.84,-5.29
2.62,-6.64,-5.54
2.27,-6.71,-5.59
2.27,-6.71,-5.59
2.27,-6.71,-5.59
2.27,-6.48,-5.78
2.27,-6.48,-5.78
2.27,-6.48,-5.78
2.14,-6.66,-6.56
2.14,-6.66,-6.56
2.14,-6.66,-6.56
2.51,-6.2,-6.12
2.51,-6.2,-6.12
2.51,-6.2,-6.12
2.04,-6.22,-6.14
2.04,-6.22,-6.14
2.04,-6.22,-6.14
2.77,-6.68,-6.21
2.77,-6.68,-6.21
2.77,-6.68,-6.21
2.11,-6.24,-6.27
2.11,-6.24,-6.27
2.11,-6.24,-6.27
2.45,-6.76,-6.4
2.34,-6.37,-6.51
2.34,-6.37,-6.51
2.64,-6.72,-6.19
2.64,-6.72,-6.19
2.64,-6.72,-6.19
2.38,-7.07,-6.47
2.38,-7.07,-6.47
2.38,-7.07,-6.47
2.37,-6.82,-6.13
2.37,-6.82,-6.13
2.07,-6.75,-6.64
2.17,-6.86,-6.4
2.17,-6.86,-6.4
1.83,-7.01,-6.46
1.83,-7.01,-6.46
1.83,-7.01,-6.46
1.88,-6.29,-6.46
1.88,-6.29,-6.46
1.88,-6.29,-6.46
2.28,-6.71,-5.98
2.28,-6.71,-5.98
2.12,-7.0,-6.04
2.12,-7.0,-6.04
2.12,-7.0,-6.04
2.04,-6.56,-6.63
2.04,-6.56,-6.63
2.04,-6.56,-6.63
2.09,-6.91,-6.32
2.09,-6.91,-6.32
2.09,-6.91,-6.32
1.69,-6.53,-6.52
1.69,-6.53,-6.52
1.98,-7.08,-6.2
1.96,-7.17,-5.93
1.92,-6.85,-6.07
1.92,-6.85,-6.07
1.95,-6.93,-6.34
1.95,-6.93,-6.34
1.95,-6.93,-6.34
1.66,-6.71,-6.59
1.66,-6.71,-6.59
1.66,-6.71,-6.59
1.63,-6.71,-5.96
1.63,-6.71,-5.96
1.64,-6.65,-5.98
1.67,-6.65,-6.34
1.67,-6.65,-6.34
1.67,-6.65,-6.34
1.97,-7.49,-6.12
1.97,-7.49,-6.12
1.97,-7.49,-6.12
1.73,-7.57,-6.1
1.73,-7.57,-6.1
1.73,-7.57,-6.1
1.73,-7.11,-6.15
1.73,-7.11,-6.15
1.7,-7.16,-6.23
1.64,-6.71,-6.23
1.64,-6.71,-6.23
1.64,-6.71,-6.23
1.46,-7.23,-6.37
1.46,-7.23,-6.37
1.46,-7.23,-6.37
1.33,-7.06,-6.18
1.33,-7.06,-6.18
1.33,-7.06,-6.18
1.47,-7.04,-5.98
1.47,-7.04,-5.98
1.47,-6.75,-5.99
1.44,-7.15,-6.25
1.44,-7.15,-6.25
1.44,-7.15,-6.25
1.77,-7.15,-6.23
1.77,-7.15,-6.23
1.77,-7.15,-6.23
1.46,-7.02,-6.17
1.46,-7.02,-6.17
1.46,-7.02,-6.17
1.47,-7.04,-6.2
1.47,-7.04,-6.2
1.47,-7.04,-6.2
1.44,-7.15,-6.17
1.44,-7.15,-6.17
1.44,-7.15,-6.17
1.43,-6.58,-6.29
1.43,-6.58,-6.29
1.43,-6.58,-6.29
1.45,-7.17,-6.11
1.45,-7.17,-6.11
1.45,-7.17,-6.11
1.36,-7.02,-6.18
1.36,-7.02,-6.18
1.36,-7.02,-6.18
1.29,-7.05,-6.04
1.29,-7.05,-6.04
1.29,-7.05,-6.04
1.29,-7.09,-6.13
1.29,-7.09,-6.13
1.29,-7.09,-6.13
1.45,-7.04,-6.01
1.45,-7.04,-6.01
1.45,-7.04,-6.01
1.41,-6.96,-6.12
1.41,-6.96,-6.12
1.41,-6.96,-6.12
1.32,-7.14,-6.23
1.32,-7.11,-6.11
1.32,-7.11,-6.11
1.44,-6.65,-5.98
1.44,-6.65,-5.98
1.44,-6.65,-5.98
1.04,-7.44,-5.99
1.04,-7.44,-5.99
1.04,-7.44,-5.99
1.22,-6.53,-5.63
1.22,-6.53,-5.63
1.22,-6.53,-5.63
1.01,-6.94,-6.12
1.01,-6.94,-6.12
1.01,-6.94,-6.12
0.97,-7.27,-6.57
0.97,-7.27,-6.57
0.97,-7.27,-6.57
1.16,-7.38,-5.93
1.16,-7.38,-5.93
1.16,-7.38,-5.93
1.15,-7.23,-5.88
1.15,-7.23,-5.88
1.07,-6.87,-6.23
0.98,-7.21,-6.39
0.98,-7.21,-6.39
0.98,-7.21,-6.39
1.13,-6.77,-6.39
1.13,-6.77,-6.39
1.13,-6.77,-6.39
1.05,-6.89,-6.21
1.05,-6.89,-6.21
1.05,-6.89,-6.21
1.12,-7.33,-6.08
1.12,-7.33,-6.08
1.12,-7.33,-6.08
1.08,-7.39,-6.06
1.05,-7.24,-6.04
1.05,-7.24,-6.04
0.96,-7.26,-6.13
0.96,-7.26,-6.13
0.96,-7.26,-6.13
1.19,-6.98,-6.1
1.19,-6.98,-6.1
1.19,-6.98,-6.1
1.14,-6.93,-5.99
1.14,-6.93,-5.99
1.12,-6.8,-6.0
1.28,-7.12,-5.94
1.28,-7.12,-5.94
1.28,-7.12,-5.94
1.41,-7.24,-6.0
1.41,-7.24,-6.0
1.41,-7.24,-6.0
1.18,-7.03,-6.23
1.18,-7.03,-6.23
1.18,-7.03,-6.23
1.27,-7.1,-6.04
1.27,-7.1,-6.04
1.31,-6.79,-6.02
0.84,-7.15,-6.07
0.84,-7.15,-6.07
0.84,-7.15,-6.07
0.74,-6.51,-6.32
0.74,-6.51,-6.32
0.74,-6.51,-6.32
1.38,-6.83,-6.03
1.38,-6.83,-6.03
1.38,-6.83,-6.03
1.61,-6.9,-6.0
1.64,-7.76,-5.87
1.64,-7.76,-5.87
1.33,-7.08,-5.71
1.33,-7.08,-5.71
1.23,-6.73,-5.8
1.23,-6.73,-5.8
1.23,-6.73,-5.8
1.06,-7.2,-5.79
1.06,-7.2,-5.79
1.06,-7.2,-5.79
1.09,-8.46,-5.74
1.09,-8.46,-5.74
1.09,-8.46,-5.74
1.66,-7.7,-6.07
1.66,-7.7,-6.07
1.66,-7.7,-6.07
1.7,-6.33,-5.42
1.7,-6.33,-5.42
1.7,-6.33,-5.42
1.3,-7.24,-5.51
1.3,-7.24,-5.51
1.3,-7.24,-5.51
0.11,-7.58,-5.73
0.11,-7.58,-5.73
0.11,-7.58,-5.73
1.43,-8.52,-4.9
1.43,-8.52,-4.9
1.43,-8.52,-4.9
1.36,-7.45,-5.35
1.36,-7.45,-5.35
1.36,-7.45,-5.35
1.37,-6.52,-5.08
1.37,-6.52,-5.08
1.37,-6.52,-5.08
1.39,-7.88,-5.44
1.39,-7.88,-5.44
0.93,-8.98,-5.81
1.28,-7.85,-5.44
1.28,-7.85,-5.44
1.28,-7.85,-5.44
0.93,-6.98,-4.93
0.93,-6.98,-4.93
0.93,-6.98,-4.93
1.38,-7.47,-5.18
1.41,-8.45,-4.91
1.41,-8.45,-4.91
1.41,-8.45,-4.91
1.54,-7.85,-4.45
1.54,-7.85,-4.45
1.54,-7.85,-4.45
1.79,-8.49,-5.17
1.79,-8.49,-5.17
1.79,-8.49,-5.17
1.71,-8.5,-4.61
1.71,-8.5,-4.61
2.07,-8.2,-5.05
2.26,-8.2,-4.86
2.15,-7.83,-4.96
0.74,-7.76,-5.42
0.74,-7.76,-5.42
0.74,-7.76,-5.42
1.65,-8.94,-4.53
1.65,-8.94,-4.53
1.65,-8.94,-4.53
1.26,-6.96,-4.4
1.26,-6.96,-4.4
1.26,-6.96,-4.4
-0.3,-8.8,-4.75
-0.3,-8.8,-4.75
-0.3,-8.8,-4.75
1.22,-9.07,-4.93
1.22,-9.07,-4.93
1.22,-9.07,-4.93
0.75,-9.39,-4.56
0.75,-9.39,-4.56
0.75,-9.39,-4.56
1.17,-9.42,-4.68
1.17,-9.42,-4.68
1.67,-9.11,-4.46
0.38,-8.57,-4.9
0.38,-8.57,-4.9
0.38,-8.57,-4.9
0.34,-9.28,-4.69
0.34,-9.28,-4.69
0.34,-9.28,-4.69
1.04,-8.57,-5.41
1.04,-8.57,-5.41
1.04,-8.57,-5.41
0.36,-7.97,-5.79
0.36,-7.97,-5.79
0.45,-8.62,-5.67
0.95,-5.11,-5.41
0.95,-5.11,-5.41
0.95,-5.11,-5.41
1.4,-7.5,-5.52
1.4,-7.5,-5.52
1.4,-7.5,-5.52
0.91,-6.75,-6.14
0.91,-6.75,-6.14
0.91,-6.75,-6.14
1.04,-6.46,-6.57
1.04,-6.46,-6.57
1.04,-6.46,-6.57
2.46,-5.99,-6.09
2.46,-5.99,-6.09
2.46,-5.99,-6.09
0.2,-5.09,-6.61
0.2,-5.09,-6.61
0.2,-5.09,-6.61
-1.47,-7.83,-6.88
-1.47,-7.83,-6.88
-1.47,-7.83,-6.88
1.07,-6.72,-6.82
1.07,-6.72,-6.82
1.07,-6.72,-6.82
-0.23,-5.47,-6.21
-0.23,-5.47,-6.21
-0.23,-5.47,-6.21
-0.64,-3.26,-5.92
-0.64,-3.26,-5.92
-0.64,-3.26,-5.92
-0.41,-8.26,-7.33
-0.41,-8.26,-7.33
-0.41,-8.26,-7.33
-0.32,-5.77,-7.14
-0.32,-5.77,-7.14
-0.26,-6.87,-6.8
-1.38,-5.03,-6.91
-1.38,-5.03,-6.91
-1.38,-5.03,-6.91
0.5,-5.43,-5.98
0.5,-5.43,-5.98
0.5,-5.43,-5.98
-1.38,-5.87,-7.2
-1.38,-5.87,-7.2
-1.38,-5.87,-7.2
0.37,-5.19,-6.56
1.5,-4.65,-6.99
1.5,-4.65,-6.99
-0.25,-5.45,-7.43
-0.25,-5.45,-7.43
-0.25,-5.45,-7.43
0.83,-5.15,-6.99
0.83,-5.15,-6.99
0.83,-5.15,-6.99
-1.36,-7.22,-7.59
-1.36,-7.22,-7.59
-1.36,-7.22,-7.59
0.0,-5.07,-7.28
0.0,-5.07,-7.28
0.0,-5.07,-7.28
-0.79,-8.72,-7.72
-0.79,-8.72,-7.72
-0.38,-7.1,-7.36
-0.06,-5.62,-6.94
-0.06,-5.62,-6.94
-0.06,-5.62,-6.94
0.9,-5.0,-7.13
0.9,-5.0,-7.13
0.02,-6.97,-7.32
0.02,-6.97,-7.32
0.02,-6.97,-7.32
-0.37,-6.1,-6.99
-0.37,-6.1,-6.99
-0.37,-6.1,-6.99
-0.34,-5.82,-7.26
-0.34,-5.82,-7.26
-0.34,-5.82,-7.26
0.05,-5.63,-6.74
0.05,-5.63,-6.74
-0.95,-6.08,-7.15
-0.95,-6.08,-7.15
0.27,-6.13,-7.45
0.27,-6.5,-7.44
-0.34,-6.98,-7.23
-0.34,-6.98,-7.23
-0.54,-6.19,-7.02
-0.54,-6.19,-7.02
-0.54,-6.19,-7.02
0.07,-5.48,-7.25
0.07,-5.48,-7.25
0.07,-5.48,-7.25
-1.62,-6.57,-7.43
-1.62,-6.57,-7.43
-1.62,-6.57,-7.43
-1.3,-6.04,-7.56
-1.3,-6.04,-7.56
-1.3,-6.04,-7.56
0.05,-5.84,-7.01
0.05,-5.84,-7.01
0.05,-5.84,-7.01
-1.69,-5.85,-7.59
-1.69,-5.85,-7.59
-1.69,-5.85,-7.59
-0.25,-5.17,-7.36
-0.25,-5.17,-7.36
-0.25,-5.17,-7.36
-0.82,-5.53,-7.16
-0.82,-5.53,-7.16
-0.63,-6.41,-7.32
-0.63,-6.41,-7.32
-0.63,-6.41,-7.32
-0.24,-5.83,-6.88
-0.24,-5.83,-6.88
-0.24,-5.83,-6.88
-1.3,-5.33,-7.12
-1.3,-5.33,-7.12
-0.54,-5.57,-7.49
-0.2,-6.04,-7.45
-0.2,-6.04,-7.45
-0.2,-6.04,-7.45
-0.26,-5.68,-6.94
-0.26,-5.68,-6.94
-0.83,-5.75,-7.27
-0.39,-5.54,-7.15
-0.39,-5.54,-7.15
-0.36,-5.01,-6.98
-0.57,-5.81,-7.27
-1.09,-6.16,-7.42
-1.09,-6.16,-7.42
-0.51,-5.72,-7.16
-0.4,-6.19,-7.17
-0.4,-6.19,-7.17
-0.4,-6.19,-7.17
-0.58,-5.52,-7.02
-0.58,-5.52,-7.02
-0.48,-5.94,-7.19
-0.22,-6.02,-7.36
-0.22,-6.02,-7.36
-0.22,-6.02,-7.36
-0.73,-5.9,-7.39
-0.73,-5.9,-7.39
-0.73,-5.9,-7.39
-0.63,-5.58,-7.07
-0.63,-5.58,-7.07
-0.63,-5.58,-7.07
-0.29,-6.04,-7.09
-0.29,-6.04,-7.09
-0.36,-5.95,-7.32
-0.36,-5.79,-7.22
-0.36,-5.79,-7.22
-0.36,-5.79,-7.22
-0.65,-5.5,-7.32
-0.65,-5.5,-7.32
-0.65,-5.5,-7.32
-0.17,-5.42,-7.02
-0.17,-5.42,-7.02
-0.35,-5.39,-7.32
-0.72,-5.92,-7.43
-0.72,-5.92,-7.43
-0.26,-5.86,-7.44
-0.46,-5.8,-7.46
-0.46,-5.8,-7.46
-0.55,-5.67,-7.48
-0.55,-5.67,-7.48
-0.55,-5.67,-7.48
-0.33,-6.01,-6.93
-0.33,-6.01,-6.93
-0.33,-6.01,-6.93
0.36,-5.95,-7.02
0.36,-5.95,-7.02
0.36,-5.95,-7.02
-0.88,-5.52,-7.53
-0.88,-5.52,-7.53
-0.88,-5.52,-7.53
-0.14,-5.63,-6.82
-0.14,-5.63,-6.82
-0.02,-5.24,-7.26
-0.02,-5.24,-7.26
-0.02,-5.24,-7.26
-0.35,-5.38,-7.2
-0.35,-5.38,-7.2
-0.35,-5.38,-7.2
-0.67,-6.41,-7.65
-0.67,-6.41,-7.65
-0.67,-6.41,-7.65
-0.41,-5.53,-7.58
-0.41,-5.53,-7.58
-0.41,-5.53,-7.58
-0.15,-5.57,-7.19
-0.15,-5.57,-7.19
-0.15,-5.57,-7.19
-0.74,-5.78,-7.27
-0.74,-5.78,-7.27
-0.74,-5.78,-7.27
-0.4,-5.68,-7.45
-0.4,-5.68,-7.45
-0.62,-5.44,-7.15
-0.26,-5.82,-7.48
-0.26,-5.82,-7.48
-0.26,-5.82,-7.48
-0.65,-5.64,-7.02
-0.65,-5.64,-7.02
-0.65,-5.64,-7.02
-0.22,-5.7,-7.28
-0.22,-5.7,-7.28
-0.75,-5.5,-7.24
-0.75,-5.5,-7.24
-0.75,-5.5,-7.24
-0.56,-6.07,-7.32
-0.56,-6.07,-7.32
-0.56,-6.07,-7.32
-0.4,-5.67,-7.31
-0.4,-5.67,-7.31
-0.4,-5.67,-7.31
-1.03,-5.85,-7.18
-1.03,-5.85,-7.18
-1.03,-5.85,-7.18
-0.17,-5.59,-7.07
-0.17,-5.59,-7.07
-0.17,-5.59,-7.07
-0.65,-5.52,-7.59
-0.65,-5.52,-7.59
-0.65,-5.52,-7.59
-0.23,-5.76,-7.26
-0.23,-5.76,-7.26
-0.23,-5.76,-7.26
-0.57,-5.55,-7.21
-0.57,-5.55,-7.21
-0.57,-5.55,-7.21
-0.4,-5.56,-7.23
-0.4,-5.56,-7.23
-0.4,-5.56,-7.23
0.23,-5.75,-7.34
0.23,-5.75,-7.34
-1.2,-6.07,-7.63
-1.2,-6.07,-7.63
-1.2,-6.07,-7.63
0.41,-5.38,-7.1
0.41,-5.38,-7.1
0.41,-5.38,-7.1
-1.19,-5.83,-7.45
-1.19,-5.83,-7.45
-1.19,-5.83,-7.45
-0.71,-5.91,-7.32
-0.71,-5.91,-7.32
-0.71,-5.91,-7.32
-0.57,-5.83,-7.35
-0.57,-5.83,-7.35
-0.57,-5.83,-7.35
-0.42,-5.79,-6.99
-0.42,-5.79,-6.99
-0.42,-5.79,-6.99
-0.63,-5.79,-7.31
-0.63,-5.79,-7.31
-0.63,-5.79,-7.31
-0.69,-5.84,-7.3
-0.69,-5.84,-7.3
-0.69,-5.84,-7.3
-0.58,-5.85,-7.36
-0.58,-5.85,-7.36
-0.58,-5.85,-7.36
-0.73,-5.72,-7.25
-0.73,-5.72,-7.25
-0.73,-5.72,-7.25
0.21,-5.89,-7.28
-0.57,-6.11,-7.54
-0.57,-6.11,-7.54
-0.82,-5.83,-7.23
-0.02,-5.37,-6.89
-0.02,-5.37,-6.89
-1.0,-6.02,-7.61
-1.0,-6.02,-7.61
-1.0,-6.02,-7.61
-0.17,-5.37,-7.09
-0.17,-5.37,-7.09
-0.17,-5.37,-7.09
-0.3,-5.94,-7.22
-0.3,-5.94,-7.22
-0.9,-5.35,-7.24
0.1,-5.75,-7.21
0.1,-5.75,-7.21
0.1,-5.75,-7.21
-0.68,-5.95,-7.06
-0.68,-5.95,-7.06
-0.68,-5.95,-7.06
-0.68,-5.82,-7.42
-0.68,-5.82,-7.42
-0.68,-5.82,-7.42
-0.24,-5.84,-7.26
-0.24,-5.84,-7.26
-0.24,-5.84,-7.26
-0.14,-5.82,-7.55
-0.71,-6.12,-7.39
-0.71,-6.12,-7.39
-0.4,-5.32,-7.12
-0.4,-5.32,-7.12
-0.4,-5.32,-7.12
-0.44,-5.84,-7.24
-0.44,-5.84,-7.24
-0.44,-5.84,-7.24
-0.22,-5.36,-7.25
-0.22,-5.36,-7.25
-0.22,-5.36,-7.25
-1.17,-5.77,-7.49
-1.17,-5.77,-7.49
-0.54,-5.73,-7.06
-0.52,-5.68,-7.51
-0.52,-5.68,-7.51
-0.52,-5.68,-7.51
-0.36,-5.55,-7.08
-0.36,-5.55,-7.08
-0.36,-5.55,-7.08
-0.6,-5.95,-7.48
-0.6,-5.95,-7.48
-0.64,-6.03,-7.52
-0.4,-5.54,-7.26
-0.07,-5.43,-7.1
-0.07,-5.43,-7.1
-0.67,-5.94,-7.4
-0.67,-5.94,-7.4
-0.67,-5.94,-7.4
-0.6,-5.74,-7.29
-0.6,-5.74,-7.29
-0.6,-5.74,-7.29
-0.41,-5.68,-7.38
-0.41,-5.68,-7.38
-0.58,-5.51,-7.17
-0.38,-5.59,-7.6
-0.38,-5.59,-7.6
-0.38,-5.59,-7.6
0.11,-5.51,-6.98
0.11,-5.51,-6.98
0.11,-5.51,-6.98
-0.89,-5.87,-7.57
-0.89,-5.87,-7.57
-0.89,-5.87,-7.57
0.05,-5.22,-6.99
0.05,-5.22,-6.99
-0.34,-5.36,-7.48
-0.56,-6.06,-7.39
-0.56,-6.06,-7.39
-0.56,-6.06,-7.39
-0.42,-5.62,-7.32
-0.42,-5.62,-7.32
-0.42,-5.62,-7.32
-0.38,-5.99,-7.48
-0.38,-5.99,-7.48
-0.38,-5.99,-7.48
-0.38,-5.42,-7.09
-0.38,-5.42,-7.09
-0.38,-5.42,-7.09
-0.42,-5.85,-7.17
-0.42,-5.85,-7.17
-0.42,-5.85,-7.17
0.01,-5.39,-7.39
0.01,-5.39,-7.39
0.01,-5.39,-7.39
0.25,-5.56,-7.76
0.25,-5.56,-7.76
0.25,-5.56,-7.76
1.96,-3.53,-4.01
-27.67,-1.13,-7.84
