aX,aY,aZ
-31.28,-6.68,-10.58
7.14,-4.96,0.55
7.14,-4.96,0.55
7.14,-4.96,0.55
20.41,-7.54,-2.08
1.26,-6.04,-10.13
1.26,-6.04,-10.13
5.5,-8.68,-8.09
5.5,-8.68,-8.09
5.5,-8.68,-8.09
-0.21,-6.28,-8.35
-0.21,-6.28,-8.35
-0.21,-6.28,-8.35
-0.69,-7.23,-6.78
-0.69,-7.23,-6.78
-0.69,-7.23,-6.78
0.8,-4.48,-7.29
0.8,-4.48,-7.29
0.8,-4.48,-7.29
0.75,-6.06,-7.33
0.75,-6.06,-7.33
0.75,-6.06,-7.33
1.74,-6.72,-7.14
1.74,-6.72,-7.14
1.74,-6.72,-7.14
0.93,-5.76,-7.82
0.93,-5.76,-7.82
0.93,-5.76,-7.82
0.89,-6.26,-7.32
0.89,-6.26,-7.32
0.89,-6.21,-6.93
1.39,-5.65,-6.96
1.39,-5.65,-6.96
1.39,-5.65,-6.96
0.95,-5.82,-7.19
0.95,-5.82,-7.19
0.95,-5.82,-7.19
1.01,-6.32,-7.24
1.01,-6.32,-7.24
1.01,-6.32,-7.24
0.68,-6.25,-7.24
0.68,-6.25,-7.24
0.68,-6.25,-7.24
0.95,-5.75,-7.04
0.95,-5.75,-7.04
0.95,-5.75,-7.04
1.63,-6.26,-6.73
1.63,-6.26,-6.73
1.63,-6.26,-6.73
0.76,-6.35,-7.21
0.72,-6.17,-7.24
1.2,-6.24,-6.85
1.2,-6.24,-6.85
1.2,-6.24,-6.85
0.93,-6.15,-6.98
0.93,-6.15,-6.98
0.93,-6.15,-6.98
1.0,-6.41,-6.7
1.0,-6.41,-6.7
1.0,-6.41,-6.7
1.08,-6.17,-6.83
1.21,-6.17,-6.95
1.21,-6.17,-6.95
1.02,-6.72,-6.84
1.02,-6.72,-6.84
1.02,-6.72,-6.84
1.48,-6.06,-6.78
1.48,-6.06,-6.78
1.48,-6.06,-6.78
1.32,-6.61,-6.87
1.32,-6.61,-6.87
1.32,-6.61,-6.87
1.03,-6.97,-6.8
1.03,-6.97,-6.8
0.79,-6.82,-6.8
1.03,-6.54,-6.78
1.03,-6.54,-6.78
1.03,-6.54,-6.78
1.49,-6.28,-6.78
1.49,-6.28,-6.78
1.49,-6.28,-6.78
1.79,-6.26,-6.71
1.79,-6.26,-6.71
1.79,-6.26,-6.71
1.44,-6.35,-6.96
1.64,-6.67,-6.9
1.64,-6.67,-6.9
1.91,-6.43,-7.0
1.91,-6.43,-7.0
1.91,-6.43,-7.0
1.74,-6.31,-7.1
1.74,-6.31,-7.1
1.74,-6.31,-7.1
1.65,-5.93,-6.94
1.65,-5.93,-6.94
1.65,-5.93,-6.94
1.68,-6.45,-7.07
1.68,-6.45,-7.07
1.76,-6.53,-6.95
1.82,-6.41,-6.8
1.59,-6.1,-6.73
1.59,-6.1,-6.73
1.22,-6.21,-6.7
1.22,-6.21,-6.7
1.22,-6.21,-6.7
1.19,-6.61,-6.89
1.19,-6.61,-6.89
1.19,-6.61,-6.89
1.5,-6.2,-6.82
1.5,-6.2,-6.82
1.5,-6.2,-6.82
1.58,-6.25,-6.76
1.58,-6.25,-6.76
1.58,-6.25,-6.76
1.63,-6.34,-6.87
1.63,-6.34,-6.87
1.63,-6.34,-6.87
1.8,-6.46,-6.77
1.8,-6.46,-6.77
1.8,-6.46,-6.77
1.31,-6.12,-6.36
1.31,-6.12,-6.36
1.31,-6.12,-6.36
1.16,-6.19,-6.64
1.16,-6.19,-6.64
1.16,-6.19,-6.64
1.53,-6.58,-6.34
1.53,-6.58,-6.34
1.53,-6.58,-6.34
1.99,-6.29,-7.13
1.99,-6.29,-7.13
1.99,-6.29,-7.13
1.81,-7.33,-6.85
1.94,-7.32,-6.64
1.94,-7.32,-6.64
2.21,-6.71,-6.52
2.21,-6.71,-6.52
2.21,-6.71,-6.52
2.46,-6.17,-6.37
2.46,-6.17,-6.37
2.46,-6.17,-6.37
2.15,-6.79,-6.82
2.15,-6.79,-6.82
2.15,-6.79,-6.82
2.24,-7.07,-6.67
2.24,-7.07,-6.67
1.84,-6.46,-6.5
1.51,-5.87,-6.42
1.51,-5.87,-6.42
1.51,-5.87,-6.42
0.69,-5.96,-5.9
0.69,-5.96,-5.9
0.69,-5.96,-5.9
0.35,-5.76,-5.6
0.35,-5.76,-5.6
0.35,-5.76,-5.6
0.29,-5.1,-4.82
0.29,-5.1,-4.82
0.26,-4.78,-4.45
-0.15,-5.7,-4.2
-0.15,-5.7,-4.2
-0.15,-5.7,-4.2
0.45,-6.37,-3.14
0.45,-6.37,-3.14
0.45,-6.37,-3.14
1.05,-6.08,-2.91
1.05,-6.08,-2.91
1.05,-6.08,-2.91
2.11,-7.78,-2.2
2.86,-7.55,-1.82
2.86,-7.55,-1.82
4.24,-7.53,-1.86
4.24,-7.53,-1.86
4.24,-7.53,-1.86
4.68,-7.48,-1.9
4.68,-7.48,-1.9
4.68,-7.48,-1.9
4.46,-11.98,0.13
4.46,-11.98,0.13
4.46,-11.98,0.13
4.43,-10.3,-0.25
4.43,-10.3,-0.25
3.6,-10.02,-0.56
2.72,-11.73,0.15
2.72,-11.73,0.15
2.72,-11.73,0.15
1.72,-11.49,0.68
1.72,-11.49,0.68
1.72,-11.49,0.68
1.54,-10.22,3.36
1.54,-10.22,3.36
1.54,-10.22,3.36
1.58,-12.48,3.03
1.58,-12.48,3.03
1.58,-12.48,3.03
1.81,-11.18,3.26
1.81,-11.18,3.26
1.81,-11.18,3.26
0.99,-9.48,1.41
0.99,-9.48,1.41
0.99,-9.48,1.41
0.63,-9.25,1.94
0.63,-9.25,1.94
0.63,-9.25,1.94
-0.18,-10.13,2.46
-0.18,-10.13,2.46
-0.18,-10.13,2.46
-0.47,-9.21,2.12
-0.47,-9.21,2.12
-0.47,-9.21,2.12
-0.53,-9.21,2.3
-0.53,-9.21,2.3
-0.53,-9.21,2.3
-1.42,-8.45,1.75
-1.42,-8.45,1.75
-1.42,-8.45,1.75
-1.5,-8.63,2.02
-1.5,-8.63,2.02
-1.49,-9.24,2.34
-2.05,-8.97,1.98
-2.05,-8.97,1.98
-1.83,-9.18,3.49
-1.83,-9.18,3.49
-1.83,-9.18,3.49
-3.85,-10.1,2.11
-3.85,-10.1,2.11
-3.29,-9.93,2.72
-3.63,-9.95,2.52
-3.63,-9.95,2.52
-4.01,-9.75,2.38
-2.32,-9.4,2.48
-2.32,-9.4,2.48
-2.32,-9.4,2.48
-2.23,-9.34,2.31
-2.23,-9.34,2.31
-2.23,-9.34,2.31
-2.84,-8.97,1.92
-2.84,-8.97,1.92
-2.58,-8.72,2.21
-2.43,-8.79,2.3
-2.78,-8.96,2.37
-2.78,-8.96,2.37
-2.79,-8.95,2.51
-2.79,-8.95,2.51
-2.79,-8.95,2.51
-2.77,-8.87,2.63
-2.77,-8.87,2.63
-2.77,-8.87,2.63
-2.47,-8.47,2.57
-2.47,-8.47,2.57
-2.47,-8.47,2.57
-2.43,-8.87,2.84
-2.43,-8.87,2.84
-2.43,-8.87,2.84
-2.05,-8.31,2.85
-2.05,-8.31,2.85
-2.05,-8.31,2.85
-1.61,-8.62,3.2
-1.61,-8.62,3.2
-2.3,-8.61,2.16
-2.3,-8.61,2.16
-2.15,-8.59,2.18
-2.22,-8.89,2.45
-2.55,-9.16,1.97
-2.55,-9.16,1.97
-2.85,-8.47,1.81
-2.85,-8.47,1.81
-2.85,-8.47,1.81
-4.01,-9.89,2.03
-4.01,-9.89,2.03
-4.01,-9.89,2.03
-3.69,-10.29,2.05
-3.69,-10.29,2.05
-3.69,-10.29,2.05
-2.85,-9.49,1.53
-2.85,-9.49,1.53
-2.85,-9.49,1.53
-2.31,-9.91,1.9
-2.31,-9.91,1.9
-2.31,-9.91,1.9
-1.73,-9.55,2.47
-1.73,-9.55,2.47
-1.73,-9.55,2.47
-1.99,-9.6,2.41
-1.99,-9.6,2.41
-1.99,-9.6,2.41
-1.51,-8.61,1.79
-1.51,-8.61,1.79
-1.51,-8.61,1.79
-1.81,-8.86,1.74
-1.81,-8.86,1.74
-1.81,-8.86,1.74
-1.93,-7.87,1.87
-1.93,-7.87,1.87
-1.93,-7.87,1.87
-1.84,-8.62,2.25
-1.84,-8.62,2.25
-2.4,-9.08,2.12
-2.5,-9.09,2.04
-2.5,-9.09,2.04
-2.04,-8.49,2.23
-2.19,-8.13,1.62
-2.19,-8.13,1.62
-2.19,-8.13,1.62
-2.15,-9.49,2.01
-2.15,-9.49,2.01
-2.15,-9.49,2.01
-2.27,-9.18,1.71
-2.13,-9.38,1.78
-2.13,-9.38,1.78
-1.93,-9.66,1.82
-1.93,-9.66,1.82
-1.93,-9.66,1.82
-1.8,-9.65,1.8
-1.8,-9.65,1.8
-1.8,-9.65,1.8
-1.7,-9.03,1.36
-1.7,-9.03,1.36
-1.7,-9.03,1.36
-2.04,-9.29,1.08
-2.04,-9.29,1.08
-2.04,-9.29,1.08
-2.15,-9.18,1.09
-2.15,-9.18,1.09
-2.15,-9.18,1.09
-2.07,-9.16,1.21
-2.07,-9.16,1.21
-2.07,-9.16,1.21
-2.0,-9.4,1.21
-2.0,-9.4,1.21
-2.0,-9.4,1.21
-2.02,-9.0,1.19
-2.02,-9.0,1.19
-1.96,-8.64,1.02
-1.87,-8.5,0.88
-1.68,-8.47,0.82
-1.68,-8.47,0.82
-1.5,-8.59,0.97
-1.5,-8.59,0.97
-1.5,-8.59,0.97
-1.7,-8.49,1.07
-1.7,-8.49,1.07
-1.7,-8.49,1.07
-1.77,-8.79,1.11
-1.77,-8.79,1.11
-1.71,-8.78,1.08
-1.79,-8.72,1.01
-1.84,-8.7,0.91
-1.84,-8.7,0.91
-1.59,-9.23,1.27
-1.59,-9.23,1.27
-1.59,-9.23,1.27
-1.33,-9.96,1.63
-1.33,-9.96,1.63
-1.33,-9.96,1.63
-1.52,-9.52,1.52
-1.47,-9.37,1.68
-1.47,-9.37,1.68
-1.37,-9.52,1.99
-1.37,-9.52,1.99
-1.37,-9.52,1.99
-1.31,-9.64,2.17
-1.31,-9.64,2.17
-1.31,-9.64,2.17
-1.33,-9.57,2.04
-1.33,-9.57,2.04
-1.33,-9.57,2.04
-1.34,-9.62,2.08
-1.32,-9.66,2.01
-1.32,-9.66,2.01
-1.21,-9.65,1.96
-1.21,-9.65,1.96
-1.21,-9.65,1.96
-1.08,-9.32,1.91
-1.08,-9.32,1.91
-1.08,-9.32,1.91
-1.12,-9.14,1.89
-1.12,-9.14,1.89
-1.12,-9.14,1.89
-1.15,-9.14,1.92
-1.15,-9.14,1.92
-1.31,-9.35,1.97
-1.3,-9.36,1.93
-1.26,-9.1,1.92
-1.34,-9.06,1.79
-1.34,-9.06,1.79
-1.34,-9.06,1.79
-1.26,-9.04,1.74
-1.26,-9.04,1.74
-1.25,-9.09,1.71
-1.25,-9.09,1.71
-1.22,-9.04,1.74
-1.21,-9.23,1.76
-1.24,-9.52,1.8
-1.24,-9.52,1.8
-1.15,-9.64,1.8
-1.15,-9.64,1.8
-1.15,-9.64,1.8
-1.11,-9.52,1.56
-1.11,-9.52,1.56
-1.11,-9.52,1.56
-1.08,-9.98,1.71
-0.92,-10.03,1.61
-0.92,-10.03,1.61
-0.64,-10.14,1.51
-0.64,-10.14,1.51
-0.64,-10.14,1.51
-0.64,-10.11,1.52
-0.64,-10.11,1.52
-0.64,-10.11,1.52
-0.76,-10.25,1.91
-0.76,-10.25,1.91
-0.76,-10.25,1.91
-0.74,-9.77,1.81
-0.74,-9.77,1.81
-0.77,-9.39,1.64
-0.6,-8.93,1.47
-0.6,-8.93,1.47
-0.6,-8.93,1.47
-0.43,-8.99,1.47
-0.43,-8.99,1.47
-0.43,-8.99,1.47
-0.41,-9.05,1.56
-0.41,-9.05,1.56
-0.41,-9.05,1.56
-0.51,-9.07,1.29
-0.51,-9.07,1.29
-0.51,-9.07,1.29
-0.05,-9.48,1.24
-0.05,-9.48,1.24
-0.05,-9.48,1.24
0.2,-9.87,1.38
0.2,-9.87,1.38
0.2,-9.87,1.38
0.39,-10.15,0.97
0.39,-10.15,0.97
0.39,-10.15,0.97
1.83,-11.51,1.02
1.83,-11.51,1.02
1.83,-11.51,1.02
1.99,-12.97,0.8
1.99,-12.97,0.8
1.99,-12.97,0.8
1.51,-12.88,0.65
1.51,-12.88,0.65
1.51,-12.88,0.65
1.71,-12.71,0.63
1.71,-12.71,0.63
1.71,-12.71,0.63
1.78,-13.21,1.14
1.78,-13.21,1.14
1.57,-12.79,1.1
1.59,-11.71,0.78
1.59,-11.71,0.78
1.59,-11.71,0.78
1.44,-10.86,0.39
1.44,-10.86,0.39
1.44,-10.86,0.39
1.32,-9.54,-0.29
1.32,-9.54,-0.29
1.32,-9.54,-0.29
1.56,-10.39,-0.37
1.56,-10.39,-0.37
1.56,-10.39,-0.37
1.39,-8.94,-0.76
1.39,-8.94,-0.76
1.39,-8.94,-0.76
3.55,-6.73,-0.87
3.55,-6.73,-0.87
3.55,-6.73,-0.87
2.08,-7.39,-3.61
2.08,-7.39,-3.61
2.08,-7.39,-3.61
2.74,-5.46,-4.09
2.74,-5.46,-4.09
2.74,-5.46,-4.09
3.65,-4.93,-4.0
3.65,-4.93,-4.0
3.65,-4.93,-4.0
3.98,-3.83,-4.1
3.98,-3.83,-4.1
3.98,-3.83,-4.1
4.89,-3.72,-3.76
4.89,-3.72,-3.76
4.89,-3.72,-3.76
5.48,-3.0,-3.17
5.48,-3.0,-3.17
5.48,-3.0,-3.17
6.11,-3.43,-2.63
6.11,-3.43,-2.63
6.11,-3.43,-2.63
6.01,-3.3,-2.34
6.01,-3.3,-2.34
6.01,-3.3,-2.34
6.04,-3.87,-1.74
6.04,-3.87,-1.74
6.04,-3.87,-1.74
5.62,-3.78,-1.52
5.62,-3.78,-1.52
5.62,-3.78,-1.52
4.89,-4.73,-0.51
4.89,-4.73,-0.51
4.89,-4.73,-0.51
5.27,-5.54,-1.08
5.27,-5.54,-1.08
5.27,-5.54,-1.08
3.37,-3.85,-0.31
3.37,-3.85,-0.31
3.37,-3.85,-0.31
4.25,-6.01,-0.45
4.25,-6.01,-0.45
4.25,-6.01,-0.45
2.73,-7.36,0.23
2.73,-7.36,0.23
2.73,-7.36,0.23
2.39,-7.16,0.54
2.39,-7.16,0.54
2.39,-7.16,0.54
2.07,-8.7,0.48
2.07,-8.7,0.48
2.07,-8.7,0.48
-0.12,-9.21,3.14
0.99,-10.73,3.86
0.99,-10.73,3.86
-0.14,-11.34,4.39
-0.14,-11.34,4.39
-0.14,-11.34,4.39
0.07,-11.08,4.22
0.07,-11.08,4.22
0.07,-11.08,4.22
-0.82,-13.03,6.25
-0.82,-13.03,6.25
-0.82,-13.03,6.25
-1.41,-10.09,5.69
-1.41,-10.09,5.69
-1.41,-10.09,5.69
-1.76,-11.85,6.68
-1.76,-11.85,6.68
-1.76,-11.85,6.68
-1.79,-9.79,6.22
-1.79,-9.79,6.22
-1.79,-9.79,6.22
-2.95,-9.98,6.77
-2.95,-9.98,6.77
-2.95,-9.98,6.77
-3.11,-8.35,6.42
-3.11,-8.35,6.42
-3.31,-8.47,6.37
-3.09,-8.67,6.63
-3.09,-8.67,6.63
-3.09,-8.67,6.63
-3.19,-6.83,5.95
-3.19,-6.83,5.95
-3.19,-6.83,5.95
-3.57,-7.56,6.13
-3.57,-7.56,6.13
-3.57,-7.56,6.13
-3.13,-7.16,6.18
-3.34,-6.39,5.99
-3.69,-6.74,6.43
-3.69,-6.74,6.43
-3.69,-6.74,6.43
-4.3,-6.9,6.49
-4.3,-6.9,6.49
-4.42,-6.54,6.41
-4.42,-6.54,6.41
-4.42,-6.54,6.41
-4.55,-6.67,6.3
-4.55,-6.67,6.3
-4.55,-6.51,6.25
-4.48,-5.97,6.08
-4.48,-5.97,6.08
-4.48,-5.97,6.08
-4.79,-6.54,6.03
-4.79,-6.54,6.03
-4.79,-6.54,6.03
-4.54,-6.12,5.94
-4.54,-5.65,5.86
-4.54,-5.65,5.86
-4.75,-6.78,6.37
-4.75,-6.78,6.37
-4.75,-6.78,6.37
-4.56,-6.35,5.97
-4.56,-6.35,5.97
-4.56,-6.35,5.97
-4.43,-6.37,6.06
-4.43,-6.37,6.06
-4.43,-6.37,6.06
-4.63,-6.66,6.17
-4.63,-6.66,6.17
-4.49,-6.42,6.03
-4.38,-6.28,5.96
-4.24,-6.08,5.84
-4.24,-6.08,5.84
-4.12,-6.32,6.12
-4.12,-6.32,6.12
-4.12,-6.32,6.12
-3.74,-6.28,6.27
-3.74,-6.28,6.27
-3.74,-6.28,6.27
-3.35,-5.82,6.35
-3.35,-5.82,6.35
-3.54,-5.82,6.34
-3.56,-5.99,6.4
-3.37,-6.15,6.68
-3.37,-6.15,6.68
-3.23,-5.89,6.42
-3.23,-5.89,6.42
-3.23,-5.89,6.42
-3.38,-6.33,6.37
-3.38,-6.33,6.37
-3.38,-6.33,6.37
-3.3,-6.34,6.34
-3.3,-6.34,6.34
-3.46,-6.18,6.24
-3.6,-6.16,6.21
-3.71,-6.44,6.23
-3.71,-6.44,6.23
-3.82,-6.54,6.26
-3.82,-6.54,6.26
-3.82,-6.54,6.26
-3.88,-6.15,6.12
-3.88,-6.15,6.12
-3.88,-6.15,6.12
-3.88,-6.19,6.21
-3.88,-6.19,6.21
-3.98,-6.19,6.13
-4.04,-6.03,6.14
-4.04,-6.03,6.14
-4.04,-6.03,6.14
-4.14,-6.26,6.2
-4.14,-6.26,6.2
-4.14,-6.26,6.2
-4.07,-6.13,6.2
-4.07,-6.13,6.2
-4.07,-6.13,6.2
-4.29,-6.22,6.24
-4.29,-6.22,6.24
-4.15,-6.39,6.35
-4.11,-5.98,6.12
-4.11,-5.98,6.12
-4.11,-5.98,6.12
-4.19,-6.13,6.08
-4.19,-6.13,6.08
-4.19,-6.13,6.08
-4.21,-6.16,5.97
-4.21,-6.16,5.97
-4.21,-6.16,5.97
-4.54,-6.32,6.01
-4.54,-6.32,6.01
-4.54,-6.32,6.01
-4.42,-6.14,5.85
-4.42,-6.14,5.85
-4.42,-6.14,5.85
-4.42,-6.29,5.93
-4.42,-6.29,5.93
-4.42,-6.29,5.93
-4.48,-6.2,5.88
-4.48,-6.2,5.88
-4.48,-6.2,5.88
-4.59,-6.43,5.97
-4.59,-6.43,5.97
-4.59,-6.43,5.97
-4.38,-6.21,5.98
-4.38,-6.21,5.98
-4.38,-6.21,5.98
-4.57,-6.13,5.79
-4.57,-6.13,5.79
-4.59,-6.46,5.95
-4.59,-6.46,5.95
-4.59,-6.46,5.95
-4.46,-6.04,5.75
-4.46,-6.04,5.75
-4.58,-6.07,5.64
-4.61,-6.34,5.61
-4.61,-6.34,5.61
-4.61,-6.34,5.61
-4.56,-6.12,5.56
-4.56,-6.12,5.56
-4.56,-6.12,5.56
-4.47,-6.5,5.61
-4.47,-6.5,5.61
-4.47,-6.5,5.61
-4.25,-6.44,5.51
-4.25,-6.44,5.51
-4.12,-6.38,5.56
-4.21,-6.41,5.14
-4.21,-6.41,5.14
-4.21,-6.41,5.14
-4.45,-6.68,5.56
-4.45,-6.68,5.56
-4.45,-6.68,5.56
-4.34,-6.75,5.49
-4.34,-6.75,5.49
-4.34,-6.75,5.49
-4.65,-6.39,5.25
-4.65,-6.39,5.25
-4.65,-6.39,5.25
-4.89,-5.83,5.02
-4.89,-5.83,5.02
-4.89,-5.83,5.02
-5.79,-6.4,4.73
-5.79,-6.4,4.73
-5.79,-6.4,4.73
-5.69,-5.7,4.22
-5.69,-5.7,4.22
-5.69,-5.7,4.22
-5.87,-5.93,4.87
-5.87,-5.93,4.87
-5.87,-5.93,4.87
-6.67,-5.62,3.98
-6.67,-5.62,3.98
-6.67,-5.62,3.98
-5.67,-6.61,4.99
-5.67,-6.61,4.99
-5.67,-6.61,4.99
-5.88,-5.69,4.52
-5.88,-5.69,4.52
-5.88,-5.69,4.52
-6.42,-5.23,4.13
-6.42,-5.23,4.13
-6.62,-5.1,3.97
-7.22,-5.64,3.8
-7.22,-5.64,3.8
-7.22,-5.64,3.8
-6.44,-6.17,4.16
-6.44,-6.17,4.16
-6.11,-6.33,4.49
-6.11,-6.33,4.49
-6.11,-6.33,4.49
-5.98,-5.85,4.46
-5.54,-5.52,4.04
-5.54,-5.52,4.04
-6.02,-5.58,4.08
-6.02,-5.58,4.08
-6.02,-5.58,4.08
-6.06,-5.62,4.29
-6.06,-5.62,4.29
-6.06,-5.62,4.29
-6.36,-4.94,3.74
-6.36,-4.94,3.74
-6.36,-4.94,3.74
-6.43,-6.53,4.7
-6.43,-6.53,4.7
-6.43,-6.53,4.7
-6.12,-4.8,4.12
-6.12,-4.8,4.12
-6.12,-4.8,4.12
-5.12,-6.63,5.15
-5.12,-6.63,5.15
-5.12,-6.63,5.15
-5.6,-5.53,4.78
-5.6,-5.53,4.78
-5.6,-5.53,4.78
-6.35,-5.5,4.83
-6.35,-5.5,4.83
-6.3,-5.89,4.86
-6.2,-5.58,4.74
-6.2,-5.58,4.74
-6.2,-5.58,4.74
-6.23,-5.55,5.27
-6.23,-5.55,5.27
-6.23,-5.55,5.27
-5.56,-5.8,5.18
-5.56,-5.8,5.18
-5.84,-5.81,4.98
-5.86,-5.13,4.75
-5.92,-5.18,4.76
-5.92,-5.18,4.76
-6.08,-5.6,4.87
-6.08,-5.6,4.87
-6.08,-5.6,4.87
-6.12,-5.58,4.88
-6.12,-5.58,4.88
-6.12,-5.58,4.88
-6.26,-5.52,4.83
-6.26,-5.52,4.83
-6.26,-5.52,4.83
-6.13,-5.51,4.73
-6.13,-5.51,4.73
-6.11,-5.44,4.82
-6.13,-5.35,4.83
-6.13,-5.35,4.83
-6.07,-5.58,4.95
-6.07,-5.58,4.95
-6.07,-5.58,4.95
-6.05,-5.54,4.99
-6.05,-5.54,4.99
-6.05,-5.54,4.99
-5.96,-5.52,4.79
-5.96,-5.52,4.79
-6.05,-5.66,4.82
-5.89,-5.41,4.64
-5.89,-5.41,4.64
-5.89,-5.41,4.64
-6.12,-5.98,5.18
-6.12,-5.98,5.18
-6.12,-5.98,5.18
-6.11,-5.13,4.5
-6.11,-5.13,4.5
-6.11,-5.13,4.5
-6.12,-6.3,4.95
-6.12,-6.3,4.95
-6.41,-6.39,4.71
-6.53,-5.69,3.98
-6.53,-5.69,3.98
-6.53,-5.69,3.98
-6.66,-5.49,4.21
-6.66,-5.49,4.21
-6.66,-5.49,4.21
-6.2,-6.03,4.52
-6.2,-6.03,4.52
-6.2,-6.03,4.52
-4.94,-5.98,5.06
-4.94,-5.98,5.06
-4.94,-5.98,5.06
-4.96,-6.95,5.36
-4.96,-6.95,5.36
-4.96,-6.95,5.36
-4.16,-6.22,4.39
-4.16,-6.22,4.39
-4.16,-6.22,4.39
-4.96,-7.58,5.85
-4.96,-7.58,5.85
-4.96,-7.58,5.85
-4.94,-5.89,5.56
-4.94,-5.89,5.56
-4.94,-5.89,5.56
-4.94,-6.16,5.9
-4.94,-6.16,5.9
-4.94,-6.16,5.9
-4.12,-6.06,5.78
-4.12,-6.06,5.78
-3.37,-5.48,5.79
-3.37,-5.48,5.79
-3.37,-5.48,5.79
-3.21,-6.92,6.55
-3.21,-6.92,6.55
-3.21,-6.92,6.55
-2.65,-6.21,6.19
-2.65,-6.21,6.19
-2.65,-6.21,6.19
-2.64,-6.08,6.17
-2.64,-6.08,6.17
-2.64,-6.08,6.17
-2.98,-6.33,6.19
-2.96,-6.48,6.08
-2.96,-6.48,6.08
-3.29,-6.62,6.01
-3.29,-6.62,6.01
-3.29,-6.62,6.01
-3.72,-6.57,5.96
-3.72,-6.57,5.96
-3.72,-6.57,5.96
-3.99,-6.51,5.86
-3.99,-6.51,5.86
-3.99,-6.51,5.86
-4.1,-6.66,5.69
-4.0,-6.84,5.78
-4.0,-6.84,5.78
-3.9,-6.67,5.82
-3.9,-6.67,5.82
-3.9,-6.67,5.82
-4.0,-6.65,5.7
-4.0,-6.65,5.7
-4.0,-6.65,5.7
-4.14,-6.35,5.81
-4.14,-6.35,5.81
-4.14,-6.35,5.81
-3.86,-6.51,6.0
-3.86,-6.51,6.0
-3.86,-6.51,6.0
-3.96,-6.17,6.22
-3.96,-6.17,6.22
-3.96,-6.17,6.22
-3.94,-6.54,6.05
-3.94,-6.54,6.05
-3.94,-6.54,6.05
-3.86,-6.28,5.68
-3.86,-6.28,5.68
-3.86,-6.28,5.68
-3.62,-6.53,6.01
-3.62,-6.53,6.01
-3.62,-6.53,6.01
-3.9,-6.42,6.35
-3.9,-6.42,6.35
-3.9,-6.42,6.35
-3.83,-6.42,6.41
-3.83,-6.42,6.41
-3.83,-6.42,6.41
-3.74,-6.12,6.38
-3.74,-6.12,6.38
-3.74,-6.12,6.38
-3.62,-6.3,6.14
-3.62,-6.3,6.14
-3.62,-6.3,6.14
-3.96,-6.16,6.43
-3.96,-6.16,6.43
-3.96,-6.16,6.43
-3.39,-6.65,6.88
-3.39,-6.65,6.88
-3.39,-6.65,6.88
-3.35,-6.72,7.06
-3.35,-6.72,7.06
-3.35,-6.72,7.06
-3.36,-6.35,6.45
-3.36,-6.35,6.45
-3.31,-6.05,6.22
-3.58,-6.1,6.27
-3.58,-6.1,6.27
-3.58,-6.1,6.27
-3.5,-6.0,6.68
-3.5,-6.0,6.68
-3.5,-6.0,6.68
-3.12,-5.83,6.62
-3.12,-5.83,6.62
-3.12,-5.83,6.62
-2.86,-5.63,6.61
-2.86,-5.63,6.61
-2.86,-5.63,6.61
-2.82,-5.92,6.71
-2.82,-5.92,6.71
-2.82,-5.92,6.71
-3.29,-5.62,6.54
-3.29,-5.62,6.54
-3.29,-5.62,6.54
-3.01,-5.93,6.91
-3.01,-5.93,6.91
-3.01,-5.93,6.91
-3.48,-5.79,6.97
-3.48,-5.79,6.97
-3.48,-5.79,6.97
-3.41,-6.47,7.6
-3.39,-6.73,7.49
-3.39,-6.73,7.49
-3.53,-5.61,6.86
-3.53,-5.61,6.86
-3.53,-5.61,6.86
-3.18,-5.57,6.68
-3.18,-5.57,6.68
-2.94,-6.42,6.98
-2.94,-6.42,6.98
-2.8,-6.14,6.94
-2.55,-6.0,6.89
-2.61,-6.18,6.97
-2.61,-6.18,6.97
-3.01,-6.57,7.1
-3.01,-6.57,7.1
-3.01,-6.57,7.1
-2.97,-6.54,6.99
-2.97,-6.54,6.99
-2.87,-6.57,6.93
-2.84,-6.45,7.03
-2.84,-6.45,7.03
-2.84,-6.45,7.03
-3.06,-6.45,7.09
-3.06,-6.45,7.09
-3.06,-6.45,7.09
-2.91,-6.34,7.09
-2.91,-6.34,7.09
-2.91,-6.34,7.09
-2.82,-6.64,7.11
-2.82,-6.64,7.11
-2.82,-6.64,7.11
-2.74,-6.54,6.83
-2.74,-6.54,6.83
-2.76,-6.59,6.71
-2.8,-6.22,6.68
-2.8,-6.22,6.68
-2.8,-6.22,6.68
-3.0,-6.36,6.98
-3.0,-6.36,6.98
-3.0,-6.36,6.98
-2.9,-6.3,7.17
-2.9,-6.3,7.17
-2.9,-6.3,7.17
-2.62,-6.85,6.63
-2.62,-6.85,6.63
-2.62,-6.85,6.63
-2.75,-6.77,6.33
-2.75,-6.77,6.33
-2.75,-6.77,6.33
-3.63,-6.81,6.5
-3.63,-6.81,6.5
-3.63,-6.81,6.5
-3.55,-5.74,6.29
-3.55,-5.74,6.29
-3.55,-5.74,6.29
-3.39,-5.65,6.38
-3.02,-6.17,6.69
-3.02,-6.17,6.69
-3.17,-6.86,6.76
-3.17,-6.86,6.76
-3.17,-6.86,6.76
-3.18,-6.31,6.38
-3.18,-6.31,6.38
-3.18,-6.31,6.38
-3.13,-6.44,6.59
-3.13,-6.44,6.59
-3.11,-6.68,6.76
-3.07,-6.62,6.92
-3.19,-6.31,6.83
-3.19,-6.31,6.83
-3.59,-5.92,6.1
-3.59,-5.92,6.1
-3.59,-5.92,6.1
-3.67,-6.16,6.12
-3.67,-6.16,6.12
-3.67,-6.16,6.12
-3.58,-6.31,6.57
-3.58,-6.31,6.57
-3.3,-6.49,6.92
-3.0,-6.43,7.12
-3.0,-6.43,7.12
-2.94,-6.24,7.02
-2.88,-6.2,6.74
-2.88,-6.2,6.74
-2.88,-6.2,6.74
-3.25,-6.3,6.73
-3.25,-6.3,6.73
-3.25,-6.3,6.73
-3.32,-7.1,6.82
-3.32,-7.1,6.82
-3.32,-7.1,6.82
-3.1,-6.23,6.42
-3.3,-6.07,6.49
-3.3,-6.07,6.49
-3.84,-6.48,6.91
-3.84,-6.48,6.91
-3.84,-6.48,6.91
-3.63,-5.74,6.92
-3.63,-5.74,6.92
-3.63,-5.74,6.92
-3.29,-5.71,6.3
-3.29,-5.71,6.3
-3.29,-6.49,6.31
-3.06,-6.94,6.92
-3.14,-6.68,7.24
-3.14,-6.68,7.24
-3.1,-6.45,7.07
-3.1,-6.45,7.07
-3.1,-6.45,7.07
-3.07,-6.57,6.63
-3.07,-6.57,6.63
-3.07,-6.57,6.63
-2.74,-6.51,7.15
-2.74,-6.51,7.15
-2.74,-6.51,7.15
-2.7,-6.22,7.35
-2.91,-6.57,7.19
-2.91,-6.57,7.19
-2.9,-7.04,7.21
-2.9,-7.04,7.21
-2.9,-7.04,7.21
-2.7,-6.91,7.02
-2.7,-6.91,7.02
-2.7,-6.91,7.02
-2.58,-6.39,6.58
-2.58,-6.39,6.58
-2.54,-6.81,6.52
-2.59,-7.44,7.26
-2.59,-7.44,7.26
-2.59,-7.44,7.26
-2.29,-7.34,6.66
-2.29,-7.34,6.66
-2.29,-7.34,6.66
-1.78,-6.87,6.53
-1.78,-6.87,6.53
-1.78,-6.87,6.53
-0.98,-8.34,6.81
-0.98,-8.34,6.81
-0.98,-8.34,6.81
-1.47,-7.44,6.72
-1.47,-7.44,6.72
-1.47,-7.44,6.72
-1.89,-7.23,5.67
-1.89,-7.23,5.67
-1.89,-7.23,5.67
-2.0,-7.53,6.05
-2.0,-7.53,6.05
-2.0,-7.53,6.05
-1.66,-8.37,5.77
-1.66,-8.37,5.77
-1.66,-8.37,5.77
-0.94,-7.36,6.0
-0.94,-7.36,6.0
-0.94,-7.36,6.0
-1.15,-8.46,5.65
-1.15,-8.46,5.65
-1.15,-8.46,5.65
-1.53,-7.47,5.12
-1.53,-7.47,5.12
-1.53,-7.47,5.12
-1.81,-8.37,4.53
-1.81,-8.37,4.53
-2.02,-8.48,4.86
-1.84,-8.57,5.2
-1.84,-8.57,5.2
-1.53,-8.82,5.06
-1.02,-8.61,4.5
-1.02,-8.61,4.5
-1.02,-8.61,4.5
-0.95,-9.05,3.96
-0.95,-9.05,3.96
-0.95,-9.05,3.96
-1.03,-8.61,4.1
-1.03,-8.61,4.1
-1.03,-8.61,4.1
-1.47,-10.62,4.28
-1.47,-10.62,4.28
-1.47,-10.62,4.28
-1.73,-8.77,3.31
-1.73,-8.77,3.31
-1.73,-8.77,3.31
-1.1,-8.94,3.43
-1.1,-8.94,3.43
-1.1,-8.94,3.43
-0.62,-10.0,3.75
-0.62,-10.0,3.75
-0.33,-9.99,3.67
-0.4,-9.4,2.81
-0.4,-9.4,2.81
-0.4,-9.4,2.81
-0.48,-9.75,2.51
-0.48,-9.75,2.51
-0.48,-9.75,2.51
-0.78,-9.91,1.93
-0.78,-9.91,1.93
-0.78,-9.91,1.93
-0.61,-10.11,2.02
-0.61,-10.11,2.02
-0.61,-10.11,2.02
-0.2,-10.22,1.5
0.07,-10.22,1.67
0.07,-10.22,1.67
-0.27,-9.3,0.86
-0.27,-9.3,0.86
-0.27,-9.3,0.86
0.91,-10.81,1.02
0.91,-10.81,1.02
0.91,-10.81,1.02
1.14,-9.52,0.51
1.14,-9.52,0.51
1.14,-9.52,0.51
0.89,-9.7,-0.02
0.89,-9.7,-0.02
0.89,-9.7,-0.02
1.07,-8.65,0.12
1.07,-8.65,0.12
0.71,-8.52,-0.26
0.71,-8.52,-0.26
0.71,-8.52,-0.26
0.95,-9.52,-0.6
0.95,-9.52,-0.6
1.47,-8.33,-5.27
0.03,-10.56,-6.38
2.06,-7.45,-2.45
2.06,-7.45,-2.45
2.0,-9.08,-3.11
2.0,-9.08,-3.11
2.0,-9.08,-3.11
2.15,-8.0,-3.49
2.15,-8.0,-3.49
2.15,-8.0,-3.49
2.49,-7.91,-2.79
2.49,-7.91,-2.79
2.22,-7.87,-2.92
2.82,-8.34,-3.68
2.82,-8.34,-3.68
2.82,-8.34,-3.68
3.12,-8.18,-4.21
3.12,-8.18,-4.21
3.12,-8.18,-4.21
2.41,-8.0,-4.17
2.41,-8.0,-4.17
2.41,-8.0,-4.17
2.34,-7.98,-4.38
2.34,-7.98,-4.38
2.34,-7.98,-4.38
3.17,-8.25,-5.04
3.17,-8.25,-5.04
3.17,-8.25,-5.04
3.36,-6.97,-4.7
3.36,-6.97,-4.7
3.36,-6.97,-4.7
3.14,-6.02,-4.86
3.14,-6.02,-4.86
3.14,-6.02,-4.86
2.87,-6.99,-4.65
2.87,-6.99,-4.65
2.86,-6.71,-5.13
3.27,-5.5,-5.24
3.27,-5.5,-5.24
3.27,-5.5,-5.24
2.7,-6.52,-5.66
2.7,-6.52,-5.66
2.7,-6.52,-5.66
2.66,-4.83,-5.61
2.66,-4.83,-5.61
2.66,-4.83,-5.61
3.41,-6.23,-5.28
3.41,-6.23,-5.28
3.4,-6.35,-5.32
3.03,-5.88,-6.07
3.03,-5.88,-6.07
3.03,-5.88,-6.07
3.6,-7.24,-5.41
3.6,-7.24,-5.41
3.6,-7.24,-5.41
3.12,-6.35,-6.65
3.12,-6.35,-6.65
2.97,-7.5,-6.41
3.19,-5.68,-6.11
3.19,-5.68,-6.11
3.19,-5.68,-6.11
2.97,-6.57,-6.17
2.97,-6.57,-6.17
2.97,-6.57,-6.17
2.91,-6.19,-6.47
2.91,-6.19,-6.47
2.91,-6.19,-6.47
2.89,-7.12,-6.57
2.89,-7.12,-6.57
3.0,-6.23,-6.53
3.39,-6.62,-5.98
3.39,-6.62,-5.98
2.96,-6.88,-5.78
3.1,-6.54,-6.32
3.1,-6.54,-6.32
3.1,-6.54,-6.32
2.86,-5.89,-6.26
2.86,-5.89,-6.26
2.86,-5.89,-6.26
2.99,-7.43,-6.42
2.99,-7.43,-6.42
2.75,-6.44,-6.61
2.73,-6.91,-6.39
2.73,-6.91,-6.39
2.82,-6.98,-6.27
3.01,-6.21,-6.13
3.01,-6.21,-6.13
3.01,-6.21,-6.13
2.2,-5.88,-6.85
2.2,-5.88,-6.85
2.2,-5.88,-6.85
2.59,-6.72,-6.22
2.59,-6.72,-6.22
2.59,-6.72,-6.22
2.53,-7.01,-6.25
2.53,-7.01,-6.25
2.53,-7.01,-6.25
2.39,-6.77,-6.15
2.39,-6.77,-6.15
2.39,-6.77,-6.15
2.43,-6.53,-6.41
2.43,-6.53,-6.41
2.43,-6.53,-6.41
2.27,-6.65,-6.32
2.27,-6.65,-6.32
2.27,-6.65,-6.32
2.22,-6.42,-6.4
2.22,-6.42,-6.4
2.22,-6.42,-6.4
2.38,-7.02,-6.64
2.38,-7.02,-6.64
2.38,-7.02,-6.64
2.0,-6.85,-6.61
2.0,-6.85,-6.61
2.0,-6.85,-6.61
2.22,-6.23,-6.09
2.22,-6.23,-6.09
2.22,-6.23,-6.09
1.89,-6.57,-6.73
1.89,-6.57,-6.73
1.5,-6.49,-6.94
2.24,-6.68,-6.08
2.24,-6.68,-6.08
2.24,-6.68,-6.08
2.04,-6.7,-6.35
2.04,-6.7,-6.35
2.04,-6.7,-6.35
1.81,-6.77,-6.65
1.81,-6.77,-6.65
2.0,-6.66,-6.5
2.22,-6.81,-6.42
2.22,-6.81,-6.42
2.28,-7.0,-6.53
1.69,-6.54,-6.57
1.69,-6.54,-6.57
1.69,-6.54,-6.57
1.68,-6.92,-6.39
1.68,-6.92,-6.39
1.68,-6.92,-6.39
1.68,-6.9,-6.42
1.68,-6.9,-6.42
1.68,-6.9,-6.42
1.51,-6.54,-6.66
1.58,-6.65,-6.59
1.58,-6.65,-6.59
1.66,-6.5,-6.4
1.66,-6.5,-6.4
1.66,-6.5,-6.4
1.57,-6.8,-6.57
1.57,-6.8,-6.57
1.57,-6.8,-6.57
1.79,-7.2,-6.32
1.79,-7.2,-6.32
1.79,-7.2,-6.32
1.61,-6.54,-6.43
1.61,-6.54,-6.43
1.47,-6.27,-6.58
1.48,-6.51,-6.59
1.48,-6.51,-6.59
1.48,-6.51,-6.59
1.61,-6.56,-6.4
1.61,-6.56,-6.4
1.61,-6.56,-6.4
1.48,-6.38,-6.46
1.48,-6.38,-6.46
1.8,-7.05,-6.39
1.8,-7.05,-6.39
1.78,-6.94,-6.5
1.79,-7.06,-6.53
1.79,-7.06,-6.53
1.79,-7.06,-6.53
1.48,-6.48,-6.37
1.48,-6.48,-6.37
1.48,-6.48,-6.37
1.49,-6.68,-6.61
1.49,-6.68,-6.61
1.49,-6.68,-6.61
1.56,-6.7,-6.5
1.56,-6.7,-6.5
1.56,-6.75,-6.39
1.47,-7.02,-6.4
1.47,-7.02,-6.4
1.47,-7.02,-6.4
1.44,-6.65,-6.4
1.44,-6.65,-6.4
1.44,-6.65,-6.4
1.6,-6.59,-6.29
1.6,-6.59,-6.29
1.58,-6.61,-6.33
1.32,-6.49,-6.56
1.37,-6.62,-6.49
1.37,-6.62,-6.49
1.66,-6.82,-6.2
1.66,-6.82,-6.2
1.66,-6.82,-6.2
1.32,-6.77,-6.34
1.32,-6.77,-6.34
1.32,-6.77,-6.34
1.43,-7.04,-6.25
1.43,-7.04,-6.25
1.43,-7.04,-6.25
1.55,-6.75,-6.14
1.47,-7.06,-6.23
1.47,-7.06,-6.23
1.35,-6.98,-6.35
1.35,-6.98,-6.35
1.35,-6.98,-6.35
1.27,-7.22,-6.2
1.27,-7.22,-6.2
1.27,-7.22,-6.2
1.09,-7.0,-6.31
1.09,-7.0,-6.31
1.09,-7.0,-6.31
1.59,-7.41,-6.31
1.59,-7.41,-6.31
1.59,-7.41,-6.31
1.05,-6.86,-6.56
1.05,-6.86,-6.56
1.05,-6.86,-6.56
1.29,-6.86,-5.98
1.29,-6.86,-5.98
1.29,-6.86,-5.98
1.9,-6.95,-6.19
1.9,-6.95,-6.19
1.55,-6.2,-6.3
1.26,-7.22,-6.22
1.26,-7.22,-6.22
1.26,-7.22,-6.22
0.84,-6.72,-6.29
0.84,-6.72,-6.29
0.84,-6.72,-6.29
1.26,-6.44,-6.2
1.26,-6.44,-6.2
1.26,-6.44,-6.2
1.47,-7.11,-6.02
1.47,-7.11,-6.02
1.34,-6.62,-5.99
0.88,-6.91,-5.89
0.88,-6.91,-5.89
0.88,-6.91,-5.89
0.85,-7.23,-6.37
0.85,-7.23,-6.37
0.85,-7.23,-6.37
0.99,-6.58,-6.39
0.99,-6.58,-6.39
0.99,-6.58,-6.39
1.02,-7.12,-5.65
1.02,-7.12,-5.65
0.91,-7.86,-5.4
1.29,-7.43,-6.28
1.29,-7.43,-6.28
1.29,-7.43,-6.28
1.12,-6.65,-6.12
1.12,-6.65,-6.12
1.12,-6.65,-6.12
1.01,-6.47,-5.76
1.01,-6.47,-5.76
1.01,-6.47,-5.76
1.43,-7.19,-5.83
1.43,-7.19,-5.83
1.54,-8.36,-5.54
1.36,-7.55,-5.61
1.36,-7.55,-5.61
1.36,-7.55,-5.61
1.73,-7.52,-5.13
1.73,-7.52,-5.13
1.73,-7.52,-5.13
1.34,-6.41,-5.61
1.34,-6.41,-5.61
1.34,-6.41,-5.61
0.98,-7.28,-5.51
0.98,-7.28,-5.51
0.37,-7.43,-5.57
1.09,-8.24,-4.84
1.09,-8.24,-4.84
1.09,-8.24,-4.84
1.4,-7.15,-5.36
1.4,-7.15,-5.36
1.4,-7.15,-5.36
1.85,-7.85,-5.75
1.85,-7.85,-5.75
1.85,-7.85,-5.75
1.12,-7.91,-4.73
1.12,-7.91,-4.73
1.12,-7.91,-4.73
1.02,-8.3,-4.72
1.02,-8.3,-4.72
1.02,-8.3,-4.72
-0.3,-7.73,-5.89
-0.3,-7.73,-5.89
-0.3,-7.73,-5.89
0.76,-7.01,-4.38
0.76,-7.01,-4.38
0.76,-7.01,-4.38
2.14,-9.19,-4.82
1.62,-8.77,-5.05
1.62,-8.77,-5.05
1.78,-7.81,-5.93
1.78,-7.81,-5.93
1.78,-7.81,-5.93
1.65,-8.02,-5.09
1.65,-8.02,-5.09
1.65,-8.02,-5.09
1.45,-9.45,-4.41
1.45,-9.45,-4.41
1.45,-9.45,-4.41
0.39,-7.46,-5.02
-0.11,-7.43,-6.05
1.14,-9.25,-5.53
1.14,-9.25,-5.53
1.14,-9.25,-5.53
1.7,-10.57,-4.45
1.7,-10.57,-4.45
1.7,-10.57,-4.45
2.64,-7.93,-5.71
2.64,-7.93,-5.71
2.64,-7.93,-5.71
1.1,-7.9,-6.45
0.72,-9.71,-5.87
0.72,-9.71,-5.87
0.83,-7.25,-4.7
0.83,-7.25,-4.7
0.83,-7.25,-4.7
-0.09,-7.34,-5.37
-0.09,-7.34,-5.37
-0.09,-7.34,-5.37
0.36,-8.12,-5.35
0.36,-8.12,-5.35
0.36,-8.12,-5.35
1.8,-5.31,-6.46
1.8,-5.31,-6.46
2.86,-6.21,-7.3
-0.58,-7.3,-6.18
-0.58,-7.3,-6.18
-0.12,-5.19,-5.34
-0.12,-5.19,-5.34
-0.12,-5.19,-5.34
-2.04,-5.98,-6.06
-2.04,-5.98,-6.06
-2.04,-5.98,-6.06
0.86,-6.57,-6.22
0.86,-6.57,-6.22
0.86,-6.57,-6.22
0.33,-8.65,-6.81
0.33,-8.65,-6.81
0.33,-8.65,-6.81
0.31,-3.76,-7.9
0.31,-3.76,-7.9
0.31,-3.76,-7.9
-0.98,-9.29,-5.97
-0.98,-9.29,-5.97
-0.98,-9.29,-5.97
-1.4,-4.19,-7.15
-1.4,-4.19,-7.15
-0.55,-4.87,-7.61
0.07,-6.49,-5.63
0.07,-6.49,-5.63
0.07,-6.49,-5.63
-1.31,-5.0,-7.3
-1.31,-5.0,-7.3
-1.31,-5.0,-7.3
1.7,-5.83,-6.51
1.7,-5.83,-6.51
1.7,-5.83,-6.51
-0.48,-7.7,-7.24
0.65,-7.01,-7.36
0.65,-7.01,-7.36
-1.81,-7.77,-6.94
-1.81,-7.77,-6.94
-1.81,-7.77,-6.94
0.6,-6.48,-6.94
0.6,-6.48,-6.94
0.6,-6.48,-6.94
-0.78,-4.64,-6.14
-0.78,-4.64,-6.14
-0.34,-4.53,-6.47
-1.68,-6.54,-6.42
-0.42,-5.67,-6.5
-0.42,-5.67,-6.5
-1.11,-7.38,-7.29
-1.11,-7.38,-7.29
-1.11,-7.38,-7.29
-0.16,-6.61,-6.82
-0.16,-6.61,-6.82
-0.16,-6.61,-6.82
-1.5,-7.78,-7.07
-1.5,-7.78,-7.07
0.34,-6.22,-6.56
0.67,-5.28,-6.35
-2.45,-6.41,-7.09
-2.45,-6.41,-7.09
1.03,-5.74,-6.7
1.03,-5.74,-6.7
1.03,-5.74,-6.7
-1.4,-6.69,-8.04
-1.4,-6.69,-8.04
-1.4,-6.69,-8.04
-0.63,-6.75,-6.94
-0.63,-6.75,-6.94
-0.63,-6.75,-6.94
1.07,-5.21,-6.24
1.07,-5.21,-6.24
1.07,-5.21,-6.24
-2.06,-3.65,-7.79
-2.06,-3.65,-7.79
-2.06,-3.65,-7.79
-0.67,-7.65,-6.51
-0.67,-7.65,-6.51
-0.67,-7.65,-6.51
-0.96,-4.33,-7.64
-0.96,-4.33,-7.64
-0.61,-7.01,-7.22
-1.52,-6.8,-7.18
-1.52,-6.8,-7.18
-1.44,-4.7,-7.16
-0.27,-6.4,-7.44
-0.27,-6.4,-7.44
-0.27,-6.4,-7.44
-1.18,-5.0,-7.31
-1.18,-5.0,-7.31
-1.18,-5.0,-7.31
-0.7,-6.01,-7.6
-0.7,-6.01,-7.6
-0.7,-6.01,-7.6
-0.04,-6.09,-6.56
-0.04,-6.09,-6.56
-0.04,-6.09,-6.56
-1.45,-5.0,-7.74
-1.45,-5.0,-7.74
-1.45,-5.0,-7.74
-1.32,-6.26,-6.94
-1.32,-6.26,-6.94
-1.32,-6.26,-6.94
-0.23,-5.53,-7.61
-0.23,-5.53,-7.61
0.08,-6.36,-7.18
-1.13,-5.99,-7.29
-1.13,-5.99,-7.29
-1.27,-4.82,-7.64
-0.15,-6.15,-7.09
-0.15,-6.15,-7.09
-0.15,-6.15,-7.09
-1.15,-4.67,-7.34
-1.15,-4.67,-7.34
-1.15,-4.67,-7.34
-0.6,-5.98,-7.22
-0.6,-5.98,-7.22
-1.62,-5.81,-7.63
0.0,-5.6,-7.32
0.0,-5.6,-7.32
0.0,-5.6,-7.32
-1.25,-5.41,-7.48
-1.25,-5.41,-7.48
-1.25,-5.41,-7.48
-1.02,-6.23,-7.16
-1.02,-6.23,-7.16
-1.02,-6.23,-7.16
-0.79,-4.59,-7.66
-0.79,-4.59,-7.66
-0.79,-4.59,-7.66
-1.39,-6.41,-7.74
-1.39,-6.41,-7.74
-1.39,-6.41,-7.74
-0.17,-5.14,-7.26
-0.17,-5.14,-7.26
-0.17,-5.14,-7.26
-1.32,-5.66,-7.37
-1.32,-5.66,-7.37
-1.32,-5.66,-7.37
-0.65,-4.88,-7.43
-0.65,-4.88,-7.43
-0.65,-4.88,-7.43
-0.85,-5.89,-7.32
-0.85,-5.89,-7.32
-0.85,-5.89,-7.32
-0.42,-4.9,-7.29
-0.42,-4.9,-7.29
-0.42,-4.9,-7.29
-1.09,-5.88,-7.67
-0.62,-5.36,-7.34
-0.62,-5.36,-7.34
-1.43,-5.7,-7.61
-1.43,-5.7,-7.61
-1.43,-5.7,-7.61
-0.21,-4.98,-7.17
-0.21,-4.98,-7.17
-0.21,-4.98,-7.17
-1.14,-5.87,-7.88
-1.14,-5.87,-7.88
-1.14,-5.87,-7.88
0.35,-5.13,-7.41
0.35,-5.13,-7.41
-0.98,-5.75,-7.45
-0.67,-4.86,-7.48
-0.67,-4.86,-7.48
-0.67,-4.86,-7.48
-0.89,-5.93,-7.55
-0.89,-5.93,-7.55
-0.89,-5.93,-7.55
-0.04,-5.08,-7.6
-0.04,-5.08,-7.6
-1.4,-5.62,-7.42
-1.4,-5.62,-7.42
-1.4,-5.62,-7.42
-0.78,-5.38,-7.37
-0.78,-5.38,-7.37
-0.78,-5.38,-7.37
-0.64,-5.47,-7.41
-0.64,-5.47,-7.41
-0.64,-5.47,-7.41
-1.06,-4.7,-7.38
-1.06,-4.7,-7.38
-1.06,-4.7,-7.38
-0.41,-6.08,-7.35
-0.41,-6.08,-7.35
-0.41,-6.08,-7.35
-0.35,-5.82,-7.56
-0.35,-5.82,-7.56
-0.35,-5.82,-7.56
-1.25,-5.17,-7.26
-1.25,-5.17,-7.26
-1.25,-5.17,-7.26
-0.32,-5.82,-7.64
-0.32,-5.82,-7.64
-0.32,-5.82,-7.64
-1.25,-5.62,-7.26
-1.25,-5.62,-7.26
-0.89,-5.5,-7.57
-0.17,-5.44,-7.26
-0.17,-5.44,-7.26
-0.17,-5.44,-7.26
-0.93,-5.73,-7.7
-0.93,-5.73,-7.7
-0.93,-5.73,-7.7
-1.39,-5.6,-7.12
-1.39,-5.6,-7.12
-1.39,-5.6,-7.12
-0.37,-5.22,-7.54
-0.37,-5.22,-7.54
-0.7,-5.77,-7.35
-0.97,-5.25,-7.8
-0.97,-5.25,-7.8
-0.97,-5.25,-7.8
-0.53,-5.43,-7.32
-0.53,-5.43,-7.32
-0.53,-5.43,-7.32
-0.49,-5.43,-7.51
-0.49,-5.43,-7.51
-0.49,-5.43,-7.51
-0.6,-5.12,-7.32
-0.6,-5.12,-7.32
-0.98,-5.25,-7.55
-0.32,-5.25,-7.23
-0.32,-5.25,-7.23
-0.32,-5.25,-7.23
-1.02,-6.1,-7.68
-1.02,-6.1,-7.68
-1.02,-6.1,-7.68
-0.62,-4.96,-7.59
-0.62,-4.96,-7.59
-0.62,-4.96,-7.59
-0.45,-4.64,-7.1
-0.45,-4.64,-7.1
-0.45,-4.64,-7.1
-0.96,-5.49,-7.67
-0.96,-5.49,-7.67
-0.96,-5.49,-7.67
-0.87,-5.73,-7.41
-0.87,-5.73,-7.41
-0.87,-5.73,-7.41
-0.65,-5.39,-7.73
-0.65,-5.39,-7.73
-0.65,-5.39,-7.73
-0.7,-5.5,-7.0
-0.7,-5.5,-7.0
0.01,-4.87,-7.03
-1.02,-5.27,-7.6
-1.03,-5.87,-7.56
-1.03,-5.87,-7.56
-0.33,-5.03,-7.43
-0.33,-5.03,-7.43
-0.33,-5.03,-7.43
-1.44,-5.69,-7.77
-1.44,-5.69,-7.77
-1.44,-5.69,-7.77
0.06,-5.2,-7.26
0.06,-5.2,-7.26
-0.4,-4.93,-7.35
-0.4,-4.93,-7.35
-0.4,-4.93,-7.35
-0.21,-5.95,-7.6
-0.21,-5.95,-7.6
-0.21,-5.95,-7.6
-1.0,-5.32,-7.72
-1.0,-5.32,-7.72
-1.0,-5.32,-7.72
-0.64,-5.85,-7.18
-0.64,-5.85,-7.18
-0.95,-5.21,-7.11
-0.34,-5.08,-7.42
-0.34,-5.08,-7.42
-0.34,-5.08,-7.42
-1.16,-5.62,-7.82
-1.16,-5.62,-7.82
-1.16,-5.62,-7.82
0.01,-5.62,-7.37
0.01,-5.62,-7.37
0.01,-5.62,-7.37
-1.12,-5.2,-7.4
-1.12,-5.2,-7.4
-1.29,-4.95,-7.42
-0.61,-5.72,-7.37
-0.61,-5.72,-7.37
-0.61,-5.72,-7.37
-0.6,-5.54,-7.52
-0.6,-5.54,-7.52
-0.6,-5.54,-7.52
-0.4,-4.86,-7.76
-0.4,-4.86,-7.76
-0.4,-4.86,-7.76
-1.05,-5.53,-7.39
-1.05,-5.53,-7.39
-0.42,-5.55,-7.56
-0.88,-5.46,-7.49
-0.88,-5.46,-7.49
-0.88,-5.46,-7.49
-0.59,-5.69,-7.53
-0.59,-5.69,-7.53
-0.59,-5.69,-7.53
-0.91,-4.97,-7.55
-0.91,-4.97,-7.55
-0.91,-4.97,-7.55
-0.02,-5.77,-7.67
-0.89,-6.4,-7.77
-0.89,-6.4,-7.77
-1.09,-5.0,-7.03
-1.09,-5.0,-7.03
-1.09,-5.0,-7.03
-0.34,-5.06,-7.24
-0.34,-5.06,-7.24
-0.34,-5.06,-7.24
-1.08,-5.45,-7.4
-1.08,-5.45,-7.4
-0.55,-5.15,-7.64
-0.23,-5.24,-7.45
-0.43,-5.46,-7.59
-0.43,-5.46,-7.59
-0.99,-5.96,-7.58
-0.99,-5.96,-7.58
-0.99,-5.96,-7.58
-0.79,-5.51,-7.31
-0.79,-5.51,-7.31
-0.79,-5.51,-7.31
-0.72,-4.66,-7.38
-0.72,-4.66,-7.38
-0.3,-4.98,-7.31
-0.71,-5.52,-7.27
-0.62,-5.29,-7.48
-0.62,-5.29,-7.48
-0.83,-6.11,-7.51
-0.83,-6.11,-7.51
-0.83,-6.11,-7.51
-0.63,-5.08,-7.58
-0.63,-5.08,-7.58
-0.63,-5.08,-7.58
-0.73,-5.39,-7.4
-0.73,-5.39,-7.4
-0.17,-4.81,-7.36
-0.6,-5.51,-8.01
-0.6,-5.51,-8.01
-0.83,-5.33,-7.66
-0.83,-5.33,-7.66
-0.83,-5.33,-7.66
-0.61,-5.37,-7.65
-0.61,-5.37,-7.65
-0.61,-5.37,-7.65
-1.06,-5.42,-7.25
-1.06,-5.42,-7.25
-1.06,-5.42,-7.25
-0.39,-4.98,-7.94
-0.39,-4.98,-7.94
-0.65,-5.54,-7.35
-1.04,-5.08,-7.85
-1.04,-5.08,-7.85
-1.04,-5.08,-7.85
-0.61,-5.52,-7.14
-0.61,-5.52,-7.14
-0.61,-5.52,-7.14
-0.6,-5.33,-7.72
-0.6,-5.33,-7.72
-0.6,-5.33,-7.72
-0.57,-4.95,-7.64
-0.57,-4.95,-7.64
-0.57,-4.95,-7.64
-0.56,-5.62,-7.56
-0.56,-5.62,-7.56
-0.56,-5.62,-7.56
-0.3,-4.95,-7.76
-0.3,-4.95,-7.76
-0.3,-4.95,-7.76
-1.11,-6.12,-7.51
-1.11,-6.12,-7.51
-1.11,-6.12,-7.51
-0.4,-4.65,-7.66
-0.69,-5.44,-7.58
-0.69,-5.44,-7.58
-0.46,-4.98,-7.42
-0.46,-4.98,-7.42
-0.46,-4.98,-7.42
-0.83,-5.84,-7.78
-0.83,-5.84,-7.78
-0.83,-5.84,-7.78
-0.06,-5.02,-7.51
-0.06,-5.02,-7.51
-0.71,-4.88,-7.57
-0.91,-5.53,-7.14
-0.91,-5.53,-7.14
-0.91,-5.53,-7.14
-0.61,-4.94,-7.45
-0.61,-4.94,-7.45
-0.61,-4.94,-7.45
-0.19,-5.24,-7.35
-0.19,-5.24,-7.35
-0.19,-5.24,-7.35
0.73,-4.26,-8.13
1.77,-4.91,-8.44
1.77,-4.91,-8.44
-32.6,-3.77,-11.74
-32.6,-3.77,-11.74
