aX,aY,aZ
-29.13,-0.81,-7.26
3.7,-1.25,-0.08
3.7,-1.25,-0.08
25.99,4.66,-17.11
2.73,-4.68,-11.02
2.73,-4.68,-11.02
2.73,-4.68,-11.02
3.21,-8.83,-7.69
3.21,-8.83,-7.69
3.21,-8.83,-7.69
-1.27,-6.04,-8.08
-1.27,-6.04,-8.08
-1.27,-6.04,-8.08
0.24,-6.46,-7.38
0.24,-6.46,-7.38
0.24,-6.46,-7.38
1.1,-5.72,-6.49
1.1,-5.72,-6.49
1.95,-4.8,-7.17
1.15,-5.21,-7.94
1.15,-5.21,-7.94
1.15,-5.21,-7.94
2.39,-6.62,-7.48
2.39,-6.62,-7.48
2.39,-6.62,-7.48
0.99,-5.92,-7.98
0.99,-5.92,-7.98
0.99,-5.92,-7.98
1.06,-5.56,-7.78
1.82,-5.88,-7.27
1.82,-5.88,-7.27
1.47,-5.68,-7.16
1.47,-5.68,-7.16
1.47,-5.68,-7.16
1.46,-5.27,-7.1
1.46,-5.27,-7.1
1.46,-5.27,-7.1
1.55,-6.43,-6.83
1.55,-6.43,-6.83
1.29,-6.41,-6.93
1.59,-5.94,-6.85
1.59,-5.94,-6.85
1.59,-5.94,-6.85
1.59,-7.48,-6.86
1.59,-7.48,-6.86
1.59,-7.48,-6.86
1.13,-5.91,-7.55
1.13,-5.91,-7.55
1.13,-5.91,-7.55
1.36,-6.45,-7.08
1.36,-6.45,-7.08
1.36,-6.45,-7.08
1.47,-6.04,-6.89
1.4,-6.3,-6.98
1.4,-6.3,-6.98
1.2,-6.45,-6.85
1.2,-6.45,-6.85
1.2,-6.45,-6.85
1.58,-6.06,-6.37
1.58,-6.06,-6.37
1.58,-6.06,-6.37
1.33,-6.51,-6.53
1.33,-6.51,-6.53
1.33,-6.51,-6.53
1.55,-6.19,-7.25
1.55,-6.19,-7.25
1.55,-6.19,-7.25
1.47,-6.22,-6.96
1.47,-6.22,-6.96
1.47,-6.22,-6.96
2.2,-6.42,-7.11
2.2,-6.42,-7.11
2.2,-6.42,-7.11
1.98,-6.78,-7.01
1.98,-6.78,-7.01
2.02,-6.44,-6.84
1.77,-6.39,-6.9
1.77,-6.39,-6.9
1.77,-6.39,-6.9
1.7,-6.77,-6.72
1.7,-6.77,-6.72
1.7,-6.77,-6.72
2.01,-6.52,-6.89
2.01,-6.52,-6.89
2.01,-6.52,-6.89
2.08,-6.32,-6.87
2.08,-6.32,-6.87
2.08,-6.32,-6.87
2.23,-6.58,-6.93
2.23,-6.58,-6.93
2.23,-6.58,-6.93
2.14,-6.52,-6.97
2.14,-6.52,-6.97
2.14,-6.52,-6.97
2.0,-5.98,-6.99
2.0,-5.98,-6.99
2.0,-5.98,-6.99
2.11,-5.59,-6.82
2.11,-5.59,-6.82
2.07,-5.28,-6.66
1.57,-4.95,-6.65
1.57,-4.95,-6.65
1.57,-4.95,-6.65
1.57,-5.37,-6.22
1.57,-5.37,-6.22
1.57,-5.37,-6.22
1.77,-5.15,-6.14
1.77,-5.15,-6.14
1.77,-5.15,-6.14
2.4,-4.64,-5.9
2.4,-4.64,-5.9
2.51,-4.82,-5.53
2.49,-5.03,-5.74
2.49,-5.03,-5.74
2.49,-5.03,-5.74
2.14,-5.54,-5.01
2.14,-5.54,-5.01
2.14,-5.54,-5.01
2.75,-5.94,-4.89
2.75,-5.94,-4.89
2.75,-5.94,-4.89
2.67,-7.4,-4.77
2.67,-7.4,-4.77
2.67,-7.4,-4.77
3.84,-7.13,-4.86
3.84,-7.13,-4.86
3.84,-7.13,-4.86
3.94,-10.0,-3.43
3.94,-10.0,-3.43
3.94,-10.0,-3.43
3.73,-8.78,-2.99
3.73,-8.78,-2.99
3.73,-8.78,-2.99
3.99,-9.39,-3.22
3.99,-9.39,-3.22
3.99,-9.39,-3.22
3.82,-7.97,-1.86
3.82,-7.97,-1.86
3.82,-7.97,-1.86
3.33,-6.62,-1.34
3.33,-6.62,-1.34
3.33,-6.62,-1.34
2.82,-7.86,0.06
2.82,-7.86,0.06
3.28,-8.69,0.43
3.28,-8.69,0.43
3.28,-8.69,0.43
1.62,-6.98,0.44
1.62,-6.98,0.44
1.62,-6.98,0.44
-1.05,-9.34,5.68
-1.05,-9.34,5.68
-1.05,-9.34,5.68
-0.3,-10.4,5.9
-0.3,-10.4,5.9
-0.3,-10.4,5.9
0.15,-8.66,5.97
0.15,-8.66,5.97
0.15,-8.66,5.97
-1.38,-10.9,6.85
-1.38,-10.9,6.85
-1.38,-10.9,6.85
-0.89,-12.18,7.32
-0.89,-12.18,7.32
-0.89,-12.18,7.32
-1.56,-8.6,5.23
-1.56,-8.6,5.23
-1.56,-8.6,5.23
-1.67,-10.37,6.67
-1.67,-10.37,6.67
-1.61,-11.02,7.02
-1.68,-9.0,5.85
-1.68,-9.0,5.85
-1.68,-9.0,5.85
-3.01,-9.17,5.84
-3.01,-9.17,5.84
-3.01,-9.17,5.84
-2.75,-9.18,5.76
-2.75,-9.18,5.76
-2.75,-9.18,5.76
-4.7,-8.59,4.69
-4.7,-8.59,4.69
-3.85,-9.0,5.48
-3.56,-9.38,5.38
-3.56,-9.38,5.38
-3.56,-9.38,5.38
-3.11,-8.85,4.68
-3.11,-8.85,4.68
-3.11,-8.85,4.68
-2.36,-7.41,3.41
-2.36,-7.41,3.41
-2.36,-7.41,3.41
-1.75,-8.33,3.66
-1.75,-8.33,3.66
-1.59,-8.71,3.97
-0.02,-7.78,3.8
-0.02,-7.78,3.8
-0.02,-7.78,3.8
0.36,-7.84,3.8
0.36,-7.84,3.8
0.36,-7.84,3.8
-0.25,-7.67,3.81
-0.25,-7.67,3.81
-0.25,-7.67,3.81
-0.07,-8.5,3.75
-0.07,-8.5,3.75
-0.07,-8.5,3.75
0.7,-8.13,3.53
0.7,-8.13,3.53
0.7,-8.13,3.53
-0.19,-8.26,2.76
-0.19,-8.26,2.76
-0.19,-8.26,2.76
-0.23,-7.81,2.06
-0.23,-7.81,2.06
-0.23,-7.81,2.06
-1.76,-10.0,2.47
-1.76,-10.0,2.47
-1.69,-10.24,2.67
-2.17,-10.48,2.83
-2.17,-10.48,2.83
-2.17,-10.48,2.83
-2.58,-10.9,2.41
-2.58,-10.9,2.41
-2.58,-10.9,2.41
-2.76,-9.66,1.83
-2.76,-9.66,1.83
-2.76,-9.66,1.83
-2.1,-10.72,2.57
-2.1,-10.72,2.57
-1.77,-10.74,2.53
-1.9,-8.78,1.86
-1.9,-8.78,1.86
-1.9,-8.78,1.86
-1.32,-8.44,2.02
-1.32,-8.44,2.02
-1.32,-8.44,2.02
-1.54,-9.08,1.96
-1.54,-9.08,1.96
-1.54,-9.08,1.96
-1.6,-8.62,2.33
-1.6,-8.62,2.33
-2.03,-8.81,2.7
-2.19,-8.98,2.55
-2.19,-8.98,2.55
-2.17,-8.74,1.77
-2.17,-8.74,1.77
-2.17,-8.74,1.77
-1.89,-8.64,1.25
-1.89,-8.64,1.25
-1.89,-8.64,1.25
-1.52,-9.09,1.05
-1.52,-9.09,1.05
-1.52,-9.09,1.05
-1.62,-9.68,1.56
-1.62,-9.68,1.56
-1.62,-9.68,1.56
-1.97,-9.95,1.68
-1.97,-9.95,1.68
-1.97,-9.95,1.68
-2.13,-9.25,1.5
-2.13,-9.25,1.5
-2.19,-9.25,1.45
-2.44,-8.95,1.34
-2.6,-8.79,1.37
-2.6,-8.79,1.37
-2.64,-8.83,0.91
-2.64,-8.83,0.91
-2.64,-8.83,0.91
-2.36,-8.36,0.68
-2.36,-8.36,0.68
-2.36,-8.36,0.68
-2.76,-7.9,0.18
-2.76,-7.9,0.18
-2.52,-7.92,0.4
-2.48,-8.27,0.66
-2.72,-9.07,0.91
-2.72,-9.07,0.91
-2.6,-10.14,0.94
-2.6,-10.14,0.94
-2.6,-10.14,0.94
-2.22,-11.04,0.5
-2.22,-11.04,0.5
-2.22,-11.04,0.5
-1.68,-12.96,0.55
-1.68,-12.96,0.55
-1.44,-13.78,0.66
-1.92,-14.07,0.23
-2.61,-13.68,-0.33
-2.61,-13.68,-0.33
-1.79,-13.69,0.14
-1.79,-13.69,0.14
-1.79,-13.69,0.14
-1.38,-14.22,0.6
-1.38,-14.22,0.6
-0.34,-13.27,1.31
-0.34,-13.27,1.31
-0.34,-13.27,1.31
0.1,-11.24,0.5
0.1,-11.24,0.5
0.1,-11.24,0.5
-0.91,-10.0,0.09
-0.91,-10.0,0.09
-0.91,-10.0,0.09
-0.7,-9.49,-0.6
-0.7,-9.49,-0.6
-0.7,-9.49,-0.6
0.33,-8.9,-0.36
0.33,-8.9,-0.36
0.33,-8.9,-0.36
1.93,-6.0,-10.71
1.93,-6.0,-10.71
1.54,-3.18,-3.29
1.54,-3.18,-3.29
1.54,-3.18,-3.29
1.32,-1.27,-3.12
1.32,-1.27,-3.12
1.32,-1.27,-3.12
2.3,-0.94,-2.58
2.3,-0.94,-2.58
2.3,-0.94,-2.58
3.48,-1.31,-2.05
3.48,-1.31,-2.05
3.48,-1.31,-2.05
4.48,-2.08,-1.45
4.48,-2.08,-1.45
4.48,-2.08,-1.45
5.35,-3.67,-0.83
5.35,-3.67,-0.83
5.35,-3.67,-0.83
5.21,-4.16,-0.32
5.21,-4.16,-0.32
5.21,-4.16,-0.32
5.2,-6.05,1.04
5.2,-6.05,1.04
5.2,-6.05,1.04
5.96,-8.04,0.63
5.96,-8.04,0.63
5.96,-8.04,0.63
3.49,-7.8,0.7
3.49,-7.8,0.7
3.49,-7.8,0.7
2.98,-8.83,0.78
2.98,-8.83,0.78
1.76,-11.42,6.81
1.76,-11.42,6.81
1.72,-8.67,0.95
-0.01,-9.67,5.36
-0.01,-9.67,5.36
-0.01,-9.67,5.36
-1.14,-9.41,4.62
-1.14,-9.41,4.62
-1.14,-9.41,4.62
-0.53,-11.85,6.76
-0.53,-11.85,6.76
-1.12,-10.76,6.37
-1.59,-8.91,6.83
-1.59,-8.91,6.83
-1.59,-8.91,6.83
-1.78,-10.45,6.82
-1.78,-10.45,6.82
-1.78,-10.45,6.82
-1.6,-9.44,6.15
-1.6,-9.44,6.15
-1.6,-9.44,6.15
-1.64,-10.36,6.56
-1.64,-10.36,6.56
-1.64,-10.36,6.56
-1.88,-9.06,6.21
-1.88,-9.06,6.21
-1.99,-8.74,6.16
-2.91,-9.36,7.01
-2.91,-9.36,7.01
-2.91,-9.36,7.01
-2.7,-7.31,6.29
-2.7,-7.31,6.29
-2.7,-7.31,6.29
-2.66,-7.71,6.72
-2.66,-7.71,6.72
-2.82,-7.91,6.91
-2.89,-6.23,6.67
-2.89,-6.23,6.67
-2.89,-6.23,6.67
-2.47,-7.09,6.99
-2.47,-7.09,6.99
-2.47,-7.09,6.99
-5.32,-7.1,5.75
-5.32,-7.1,5.75
-5.32,-7.1,5.75
-3.27,-6.31,6.35
-3.27,-6.31,6.35
-3.27,-6.31,6.35
-3.67,-7.3,6.57
-3.76,-7.44,6.37
-3.76,-7.44,6.37
-3.53,-6.56,6.13
-3.53,-6.56,6.13
-3.53,-6.56,6.13
-3.22,-7.2,6.51
-3.22,-7.2,6.51
-3.22,-7.2,6.51
-2.8,-6.23,5.87
-2.8,-6.23,5.87
-2.77,-6.47,6.18
-2.72,-7.38,6.05
-2.41,-6.96,6.63
-2.41,-6.96,6.63
-2.38,-6.86,6.12
-2.38,-6.86,6.12
-2.38,-6.86,6.12
-1.73,-6.8,6.12
-1.73,-6.8,6.12
-1.73,-6.8,6.12
-1.22,-6.51,5.74
-1.22,-6.51,5.74
-0.82,-6.87,5.6
-0.76,-6.4,5.75
-0.76,-6.4,5.75
-0.76,-6.4,5.75
-2.4,-6.93,5.77
-2.4,-6.93,5.77
-2.4,-6.93,5.77
-4.03,-6.2,5.32
-4.03,-6.2,5.32
-4.03,-6.2,5.32
-5.32,-6.83,5.61
-5.32,-6.83,5.61
-5.7,-7.2,5.59
-6.86,-6.84,4.33
-6.86,-6.84,4.33
-6.86,-6.84,4.33
-7.33,-6.8,4.65
-7.33,-6.8,4.65
-7.33,-6.8,4.65
-6.22,-7.57,4.92
-6.22,-7.57,4.92
-6.22,-7.57,4.92
-4.55,-6.34,4.8
-4.55,-6.34,4.8
-4.24,-5.82,4.87
-5.26,-6.81,5.45
-5.26,-6.81,5.45
-5.26,-6.81,5.45
-5.34,-5.54,4.97
-5.34,-5.54,4.97
-5.34,-5.54,4.97
-5.41,-7.42,5.66
-5.41,-7.42,5.66
-5.38,-6.36,5.39
-5.38,-5.0,4.31
-5.38,-5.0,4.31
-6.08,-4.6,3.79
-6.52,-6.86,4.63
-6.52,-6.86,4.63
-6.52,-6.86,4.63
-6.28,-6.15,4.33
-6.28,-6.15,4.33
-6.28,-6.15,4.33
-5.25,-6.34,4.77
-5.25,-6.34,4.77
-5.25,-6.34,4.77
-4.82,-6.39,4.9
-4.82,-6.39,4.9
-4.64,-5.86,4.7
-4.82,-6.49,5.18
-4.82,-6.49,5.18
-4.82,-6.49,5.18
-4.84,-5.8,4.84
-4.84,-5.8,4.84
-4.84,-5.8,4.84
-5.6,-6.46,4.96
-5.6,-6.46,4.96
-5.79,-6.67,5.28
-5.43,-6.17,5.03
-5.43,-6.17,5.03
-5.46,-6.11,4.87
-5.79,-6.03,4.8
-5.79,-6.03,4.8
-5.79,-6.03,4.8
-5.4,-6.25,5.01
-5.4,-6.25,5.01
-5.17,-6.1,5.04
-5.17,-6.1,5.04
-5.17,-6.1,5.04
-5.56,-6.06,4.82
-5.58,-6.05,4.82
-5.58,-6.05,4.82
-5.65,-6.2,4.88
-5.65,-6.2,4.88
-5.65,-6.2,4.88
-5.69,-5.91,4.77
-5.69,-5.91,4.77
-5.69,-5.91,4.77
-5.67,-5.68,4.67
-5.67,-5.68,4.67
-5.67,-5.68,4.67
-5.64,-6.08,4.93
-5.64,-6.08,4.93
-5.64,-6.08,4.93
-5.64,-5.69,4.67
-5.64,-5.69,4.67
-5.64,-5.69,4.67
-5.79,-5.74,4.78
-5.79,-5.74,4.78
-5.79,-5.74,4.78
-5.36,-6.31,5.26
-5.36,-6.31,5.26
-5.36,-6.31,5.26
-5.57,-6.18,4.91
-5.57,-6.18,4.91
-5.57,-6.18,4.91
-5.93,-6.29,5.14
-5.93,-6.29,5.14
-5.93,-6.29,5.14
-6.59,-6.23,4.46
-6.59,-6.23,4.46
-6.59,-6.23,4.46
-5.44,-5.56,4.18
-5.44,-5.56,4.18
-5.44,-5.56,4.18
-6.22,-5.44,4.92
-7.27,-6.46,5.27
-7.27,-6.46,5.27
-5.66,-6.67,5.44
-5.66,-6.67,5.44
-5.66,-6.67,5.44
-5.32,-7.11,6.25
-5.32,-7.11,6.25
-5.32,-7.11,6.25
-4.72,-6.05,5.15
-4.72,-6.05,5.15
-4.72,-6.05,5.15
-4.29,-6.85,5.77
-4.29,-6.85,5.77
-4.29,-6.85,5.77
-4.23,-5.45,6.0
-4.23,-5.45,6.0
-4.23,-5.45,6.0
-3.2,-7.32,6.23
-3.2,-7.32,6.23
-3.2,-7.32,6.23
-1.81,-5.95,5.67
-1.81,-5.95,5.67
-1.81,-5.95,5.67
-2.3,-6.45,5.82
-2.3,-6.45,5.82
-2.24,-6.59,5.93
-1.92,-5.86,6.15
-1.92,-5.86,6.15
-1.92,-5.86,6.15
-2.34,-6.53,6.44
-2.34,-6.53,6.44
-2.34,-6.53,6.44
-2.12,-7.26,6.7
-2.12,-7.26,6.7
-2.08,-5.46,6.23
-2.08,-5.46,6.23
-2.6,-5.77,6.48
-3.08,-7.35,7.08
-3.08,-7.35,7.08
-3.08,-7.35,7.08
-4.14,-6.26,6.82
-4.14,-6.26,6.82
-4.14,-6.26,6.82
-4.42,-6.26,7.61
-4.42,-6.26,7.61
-4.42,-6.26,7.61
-3.79,-6.48,7.02
-3.7,-5.85,6.59
-3.7,-5.85,6.59
-3.17,-6.04,6.9
-3.17,-6.04,6.9
-3.17,-6.04,6.9
-3.3,-5.54,6.33
-3.3,-5.54,6.33
-3.3,-5.54,6.33
-3.16,-5.48,6.08
-3.16,-5.48,6.08
-3.16,-5.48,6.08
-4.24,-6.04,6.19
-3.89,-6.27,6.66
-3.89,-6.27,6.66
-3.36,-6.95,6.8
-3.36,-6.95,6.8
-3.36,-6.95,6.8
-2.78,-5.91,6.14
-2.78,-5.91,6.14
-2.78,-5.91,6.14
-2.76,-6.02,6.05
-2.97,-6.07,6.18
-2.97,-6.07,6.18
-3.29,-6.44,6.36
-3.2,-6.94,6.56
-3.2,-6.94,6.56
-3.0,-6.57,6.03
-3.0,-6.57,6.03
-3.0,-6.57,6.03
-2.75,-6.79,6.38
-2.75,-6.79,6.38
-2.75,-6.79,6.38
-2.48,-6.19,6.59
-2.48,-6.19,6.59
-2.48,-6.19,6.59
-2.75,-6.19,6.66
-2.94,-6.44,6.88
-2.94,-6.44,6.88
-3.11,-6.59,6.54
-3.11,-6.59,6.54
-3.11,-6.59,6.54
-3.22,-6.89,6.76
-3.22,-6.89,6.76
-3.22,-6.89,6.76
-3.16,-6.34,7.26
-2.55,-6.41,7.23
-2.55,-6.41,7.23
-2.75,-6.07,6.92
-2.75,-6.07,6.92
-2.75,-6.07,6.92
-3.02,-6.18,6.97
-3.02,-6.18,6.97
-3.02,-6.18,6.97
-2.89,-6.9,7.08
-2.89,-6.9,7.08
-2.89,-6.9,7.08
-2.88,-6.65,6.92
-2.88,-6.65,6.92
-2.58,-6.21,6.86
-3.09,-6.83,6.92
-3.09,-6.83,6.92
-3.09,-6.83,6.92
-3.14,-6.92,6.62
-3.14,-6.92,6.62
-3.14,-6.92,6.62
-2.89,-6.51,6.13
-2.89,-6.51,6.13
-2.89,-6.51,6.13
-2.74,-6.9,6.24
-2.74,-6.9,6.24
-2.69,-7.16,6.37
-2.46,-7.15,6.61
-2.46,-7.15,6.61
-2.46,-7.15,6.61
-2.43,-6.25,6.43
-2.43,-6.25,6.43
-2.43,-6.25,6.43
-2.34,-6.6,6.69
-2.34,-6.6,6.69
-2.34,-6.6,6.69
-2.56,-6.45,6.66
-2.56,-6.45,6.66
-2.87,-6.38,6.42
-2.87,-6.38,6.42
-2.87,-6.38,6.42
-2.74,-6.66,6.52
-2.74,-6.66,6.52
-2.74,-6.66,6.52
-2.68,-7.41,6.73
-2.68,-7.41,6.73
-2.68,-7.41,6.73
-2.34,-7.02,6.6
-2.34,-7.02,6.6
-2.35,-6.66,6.53
-2.71,-6.47,6.49
-2.71,-6.47,6.49
-2.71,-6.47,6.49
-2.72,-6.95,7.15
-2.72,-6.95,7.15
-2.72,-6.95,7.15
-2.88,-6.36,6.84
-2.88,-6.36,6.84
-2.88,-6.36,6.84
-2.8,-7.15,6.36
-2.8,-7.15,6.36
-2.57,-7.36,6.29
-2.29,-6.6,6.23
-2.29,-6.6,6.23
-2.29,-6.6,6.23
-2.72,-6.91,6.77
-2.72,-6.91,6.77
-2.72,-6.91,6.77
-2.7,-6.84,7.02
-2.7,-6.84,7.02
-2.7,-6.84,7.02
-2.84,-6.88,6.42
-2.84,-6.88,6.42
-2.71,-6.64,5.98
-2.59,-6.92,6.14
-2.59,-6.92,6.14
-2.59,-6.92,6.14
-2.61,-6.64,6.67
-2.61,-6.64,6.67
-2.61,-6.64,6.67
-3.23,-6.28,6.62
-3.23,-6.28,6.62
-3.23,-6.28,6.62
-3.3,-6.47,6.42
-3.1,-6.28,6.41
-3.1,-6.28,6.41
-3.3,-7.04,6.49
-3.3,-7.04,6.49
-3.3,-7.04,6.49
-3.02,-6.92,6.52
-3.02,-6.92,6.52
-3.02,-6.92,6.52
-3.53,-7.32,6.59
-3.53,-7.32,6.59
-3.46,-7.25,6.41
-3.1,-6.78,6.38
-3.06,-6.88,6.31
-3.06,-6.88,6.31
-2.95,-7.26,6.42
-2.95,-7.26,6.42
-2.95,-7.26,6.42
-2.44,-7.29,6.37
-2.44,-7.29,6.37
-2.44,-7.29,6.37
-2.32,-7.4,6.23
-2.32,-7.4,6.23
-2.32,-7.4,6.23
-2.48,-7.11,6.38
-2.48,-7.11,6.38
-2.56,-7.91,6.73
-2.54,-7.14,6.37
-2.54,-7.14,6.37
-2.54,-7.14,6.37
-2.15,-7.48,5.99
-2.15,-7.48,5.99
-2.15,-7.48,5.99
-2.01,-7.59,6.15
-2.01,-7.59,6.15
-2.01,-7.59,6.15
-1.96,-7.7,6.39
-1.96,-7.7,6.39
-1.96,-7.7,6.39
-2.24,-7.06,5.55
-2.24,-7.06,5.55
-2.24,-7.06,5.55
-2.67,-8.17,6.37
-2.67,-8.17,6.37
-2.67,-8.17,6.37
-1.86,-7.98,5.87
-1.86,-7.98,5.87
-1.86,-7.98,5.87
-1.76,-7.72,6.26
-1.76,-7.72,6.26
-1.54,-8.02,6.01
-2.29,-8.26,5.92
-2.29,-8.26,5.92
-2.29,-8.26,5.92
-2.28,-7.18,5.01
-2.28,-7.18,5.01
-2.28,-7.18,5.01
-2.39,-6.88,5.01
-2.39,-6.88,5.01
-2.39,-6.88,5.01
-1.8,-8.83,5.3
-1.8,-8.83,5.3
-1.8,-8.83,5.3
-1.51,-8.6,4.91
-1.51,-8.6,4.91
-1.51,-8.6,4.91
-1.82,-8.44,4.46
-1.82,-8.44,4.46
-1.82,-8.44,4.46
-2.0,-9.1,4.58
-2.0,-9.1,4.58
-1.92,-8.93,4.42
-1.64,-9.17,4.18
-1.43,-9.14,4.28
-1.43,-9.14,4.28
-1.21,-8.87,4.24
-1.21,-8.87,4.24
-1.21,-8.87,4.24
-1.34,-8.44,3.69
-1.34,-8.44,3.69
-1.34,-8.44,3.69
-1.08,-9.84,3.65
-1.08,-9.84,3.65
-1.07,-10.12,3.49
-1.16,-9.97,3.31
-1.12,-9.53,3.25
-1.12,-9.53,3.25
-1.37,-9.79,2.77
-1.37,-9.79,2.77
-1.37,-9.79,2.77
-1.45,-10.15,2.65
-1.45,-10.15,2.65
-1.45,-10.15,2.65
-1.23,-9.61,1.86
-1.23,-9.61,1.86
-1.23,-9.61,1.86
-1.25,-10.24,1.91
-1.25,-10.24,1.91
-1.13,-10.54,1.68
-1.19,-9.95,0.82
-1.19,-9.95,0.82
-1.19,-9.95,0.82
-1.14,-10.47,0.81
-1.14,-10.47,0.81
-1.14,-10.47,0.81
-1.35,-9.26,0.34
-1.35,-9.26,0.34
-1.35,-9.26,0.34
-1.08,-10.56,-0.3
-1.08,-10.56,-0.3
-1.08,-10.56,-0.3
-0.27,-8.54,-0.77
-0.27,-8.54,-0.77
-0.27,-8.54,-0.77
-0.34,-8.86,-0.99
-0.34,-8.86,-0.99
-0.34,-8.86,-0.99
-0.14,-9.04,-1.32
-0.14,-9.04,-1.32
-0.14,-9.04,-1.32
0.64,-9.29,-0.25
-1.76,-5.84,-10.54
-1.76,-5.84,-10.54
1.72,-5.32,-3.09
1.72,-5.32,-3.09
1.14,-9.14,-2.56
1.14,-9.14,-2.56
1.14,-9.14,-2.56
1.15,-6.68,-3.9
1.15,-6.68,-3.9
1.32,-6.79,-4.05
1.59,-8.14,-3.78
1.62,-8.3,-3.77
1.62,-8.3,-3.77
1.49,-7.36,-4.24
1.49,-7.36,-4.24
1.49,-7.36,-4.24
1.93,-8.31,-4.76
1.93,-8.31,-4.76
1.93,-8.31,-4.76
1.73,-7.24,-4.76
1.73,-7.24,-4.76
1.92,-7.37,-4.77
2.02,-7.24,-4.94
2.02,-7.24,-4.94
2.02,-7.24,-4.94
2.38,-6.47,-5.52
2.38,-6.47,-5.52
2.38,-6.47,-5.52
2.71,-6.11,-5.63
2.71,-6.11,-5.63
2.71,-6.11,-5.63
2.58,-5.74,-5.39
2.58,-5.74,-5.39
2.58,-5.74,-5.39
2.86,-6.88,-5.25
3.18,-6.45,-5.71
3.18,-6.45,-5.71
3.2,-5.79,-6.28
3.2,-5.79,-6.28
3.2,-5.79,-6.28
3.29,-5.7,-5.82
3.29,-5.7,-5.82
3.29,-5.7,-5.82
2.97,-5.5,-6.05
2.97,-5.5,-6.05
2.42,-5.36,-6.18
3.03,-5.95,-5.66
3.03,-5.95,-5.66
3.03,-5.95,-5.66
3.46,-5.78,-5.56
3.46,-5.78,-5.56
3.46,-5.78,-5.56
2.9,-5.78,-6.89
2.9,-5.78,-6.89
2.9,-5.78,-6.89
3.07,-6.67,-6.61
3.07,-6.67,-6.61
3.29,-5.89,-6.22
2.87,-5.72,-6.32
2.87,-5.72,-6.32
2.91,-5.99,-6.83
2.91,-5.99,-6.83
2.91,-5.99,-6.83
2.88,-6.07,-6.39
2.88,-6.07,-6.39
2.88,-6.07,-6.39
2.7,-6.54,-7.14
2.7,-6.54,-7.14
2.46,-5.84,-7.38
2.66,-6.44,-7.03
2.43,-6.61,-6.83
2.43,-6.61,-6.83
2.57,-6.11,-6.58
2.57,-6.11,-6.58
2.57,-6.11,-6.58
2.14,-6.0,-7.43
2.14,-6.0,-7.43
2.14,-6.0,-7.43
2.56,-6.35,-6.23
2.56,-6.35,-6.23
2.56,-6.35,-6.23
2.15,-6.73,-6.65
2.15,-6.73,-6.65
2.15,-6.73,-6.65
2.47,-5.74,-6.72
2.47,-5.74,-6.72
2.47,-5.74,-6.72
2.31,-5.59,-6.96
2.31,-5.59,-6.96
2.31,-5.59,-6.96
2.08,-6.15,-6.95
2.08,-6.15,-6.95
2.08,-6.15,-6.95
2.41,-6.1,-6.74
2.41,-6.1,-6.74
2.41,-6.1,-6.74
1.99,-6.05,-7.21
1.99,-6.05,-7.21
1.99,-6.05,-7.21
1.95,-6.51,-7.0
1.95,-6.51,-7.0
1.95,-6.51,-7.0
1.91,-6.21,-6.44
1.91,-6.21,-6.44
1.91,-6.21,-6.44
1.96,-5.94,-6.83
1.96,-5.94,-6.83
1.96,-5.94,-6.83
2.1,-6.36,-6.81
2.1,-6.36,-6.81
2.1,-6.36,-6.81
1.87,-6.46,-7.04
1.87,-6.46,-7.04
1.87,-6.46,-7.04
1.6,-6.27,-6.89
1.6,-6.27,-6.89
1.6,-6.27,-6.89
1.64,-6.33,-6.68
1.64,-6.33,-6.68
1.64,-6.33,-6.68
1.53,-6.39,-6.93
1.53,-6.39,-6.93
1.53,-6.39,-6.93
1.61,-6.46,-6.94
1.61,-6.46,-6.94
1.61,-6.46,-6.94
1.66,-6.43,-6.87
1.66,-6.43,-6.87
1.97,-6.42,-6.7
1.61,-6.68,-6.85
1.61,-6.68,-6.85
1.61,-6.68,-6.85
1.54,-6.55,-6.83
1.54,-6.55,-6.83
1.54,-6.55,-6.83
1.4,-6.72,-7.07
1.4,-6.72,-7.07
1.4,-6.72,-7.07
1.44,-6.21,-7.18
1.47,-5.98,-6.9
1.47,-5.98,-6.9
1.45,-6.71,-6.63
1.45,-6.71,-6.63
1.45,-6.71,-6.63
1.47,-6.3,-6.97
1.47,-6.3,-6.97
1.47,-6.3,-6.97
1.57,-6.65,-6.59
1.57,-6.65,-6.59
1.57,-6.65,-6.59
1.51,-6.15,-6.82
1.51,-6.15,-6.82
1.51,-6.15,-6.82
1.33,-6.24,-7.03
1.33,-6.24,-7.03
1.33,-6.24,-7.03
1.45,-6.12,-6.83
1.45,-6.12,-6.83
1.45,-6.12,-6.83
1.41,-6.42,-6.87
1.41,-6.42,-6.87
1.41,-6.42,-6.87
1.5,-6.18,-7.04
1.5,-6.18,-7.04
1.39,-6.45,-6.85
1.44,-6.08,-6.85
1.44,-6.08,-6.85
1.44,-6.08,-6.85
1.28,-5.86,-6.86
1.28,-5.86,-6.86
1.28,-5.86,-6.86
1.45,-6.62,-6.74
1.45,-6.62,-6.74
1.45,-6.62,-6.74
1.38,-6.2,-6.86
1.4,-6.45,-6.63
1.4,-6.45,-6.63
1.36,-5.81,-6.8
1.36,-5.81,-6.8
1.4,-6.7,-6.79
1.4,-6.7,-6.79
1.4,-6.7,-6.79
1.2,-6.11,-6.78
1.2,-6.11,-6.78
1.2,-6.11,-6.78
1.48,-7.0,-6.73
1.48,-7.0,-6.73
1.54,-6.83,-6.74
1.39,-6.31,-6.73
1.39,-6.31,-6.73
1.39,-6.31,-6.73
1.45,-6.25,-6.57
1.45,-6.25,-6.57
1.45,-6.25,-6.57
1.42,-6.43,-6.84
1.42,-6.43,-6.84
1.42,-6.43,-6.84
1.42,-6.76,-6.64
1.42,-6.76,-6.64
1.39,-6.17,-6.73
1.37,-6.11,-6.51
1.37,-6.11,-6.51
1.37,-6.11,-6.51
1.37,-6.7,-6.49
1.37,-6.7,-6.49
1.37,-6.7,-6.49
1.35,-7.07,-6.62
1.35,-7.07,-6.62
1.35,-7.07,-6.62
1.51,-6.58,-6.68
1.51,-6.58,-6.68
1.51,-6.58,-6.68
1.0,-6.53,-6.54
1.0,-6.53,-6.54
1.0,-6.53,-6.54
1.21,-5.91,-6.36
1.21,-5.91,-6.36
1.21,-5.91,-6.36
1.33,-6.36,-6.4
1.33,-6.36,-6.4
1.33,-6.36,-6.4
1.07,-7.02,-6.41
1.07,-7.02,-6.41
1.07,-7.02,-6.41
0.95,-7.65,-5.9
0.95,-7.65,-5.9
0.95,-7.65,-5.9
0.62,-6.65,-6.17
0.62,-6.65,-6.17
0.54,-5.89,-6.46
0.54,-5.89,-6.46
0.54,-5.89,-6.46
0.76,-7.11,-5.53
0.76,-7.11,-5.53
0.76,-7.11,-5.53
0.52,-7.64,-5.49
0.52,-7.64,-5.49
0.52,-7.64,-5.49
1.72,-7.34,-5.93
1.72,-7.34,-5.93
1.72,-7.34,-5.93
1.32,-6.68,-5.36
1.32,-6.68,-5.36
1.32,-6.68,-5.36
0.68,-7.29,-5.87
0.68,-7.29,-5.87
0.68,-7.29,-5.87
1.2,-8.97,-6.09
1.2,-8.97,-6.09
1.2,-8.97,-6.09
0.28,-8.09,-5.22
0.28,-8.09,-5.22
0.28,-8.09,-5.22
2.09,-7.26,-5.03
2.09,-7.26,-5.03
1.13,-6.6,-5.7
0.75,-6.93,-5.21
0.75,-6.93,-5.21
0.76,-7.54,-5.65
0.76,-7.54,-5.65
0.76,-7.54,-5.65
0.41,-7.7,-4.51
0.41,-7.7,-4.51
0.41,-7.7,-4.51
0.72,-8.03,-4.76
0.72,-8.03,-4.76
0.72,-8.03,-4.76
1.47,-8.96,-5.42
1.47,-8.96,-5.42
1.47,-8.96,-5.42
1.01,-8.48,-5.14
1.01,-8.48,-5.14
1.01,-8.48,-5.14
2.66,-8.42,-5.99
2.66,-8.42,-5.99
2.66,-8.42,-5.99
2.05,-10.69,-6.0
2.05,-10.69,-6.0
1.07,-11.22,-5.41
0.63,-8.51,-5.87
0.18,-5.63,-6.37
0.18,-5.63,-6.37
1.29,-7.85,-4.56
1.29,-7.85,-4.56
1.29,-7.85,-4.56
0.65,-8.65,-5.31
0.65,-8.65,-5.31
0.65,-8.65,-5.31
0.72,-7.95,-5.53
0.73,-7.52,-5.84
0.73,-7.52,-5.84
0.55,-6.28,-5.54
0.55,-6.28,-5.54
1.18,-6.11,-5.49
0.05,-7.62,-5.89
0.05,-7.62,-5.89
0.05,-7.62,-5.89
0.77,-8.91,-5.75
0.77,-8.91,-5.75
0.77,-8.91,-5.75
-0.08,-5.81,-6.74
-0.08,-5.81,-6.74
2.59,-7.13,-6.22
-1.01,-7.92,-6.34
-1.01,-7.92,-6.34
-1.01,-7.92,-6.34
0.39,-6.11,-6.23
0.39,-6.11,-6.23
0.39,-6.11,-6.23
0.67,-7.02,-6.6
0.67,-7.02,-6.6
0.67,-7.02,-6.6
-0.67,-6.64,-6.71
0.43,-4.58,-6.81
0.43,-4.58,-6.81
-0.11,-6.41,-7.21
-0.11,-6.41,-7.21
-0.11,-6.41,-7.21
0.9,-5.73,-7.3
0.9,-5.73,-7.3
0.9,-5.73,-7.3
-0.96,-5.56,-6.84
-0.96,-5.56,-6.84
-0.96,-5.56,-6.84
-0.29,-5.54,-6.68
-0.29,-5.54,-6.68
-0.29,-5.54,-6.68
-0.9,-5.66,-7.87
-0.9,-5.66,-7.87
-0.9,-5.66,-7.87
-0.26,-4.89,-6.98
-0.26,-4.89,-6.98
-0.26,-4.89,-6.98
1.57,-5.32,-7.05
1.57,-5.32,-7.05
1.57,-5.32,-7.05
-0.59,-6.18,-7.8
-0.59,-6.18,-7.8
-0.59,-6.18,-7.8
-1.42,-5.82,-7.12
-1.42,-5.82,-7.12
-1.42,-5.82,-7.12
0.68,-6.21,-7.93
0.68,-6.21,-7.93
0.68,-6.21,-7.93
-0.51,-6.38,-7.51
-0.51,-6.38,-7.51
-0.51,-6.38,-7.51
0.03,-5.41,-6.6
0.03,-5.41,-6.6
0.03,-5.41,-6.6
2.02,-4.04,-7.21
2.02,-4.04,-7.21
2.02,-4.04,-7.21
-1.05,-5.65,-7.41
-1.05,-5.65,-7.41
-1.05,-5.65,-7.41
0.43,-6.33,-7.79
0.43,-6.33,-7.79
0.43,-6.33,-7.79
-1.54,-4.17,-7.66
-1.54,-4.17,-7.66
-1.54,-4.17,-7.66
1.28,-6.99,-7.26
-0.97,-6.93,-7.74
-0.97,-6.93,-7.74
0.97,-5.38,-6.68
0.97,-5.38,-6.68
0.97,-5.38,-6.68
-1.29,-5.72,-8.29
-1.29,-5.72,-8.29
-1.29,-5.72,-8.29
1.28,-5.75,-6.95
1.28,-5.75,-6.95
1.38,-3.83,-7.54
-1.7,-6.97,-7.3
-1.7,-6.97,-7.3
-1.7,-6.97,-7.3
0.56,-4.45,-6.94
0.56,-4.45,-6.94
0.56,-4.45,-6.94
-0.67,-5.87,-7.66
-0.67,-5.87,-7.66
-0.67,-5.87,-7.66
0.27,-5.49,-7.67
0.27,-5.49,-7.67
-1.02,-6.56,-7.88
0.47,-4.19,-7.45
0.47,-4.19,-7.45
0.47,-4.19,-7.45
-1.01,-6.0,-7.34
-1.01,-6.0,-7.34
-1.01,-6.0,-7.34
-0.23,-5.32,-6.87
-0.23,-5.32,-6.87
-0.23,-5.32,-6.87
-0.04,-5.8,-7.44
-0.04,-5.8,-7.44
0.03,-5.66,-7.35
-0.11,-6.24,-8.2
-0.11,-6.24,-8.2
-0.11,-6.24,-8.2
-0.81,-4.99,-7.08
-0.81,-4.99,-7.08
-0.81,-4.99,-7.08
0.18,-5.71,-7.55
0.18,-5.71,-7.55
0.18,-5.71,-7.55
-0.45,-5.31,-7.56
-0.45,-5.31,-7.56
-0.58,-4.88,-7.86
-0.15,-5.74,-7.19
-0.15,-5.74,-7.19
-0.15,-5.74,-7.19
-0.53,-5.02,-7.51
-0.53,-5.02,-7.51
-0.53,-5.02,-7.51
-0.91,-5.53,-7.34
-0.91,-5.53,-7.34
-0.91,-5.53,-7.34
0.42,-5.81,-7.46
-0.19,-6.36,-7.55
-0.19,-6.36,-7.55
-0.36,-5.11,-7.41
-0.36,-5.11,-7.41
-0.11,-5.55,-7.38
-0.11,-5.55,-7.38
-0.11,-5.55,-7.38
-0.4,-5.13,-7.41
-0.4,-5.13,-7.41
-0.4,-5.13,-7.41
-0.59,-6.16,-7.53
-0.31,-5.48,-7.4
-0.31,-5.48,-7.4
-0.02,-5.55,-7.57
-0.02,-5.55,-7.57
-0.02,-5.55,-7.57
-1.18,-5.39,-7.52
-1.18,-5.39,-7.52
-1.18,-5.39,-7.52
-0.12,-5.52,-7.46
-0.12,-5.52,-7.46
0.11,-5.84,-7.25
-0.91,-5.4,-7.8
-0.91,-5.4,-7.8
-0.26,-4.99,-7.7
-0.27,-6.03,-7.47
-0.27,-6.03,-7.47
-0.27,-6.03,-7.47
-0.13,-4.73,-7.55
-0.13,-4.73,-7.55
-0.13,-4.73,-7.55
-1.05,-5.62,-7.64
-1.05,-5.62,-7.64
-1.05,-5.62,-7.64
0.17,-5.76,-7.45
-0.05,-6.19,-7.34
-0.05,-6.19,-7.34
-0.95,-5.1,-7.64
-0.95,-5.1,-7.64
-0.95,-5.1,-7.64
-0.23,-5.35,-7.1
-0.23,-5.35,-7.1
-0.23,-5.35,-7.1
-0.17,-5.46,-7.6
-0.17,-5.46,-7.6
0.4,-5.95,-7.47
-0.69,-5.72,-7.65
-0.64,-4.66,-7.62
-0.64,-4.66,-7.62
0.02,-5.77,-7.42
0.02,-5.77,-7.42
0.02,-5.77,-7.42
-0.75,-4.86,-7.89
-0.75,-4.86,-7.89
-0.75,-4.86,-7.89
-0.69,-6.23,-7.08
-0.69,-6.23,-7.08
-0.91,-4.89,-7.48
-0.69,-4.28,-7.75
-0.69,-4.28,-7.75
-0.09,-5.78,-7.46
-0.55,-5.44,-7.73
-0.55,-5.44,-7.73
-0.55,-5.44,-7.73
-0.58,-5.79,-7.07
-0.58,-5.79,-7.07
-0.58,-5.79,-7.07
-1.51,-5.1,-7.7
-1.51,-5.1,-7.7
-1.51,-5.1,-7.7
-0.91,-5.49,-7.91
-0.91,-5.49,-7.91
-0.91,-5.49,-7.91
0.23,-5.51,-7.59
0.23,-5.51,-7.59
0.23,-5.51,-7.59
-1.25,-5.44,-7.59
-1.25,-5.44,-7.59
-1.25,-5.44,-7.59
-0.07,-5.32,-7.28
-0.07,-5.32,-7.28
-0.45,-5.76,-7.24
-0.92,-5.7,-7.59
-0.92,-5.7,-7.59
-0.5,-5.25,-7.64
-0.3,-5.69,-7.35
-0.3,-5.69,-7.35
-0.3,-5.69,-7.35
-1.03,-5.42,-7.76
-1.03,-5.42,-7.76
-1.03,-5.42,-7.76
-0.28,-5.42,-7.08
-0.28,-5.42,-7.08
-0.28,-5.42,-7.08
-0.97,-5.44,-7.7
-0.97,-5.44,-7.7
-0.25,-5.8,-7.29
-0.81,-5.4,-7.82
-0.81,-5.4,-7.82
-0.81,-5.4,-7.82
0.06,-5.61,-7.59
0.06,-5.61,-7.59
0.06,-5.61,-7.59
-1.03,-5.31,-7.81
-1.03,-5.31,-7.81
-1.03,-5.31,-7.81
0.3,-4.68,-7.23
0.3,-4.68,-7.23
0.3,-4.68,-7.23
-0.74,-6.45,-7.78
-0.74,-6.45,-7.78
-0.74,-6.45,-7.78
-0.38,-4.74,-7.15
-0.38,-4.74,-7.15
-0.38,-4.74,-7.15
-1.02,-5.93,-7.61
-1.02,-5.93,-7.61
-1.02,-5.93,-7.61
-0.51,-5.09,-7.85
-0.51,-5.09,-7.85
-0.51,-5.09,-7.85
-0.66,-5.07,-7.15
-0.66,-5.07,-7.15
-0.66,-5.07,-7.15
-0.45,-5.51,-7.74
-0.45,-5.51,-7.74
-0.45,-5.51,-7.74
-0.79,-6.04,-7.47
-0.1,-5.01,-7.43
-0.1,-5.01,-7.43
-0.87,-5.36,-7.47
-0.87,-5.36,-7.47
-0.87,-5.36,-7.47
-0.83,-5.32,-7.75
-0.83,-5.32,-7.75
-0.83,-5.32,-7.75
0.03,-6.04,-7.34
0.03,-6.04,-7.34
0.03,-6.04,-7.34
-1.03,-5.01,-7.53
-1.03,-5.01,-7.53
-1.03,-5.01,-7.53
-1.1,-5.89,-7.28
-1.1,-5.89,-7.28
-1.1,-5.89,-7.28
-0.14,-5.49,-7.62
-0.14,-5.49,-7.62
-0.14,-5.49,-7.62
-0.79,-5.38,-7.52
-0.79,-5.38,-7.52
-0.79,-5.38,-7.52
-0.18,-5.49,-7.35
-0.66,-5.64,-7.48
-0.66,-5.64,-7.48
-1.07,-5.0,-7.6
-0.83,-5.05,-7.41
-0.83,-5.05,-7.41
-0.06,-5.38,-7.59
-0.06,-5.38,-7.59
-0.06,-5.38,-7.59
-0.79,-5.42,-7.55
-0.79,-5.42,-7.55
-0.79,-5.42,-7.55
-0.36,-5.72,-7.21
-0.36,-5.72,-7.21
-1.06,-5.41,-7.6
-0.9,-5.09,-7.8
0.0,-5.52,-7.69
0.0,-5.52,-7.69
-0.19,-5.2,-7.55
-0.19,-5.2,-7.55
-0.19,-5.2,-7.55
-0.53,-5.27,-7.55
-0.53,-5.27,-7.55
-1.37,-6.11,-7.38
-1.37,-6.11,-7.38
-1.37,-6.11,-7.38
0.21,-5.62,-7.45
0.21,-5.62,-7.45
0.21,-5.62,-7.45
-0.43,-5.1,-7.65
-0.43,-5.1,-7.65
-0.43,-5.1,-7.65
-0.5,-5.89,-7.46
-0.5,-5.89,-7.46
-0.5,-5.89,-7.46
-0.49,-5.22,-7.73
-0.49,-5.22,-7.73
-0.49,-5.22,-7.73
-1.0,-4.98,-7.11
-1.0,-4.98,-7.11
-1.0,-4.98,-7.11
-0.34,-5.1,-7.87
-0.34,-5.1,-7.87
-0.34,-5.1,-7.87
-0.29,-5.81,-7.48
-0.29,-5.81,-7.48
-0.29,-5.81,-7.48
-0.75,-5.31,-7.58
-0.75,-5.31,-7.58
-1.28,-5.33,-7.32
-0.52,-5.3,-7.45
-0.52,-5.3,-7.45
-0.52,-5.3,-7.45
-0.38,-5.22,-7.67
-0.38,-5.22,-7.67
-0.38,-5.22,-7.67
-0.29,-5.55,-7.41
-0.29,-5.55,-7.41
-0.29,-5.55,-7.41
-0.76,-5.05,-7.77
-0.76,-5.05,-7.77
-0.76,-5.05,-7.77
-0.36,-5.04,-7.7
-0.36,-5.04,-7.7
-0.36,-5.04,-7.7
-0.15,-5.33,-7.14
-0.15,-5.33,-7.14
-0.15,-5.33,-7.14
-1.4,-5.7,-7.82
-1.4,-5.7,-7.82
-0.6,-5.58,-7.51
0.48,-5.07,-7.47
0.48,-5.07,-7.47
-0.45,-5.89,-7.69
-0.35,-5.23,-7.71
-0.35,-5.23,-7.71
-0.35,-5.23,-7.71
-0.47,-5.99,-7.45
-0.47,-5.99,-7.45
-0.47,-5.99,-7.45
-0.24,-4.46,-7.34
-0.24,-4.46,-7.34
-0.24,-4.46,-7.34
-0.99,-5.68,-7.28
-0.99,-5.68,-7.28
-1.66,-5.0,-7.76
0.9,-5.66,-7.48
0.9,-5.66,-7.48
0.9,-5.66,-7.48
-1.15,-5.5,-8.14
-1.15,-5.5,-8.14
-1.15,-5.5,-8.14
0.33,-5.07,-7.24
0.33,-5.07,-7.24
-1.47,-5.21,-7.64
-0.91,-5.56,-7.42
0.61,-5.35,-7.02
0.61,-5.35,-7.02
-0.41,-5.0,-7.68
-1.91,-5.7,-7.88
-1.91,-5.7,-7.88
0.43,-5.06,-7.82
0.43,-5.06,-7.82
0.43,-5.06,-7.82
-0.38,-5.31,-7.61
-0.38,-5.31,-7.61
-0.38,-5.31,-7.61
-0.72,-5.45,-7.45
-0.33,-5.58,-7.54
-0.33,-5.58,-7.54
-0.58,-5.21,-7.46
-0.58,-5.21,-7.46
-0.58,-5.21,-7.46
0.35,-5.44,-7.68
0.35,-5.44,-7.68
0.35,-5.44,-7.68
-1.04,-5.51,-7.57
-1.04,-5.51,-7.57
-1.04,-5.51,-7.57
-0.3,-4.99,-7.62
-0.3,-4.99,-7.62
-1.03,-5.44,-7.65
0.04,-5.54,-7.45
0.04,-5.54,-7.45
0.04,-5.54,-7.45
-0.74,-5.23,-7.6
-0.74,-5.23,-7.6
-0.74,-5.23,-7.6
-0.33,-5.4,-7.3
-0.33,-5.4,-7.3
-0.33,-5.4,-7.3
-0.23,-6.21,-7.45
-0.23,-6.21,-7.45
-0.23,-6.21,-7.45
-0.96,-4.92,-7.72
-0.96,-4.92,-7.72
-0.96,-4.92,-7.72
-0.26,-5.88,-7.25
-0.26,-5.88,-7.25
-0.26,-5.88,-7.25
-0.27,-4.81,-7.5
-0.27,-4.81,-7.5
-0.27,-4.81,-7.5
-0.28,-5.23,-7.35
-0.28,-5.23,-7.35
-0.65,-5.54,-7.8
-0.65,-5.54,-7.8
-0.65,-5.54,-7.8
-0.59,-5.86,-7.5
-0.59,-5.86,-7.5
-0.59,-5.86,-7.5
0.52,-4.58,-7.39
0.52,-4.58,-7.39
0.52,-4.58,-7.39
-0.52,-4.69,-7.53
-0.52,-4.69,-7.53
-0.52,-4.69,-7.53
-0.52,-5.8,-7.49
-0.52,-5.8,-7.49
-0.52,-5.8,-7.49
-0.46,-5.47,-7.93
-0.46,-5.47,-7.93
-0.46,-5.47,-7.93
-0.41,-5.2,-7.22
-0.41,-5.2,-7.22
-0.34,-4.08,-7.44
-0.52,-6.06,-7.36
-0.52,-6.06,-7.36
-0.52,-6.06,-7.36
-0.56,-4.83,-7.58
-0.56,-4.83,-7.58
-0.56,-4.83,-7.58
0.53,-5.21,-7.6
0.53,-5.21,-7.6
0.53,-5.21,-7.6
2.75,-4.42,-9.63
2.75,-4.42,-9.63
2.75,-4.42,-9.63
-29.01,-4.32,-5.99
-29.01,-4.32,-5.99
