aX,aY,aZ
-18.24,-9.43,9.56
8.41,-6.72,1.4
8.41,-6.72,1.4
8.41,-6.72,1.4
-0.82,-13.4,-4.21
-0.82,-13.4,-4.21
5.07,-13.89,0.46
3.08,-10.86,0.39
3.08,-10.86,0.39
3.08,-10.86,0.39
0.77,-10.99,-0.13
0.77,-10.99,-0.13
0.77,-10.99,-0.13
1.45,-9.09,0.54
1.45,-9.09,0.54
1.45,-9.09,0.54
0.83,-8.84,0.37
0.83,-8.84,0.37
0.83,-8.84,0.37
1.85,-9.69,1.17
1.85,-9.69,1.17
1.85,-9.69,1.17
1.4,-9.8,0.96
1.4,-9.8,0.96
1.4,-9.8,0.96
1.52,-9.56,1.27
1.52,-9.56,1.27
1.52,-9.56,1.27
1.92,-10.11,1.63
1.92,-10.11,1.63
1.92,-10.11,1.63
1.13,-9.97,1.53
1.13,-9.97,1.53
1.13,-9.97,1.53
1.66,-9.17,1.85
1.66,-9.17,1.85
1.66,-9.17,1.85
1.85,-9.26,1.95
1.85,-9.26,1.95
1.85,-9.26,1.95
1.58,-10.2,2.0
1.58,-10.2,2.0
1.58,-10.2,2.0
1.52,-9.56,1.73
1.87,-9.7,1.95
1.87,-9.7,1.95
2.01,-9.8,1.93
2.01,-9.8,1.93
1.81,-9.17,1.79
1.81,-9.17,1.79
1.81,-9.17,1.79
1.53,-9.61,2.03
1.53,-9.61,2.03
1.53,-9.61,2.03
1.68,-9.57,2.03
1.68,-9.57,2.03
1.69,-9.71,1.94
1.86,-9.14,1.84
1.86,-9.14,1.84
1.86,-9.14,1.84
1.91,-9.4,1.75
1.91,-9.4,1.75
1.91,-9.4,1.75
1.9,-9.32,2.0
1.9,-9.32,2.0
1.9,-9.32,2.0
1.65,-9.45,2.16
1.65,-9.45,2.16
1.65,-9.45,2.16
1.42,-9.59,2.39
1.42,-9.59,2.39
1.42,-9.59,2.39
1.68,-9.53,2.43
1.68,-9.53,2.43
1.68,-9.53,2.43
1.58,-9.46,2.48
1.71,-9.28,2.4
1.71,-9.28,2.4
1.9,-9.19,2.41
1.9,-9.19,2.41
1.9,-9.19,2.41
2.17,-9.43,2.1
2.17,-9.43,2.1
2.17,-9.43,2.1
2.24,-9.47,2.11
2.24,-9.47,2.11
2.24,-9.47,2.11
2.34,-9.38,2.02
2.34,-9.38,2.02
2.37,-9.53,2.02
2.38,-9.46,2.13
2.38,-9.46,2.13
2.38,-9.46,2.13
2.07,-9.29,2.05
2.07,-9.29,2.05
2.07,-9.29,2.05
2.13,-9.34,1.82
2.13,-9.34,1.82
2.13,-9.34,1.82
2.3,-9.25,2.01
2.3,-9.25,2.01
2.32,-9.01,1.94
2.14,-9.01,1.83
2.14,-9.01,1.83
2.14,-9.01,1.83
2.09,-9.05,1.9
2.09,-9.05,1.9
2.09,-9.05,1.9
2.18,-8.73,1.83
2.18,-8.73,1.83
2.18,-8.73,1.83
2.34,-8.96,1.81
2.34,-8.96,1.81
2.15,-8.76,1.93
2.2,-7.99,2.02
2.2,-7.99,2.02
2.2,-7.99,2.02
2.13,-9.28,1.85
2.13,-9.28,1.85
2.13,-9.28,1.85
2.68,-9.56,2.08
2.68,-9.56,2.08
2.68,-9.56,2.08
3.24,-10.11,2.39
3.24,-10.11,2.39
3.27,-10.23,2.74
3.07,-9.78,2.84
3.07,-9.78,2.84
3.07,-9.78,2.84
3.08,-9.94,2.97
3.08,-9.94,2.97
3.08,-9.94,2.97
2.63,-9.88,2.68
2.63,-9.88,2.68
2.63,-9.88,2.68
2.46,-9.79,2.91
2.46,-9.79,2.91
2.45,-9.71,2.78
2.27,-9.03,2.67
2.27,-9.03,2.67
2.27,-9.03,2.67
1.91,-8.3,3.29
1.91,-8.3,3.29
1.91,-8.3,3.29
1.14,-9.03,2.72
1.14,-9.03,2.72
1.14,-9.03,2.72
1.65,-8.83,1.76
1.65,-8.83,1.76
1.65,-8.83,1.76
1.98,-8.1,1.59
1.98,-8.1,1.59
1.98,-8.1,1.59
2.31,-6.71,2.3
2.31,-6.71,2.3
2.31,-6.71,2.3
1.59,-7.47,2.52
1.59,-7.47,2.52
1.59,-7.47,2.52
1.47,-7.2,3.91
1.47,-7.2,3.91
1.51,-7.54,4.14
1.02,-7.7,4.21
1.02,-7.7,4.21
1.02,-7.7,4.21
0.82,-6.51,4.66
0.82,-6.51,4.66
0.82,-6.51,4.66
0.75,-9.02,4.79
0.75,-9.02,4.79
1.04,-8.01,5.03
1.59,-6.11,5.54
1.59,-6.11,5.54
1.72,-6.27,6.41
2.58,-6.75,5.96
2.58,-6.75,5.96
2.58,-6.75,5.96
3.09,-6.66,7.03
3.09,-6.66,7.03
3.09,-6.66,7.03
3.29,-6.92,8.03
3.29,-6.92,8.03
3.29,-6.92,8.03
2.84,-6.04,8.26
2.53,-5.22,8.56
2.53,-5.22,8.56
1.73,-6.07,9.74
1.73,-6.07,9.74
1.73,-6.07,9.74
1.68,-5.14,9.45
1.68,-5.14,9.45
1.68,-5.14,9.45
1.19,-5.37,9.86
1.19,-5.37,9.86
1.19,-5.37,9.86
2.06,-4.47,9.87
2.06,-4.47,9.87
2.06,-4.47,9.87
1.34,-4.76,10.3
1.34,-4.76,10.3
1.34,-4.76,10.3
1.94,-7.11,11.22
1.94,-7.11,11.22
1.94,-7.11,11.22
0.92,-3.51,10.37
0.92,-3.51,10.37
0.92,-3.51,10.37
0.98,-3.76,9.85
0.98,-3.76,9.85
0.98,-3.76,9.85
0.16,-4.57,9.18
0.16,-4.57,9.18
0.16,-4.57,9.18
-0.36,-2.89,9.28
-0.36,-2.89,9.28
-0.36,-2.89,9.28
-0.11,-2.68,9.42
-0.11,-2.68,9.42
-0.36,-3.38,9.11
-0.36,-3.38,9.11
-0.75,-3.83,9.16
-1.6,-4.46,9.4
-1.6,-4.46,9.4
-1.6,-4.46,9.4
-2.37,-5.07,9.94
-2.37,-5.07,9.94
-2.37,-5.07,9.94
-2.39,-5.09,9.57
-2.39,-5.09,9.57
-2.39,-5.09,9.57
-4.25,-4.51,8.21
-4.16,-4.9,8.99
-4.16,-4.9,8.99
-3.53,-5.39,8.74
-3.53,-5.39,8.74
-3.53,-5.39,8.74
-3.01,-4.66,9.69
-3.01,-4.66,9.69
-3.01,-4.66,9.69
-2.94,-4.09,8.61
-2.94,-4.09,8.61
-2.74,-4.24,8.37
-2.42,-4.3,8.67
-2.42,-4.3,8.67
-2.42,-4.3,8.67
-2.06,-3.87,8.47
-2.06,-3.87,8.47
-2.06,-3.87,8.47
-2.37,-4.67,8.34
-2.37,-4.67,8.34
-2.37,-4.67,8.34
-1.97,-4.68,8.77
-1.97,-4.68,8.77
-1.97,-4.68,8.77
-2.26,-4.22,8.53
-2.26,-4.22,8.53
-2.46,-4.28,8.41
-2.68,-4.52,8.19
-2.68,-4.52,8.19
-2.68,-4.52,8.19
-2.09,-4.78,8.42
-2.09,-4.78,8.42
-2.09,-4.78,8.42
-2.09,-4.24,8.13
-2.09,-4.24,8.13
-2.18,-4.41,7.93
-2.18,-4.8,7.88
-2.14,-5.08,8.0
-2.14,-5.08,8.0
-2.03,-5.12,8.03
-2.03,-5.12,8.03
-2.03,-5.12,8.03
-2.05,-5.05,8.11
-2.05,-5.05,8.11
-2.05,-5.05,8.11
-2.15,-5.22,8.22
-2.15,-5.22,8.22
-2.15,-5.22,8.22
-2.14,-5.43,8.36
-2.36,-5.44,8.25
-2.36,-5.44,8.25
-2.26,-5.42,8.0
-2.26,-5.42,8.0
-2.26,-5.42,8.0
-2.32,-5.26,8.03
-2.32,-5.26,8.03
-2.32,-5.26,8.03
-2.57,-4.97,7.85
-2.57,-4.97,7.85
-2.57,-4.97,7.85
-2.51,-5.11,7.87
-2.5,-5.3,7.51
-2.5,-5.3,7.51
-2.78,-5.11,7.63
-2.78,-5.11,7.63
-2.78,-5.11,7.63
-2.81,-5.41,7.69
-2.81,-5.41,7.69
-2.81,-5.41,7.69
-2.9,-5.87,7.9
-2.9,-5.87,7.9
-2.9,-5.87,7.9
-2.63,-5.5,8.49
-2.63,-5.5,8.49
-2.63,-5.5,8.49
-2.67,-5.69,8.61
-2.67,-5.69,8.61
-2.67,-5.69,8.61
-2.16,-6.69,9.25
-2.16,-6.69,9.25
-2.16,-6.69,9.25
-2.06,-6.14,8.67
-2.06,-6.14,8.67
-1.56,-5.88,8.39
-0.86,-6.1,8.23
-0.86,-6.1,8.23
-0.86,-6.1,8.23
-0.41,-6.07,8.04
-0.41,-6.07,8.04
-0.41,-6.07,8.04
0.22,-5.73,8.72
0.22,-5.73,8.72
0.22,-5.73,8.72
0.87,-5.45,9.13
0.87,-5.45,9.13
0.87,-5.45,9.13
0.61,-6.47,8.64
0.61,-6.47,8.64
0.61,-6.47,8.64
0.64,-6.48,8.43
0.64,-6.48,8.43
0.64,-6.48,8.43
1.17,-5.79,8.37
1.17,-5.79,8.37
1.17,-5.79,8.37
0.91,-6.39,8.11
0.91,-6.39,8.11
1.04,-6.54,8.05
0.68,-6.35,7.48
0.54,-6.38,7.19
0.54,-6.38,7.19
0.5,-6.66,6.71
0.5,-6.66,6.71
0.5,-6.66,6.71
0.98,-6.32,7.1
0.98,-6.32,7.1
0.98,-6.32,7.1
0.73,-6.66,6.67
0.73,-6.66,6.67
1.35,-7.05,6.85
1.26,-6.93,6.82
1.26,-6.93,6.82
1.26,-6.93,6.82
1.61,-7.37,6.34
1.61,-7.37,6.34
1.61,-7.37,6.34
2.21,-8.18,6.95
2.21,-8.18,6.95
2.21,-8.18,6.95
2.71,-8.79,8.05
2.71,-8.79,8.05
2.71,-8.79,8.05
3.24,-9.34,8.32
3.48,-9.28,8.52
3.48,-9.28,8.52
3.4,-9.42,8.54
3.4,-9.42,8.54
3.4,-9.42,8.54
3.66,-8.93,8.23
3.66,-8.93,8.23
3.66,-8.93,8.23
2.59,-7.45,6.62
2.59,-7.45,6.62
2.77,-7.45,6.04
2.0,-6.89,4.55
2.0,-6.89,4.55
2.0,-6.89,4.55
1.73,-5.44,2.69
1.73,-5.44,2.69
1.73,-5.44,2.69
1.31,-4.7,1.76
1.31,-4.7,1.76
1.31,-4.7,1.76
1.73,-4.28,0.81
1.73,-4.28,0.81
1.73,-4.28,0.81
2.45,-3.52,1.54
2.45,-3.52,1.54
2.54,-4.12,2.09
2.54,-4.12,2.09
2.54,-4.12,2.09
4.02,-2.99,3.45
4.02,-2.99,3.45
4.02,-2.99,3.45
4.8,-1.68,3.85
4.8,-1.68,3.85
4.8,-1.68,3.85
7.42,-4.19,5.63
7.42,-4.19,5.63
7.42,-4.19,5.63
6.84,-2.49,7.3
6.84,-2.49,7.3
6.84,-2.49,7.3
7.0,-4.42,7.72
7.0,-4.42,7.72
7.0,-4.42,7.72
4.46,-4.37,10.32
4.46,-4.37,10.32
4.46,-4.37,10.32
2.39,-4.36,11.64
2.39,-4.36,11.64
2.39,-4.36,11.64
2.4,-2.49,11.41
2.4,-2.49,11.41
2.4,-2.49,11.41
0.83,-5.62,12.61
0.83,-5.62,12.61
0.83,-5.62,12.61
0.65,-1.34,11.89
-0.23,0.38,11.41
-0.23,0.38,11.41
-1.39,-4.8,11.84
-1.39,-4.8,11.84
-1.39,-4.8,11.84
-0.54,-3.72,10.2
-0.54,-3.72,10.2
-0.54,-3.72,10.2
-0.82,-2.18,11.75
-0.82,-2.18,11.75
-0.82,-2.18,11.75
-2.59,-2.44,11.39
-2.59,-2.44,11.39
-2.4,-2.02,11.8
-3.4,-1.64,10.57
-3.4,-1.64,10.57
-3.4,-1.64,10.57
-2.95,0.44,12.36
-2.95,0.44,12.36
-2.95,0.44,12.36
-4.76,0.08,9.42
-4.76,0.08,9.42
-5.62,-1.86,9.66
-4.94,-1.41,10.35
-4.94,-1.41,10.35
-4.64,-0.13,10.03
-4.74,1.13,9.41
-4.74,1.13,9.41
-4.74,1.13,9.41
-4.57,0.15,8.98
-4.57,0.15,8.98
-4.57,0.15,8.98
-4.81,-0.11,9.02
-4.81,-0.11,9.02
-4.81,-0.11,9.02
-4.95,0.16,8.87
-4.95,0.16,8.87
-4.64,-0.23,9.02
-4.82,0.19,8.94
-4.82,0.19,8.94
-4.82,0.19,8.94
-4.73,-0.26,8.8
-4.73,-0.26,8.8
-4.73,-0.26,8.8
-4.82,-0.22,8.83
-4.82,-0.22,8.83
-4.82,-0.22,8.83
-4.94,-0.47,8.8
-4.94,-0.47,8.8
-4.94,-0.47,8.8
-4.98,-0.05,8.45
-4.98,-0.05,8.45
-4.98,-0.05,8.45
-4.98,-0.32,8.85
-4.98,-0.32,8.85
-4.98,-0.32,8.85
-4.75,-0.06,8.89
-4.75,-0.06,8.89
-4.75,-0.06,8.89
-4.93,-0.38,8.55
-4.91,-0.33,8.76
-4.91,-0.33,8.76
-5.07,-0.2,8.57
-5.07,-0.2,8.57
-5.07,-0.2,8.57
-4.82,-0.31,8.77
-4.82,-0.31,8.77
-4.82,-0.31,8.77
-4.9,-0.66,8.79
-4.9,-0.66,8.79
-4.93,-0.69,8.72
-4.8,-0.7,8.9
-5.1,-0.66,8.6
-5.1,-0.66,8.6
-4.81,-0.57,8.8
-4.81,-0.57,8.8
-4.81,-0.57,8.8
-5.02,-0.56,8.6
-5.02,-0.56,8.6
-5.02,-0.56,8.6
-4.51,-0.65,9.23
-4.51,-0.65,9.23
-4.67,-0.38,8.81
-4.47,-0.51,8.85
-4.47,-0.51,8.85
-4.06,-0.48,8.89
-3.98,-0.57,8.79
-3.98,-0.57,8.79
-3.98,-0.57,8.79
-3.67,-0.24,8.53
-3.67,-0.24,8.53
-3.67,-0.24,8.53
-3.28,-0.15,8.22
-3.28,-0.15,8.22
-3.28,-0.15,8.22
-2.89,-0.47,8.66
-2.91,-0.08,8.66
-2.91,-0.08,8.66
-3.36,-0.08,8.38
-3.36,-0.08,8.38
-3.36,-0.08,8.38
-3.73,-0.75,8.95
-3.73,-0.75,8.95
-3.73,-0.75,8.95
-4.57,-0.45,8.86
-4.57,-0.45,8.86
-4.98,-0.33,8.93
-5.13,-0.96,9.26
-5.13,-0.96,9.26
-5.13,-0.96,9.26
-5.89,-0.72,8.73
-5.89,-0.72,8.73
-5.89,-0.72,8.73
-6.09,-0.9,8.05
-6.09,-0.9,8.05
-6.09,-0.9,8.05
-6.55,0.04,7.98
-6.55,0.04,7.98
-6.3,-0.23,7.79
-5.77,-1.17,8.22
-5.77,-1.17,8.22
-5.77,-1.17,8.22
-5.67,-0.57,7.93
-5.67,-0.57,7.93
-5.67,-0.57,7.93
-5.23,-0.13,8.37
-5.23,-0.13,8.37
-5.23,-0.13,8.37
-5.71,-0.04,7.78
-5.71,-0.04,7.78
-5.71,-0.04,7.78
-5.78,0.32,7.83
-5.78,0.32,7.83
-5.78,0.32,7.83
-6.23,0.13,7.31
-6.23,0.13,7.31
-6.23,0.13,7.31
-6.57,0.1,7.59
-6.57,0.1,7.59
-6.72,-0.18,7.36
-6.72,0.22,7.25
-6.72,0.22,7.25
-6.29,-0.25,7.41
-6.29,-0.25,7.41
-6.29,-0.25,7.41
-5.98,0.06,7.51
-5.98,0.06,7.51
-5.98,0.06,7.51
-5.91,-0.02,7.77
-5.91,-0.02,7.77
-5.91,-0.02,7.77
-5.75,-0.09,8.01
-5.75,-0.09,8.01
-5.83,0.01,8.03
-5.69,-0.5,7.9
-5.69,-0.5,7.9
-5.69,-0.5,7.9
-6.11,-0.48,7.91
-6.11,-0.48,7.91
-6.11,-0.48,7.91
-6.27,0.46,7.31
-6.27,0.46,7.31
-6.27,0.46,7.31
-6.45,-0.16,6.9
-6.45,-0.16,6.9
-6.46,-0.08,7.23
-6.56,0.0,7.06
-6.56,0.0,7.06
-6.56,0.0,7.06
-6.29,-0.38,7.51
-6.29,-0.38,7.51
-6.29,-0.38,7.51
-6.3,0.3,7.37
-6.3,0.3,7.37
-6.3,0.3,7.37
-6.07,-0.67,7.96
-6.07,-0.67,7.96
-6.07,-0.67,7.96
-6.15,-0.17,7.54
-6.15,-0.17,7.54
-6.15,-0.17,7.54
-6.42,0.42,7.16
-6.42,0.42,7.16
-6.42,0.42,7.16
-6.46,-0.05,7.29
-6.46,-0.05,7.29
-6.46,-0.05,7.29
-6.42,0.22,7.19
-6.42,0.22,7.19
-6.42,0.22,7.19
-6.62,-0.01,7.7
-6.62,-0.01,7.7
-6.62,-0.01,7.7
-6.34,-0.5,7.59
-6.34,-0.5,7.59
-6.53,0.04,7.18
-6.53,0.04,7.18
-6.53,0.04,7.18
-6.64,0.3,7.11
-6.64,0.3,7.11
-6.64,0.3,7.11
-6.43,0.24,7.25
-6.43,0.24,7.25
-6.43,0.24,7.25
-6.39,0.33,7.22
-6.39,0.33,7.22
-6.39,0.33,7.22
-6.49,0.23,7.22
-6.49,0.23,7.22
-6.49,0.23,7.22
-6.57,0.11,7.27
-6.57,0.11,7.27
-6.57,0.11,7.27
-6.52,0.25,7.21
-6.52,0.25,7.21
-6.52,0.25,7.21
-6.54,-0.03,7.18
-6.54,-0.03,7.18
-6.54,-0.03,7.18
-6.52,0.17,7.23
-6.52,0.17,7.23
-6.52,0.17,7.23
-6.54,0.2,7.12
-6.54,0.2,7.12
-6.47,0.23,7.32
-6.53,0.14,7.23
-6.53,0.14,7.23
-6.53,0.14,7.23
-6.45,0.18,7.44
-6.45,0.18,7.44
-6.45,0.18,7.44
-6.45,-0.06,7.05
-6.45,-0.06,7.05
-6.45,-0.06,7.05
-6.62,0.27,7.33
-6.62,0.27,7.33
-6.62,0.27,7.33
-6.96,-0.38,7.38
-6.96,-0.38,7.38
-6.96,-0.38,7.38
-7.17,0.05,6.91
-7.17,0.05,6.91
-7.17,0.05,6.91
-7.15,-0.1,7.7
-7.15,-0.1,7.7
-6.04,0.5,8.09
-6.04,0.5,8.09
-5.32,1.36,8.41
-4.59,0.99,9.4
-4.59,0.99,9.4
-4.59,0.99,9.4
-3.67,-0.23,9.54
-3.67,-0.23,9.54
-3.67,-0.23,9.54
-4.19,-1.22,8.51
-4.19,-1.22,8.51
-3.69,-1.13,9.28
-3.45,-0.41,9.61
-3.45,-0.41,9.61
-3.58,0.78,9.34
-4.15,1.35,8.93
-4.15,1.35,8.93
-4.15,1.35,8.93
-4.17,0.62,9.17
-4.17,0.62,9.17
-4.17,0.62,9.17
-3.87,0.79,8.84
-3.87,0.79,8.84
-3.87,0.79,8.84
-3.75,0.77,8.77
-3.75,0.77,8.77
-3.75,0.77,8.77
-3.51,0.5,9.09
-3.51,0.5,9.09
-3.51,0.5,9.09
-3.64,0.94,9.42
-3.64,0.94,9.42
-3.64,0.94,9.42
-3.27,0.78,9.52
-3.27,0.78,9.52
-3.27,0.78,9.52
-2.86,0.26,9.56
-2.86,0.26,9.56
-2.68,0.48,9.63
-2.83,1.39,9.47
-2.83,1.39,9.47
-2.83,1.39,9.47
-2.89,0.71,9.59
-2.89,0.71,9.59
-2.89,0.71,9.59
-2.99,0.94,9.45
-2.99,0.94,9.45
-2.99,0.94,9.45
-3.08,0.28,9.57
-3.08,0.28,9.57
-3.06,0.1,9.53
-3.28,0.68,9.45
-3.28,0.68,9.45
-3.28,0.68,9.45
-3.28,0.03,9.46
-3.28,0.03,9.46
-3.28,0.03,9.46
-3.32,1.01,9.55
-3.32,1.01,9.55
-3.07,0.68,9.23
-2.81,0.56,9.41
-2.81,0.56,9.41
-3.72,1.04,9.58
-3.72,1.04,9.58
-3.72,1.04,9.58
-3.69,0.25,9.31
-3.69,0.25,9.31
-3.69,0.25,9.31
-3.41,0.54,9.5
-3.41,0.54,9.5
-3.41,0.54,9.5
-3.37,0.74,9.63
-3.4,0.57,9.4
-3.4,0.57,9.4
-3.43,0.62,9.57
-3.43,0.62,9.57
-3.43,0.62,9.57
-3.53,0.64,9.36
-3.53,0.64,9.36
-3.53,0.64,9.36
-3.6,0.53,9.56
-3.6,0.53,9.56
-3.59,0.79,9.62
-3.78,0.97,9.5
-3.78,0.97,9.5
-3.74,0.93,9.49
-3.28,0.28,9.35
-3.28,0.28,9.35
-3.28,0.28,9.35
-3.27,0.68,9.36
-3.27,0.68,9.36
-3.27,0.68,9.36
-3.71,0.42,9.06
-3.71,0.42,9.06
-3.89,0.34,9.18
-4.09,0.35,9.2
-4.09,0.35,9.2
-4.21,0.41,9.49
-4.23,0.35,9.38
-4.23,0.35,9.38
-4.23,0.35,9.38
-3.9,0.89,9.0
-3.9,0.89,9.0
-3.9,0.89,9.0
-3.15,0.8,9.05
-3.15,0.8,9.05
-2.97,1.06,9.3
-3.31,1.49,9.45
-3.31,1.49,9.45
-3.31,1.49,9.45
-3.22,0.26,8.95
-3.22,0.26,8.95
-3.22,0.26,8.95
-3.49,0.07,9.08
-3.49,0.07,9.08
-3.49,0.07,9.08
-3.56,0.01,9.42
-3.36,0.43,9.52
-3.36,0.43,9.52
-3.03,1.9,9.07
-3.03,1.9,9.07
-3.03,1.9,9.07
-2.86,1.69,8.63
-2.86,1.69,8.63
-2.86,1.69,8.63
-2.75,1.91,8.88
-2.75,1.91,8.88
-2.75,1.91,8.88
-3.73,1.78,9.29
-3.73,1.78,9.29
-3.73,1.78,9.29
-2.94,1.5,9.72
-2.94,1.5,9.72
-2.94,1.5,9.72
-3.39,0.71,9.6
-3.39,0.71,9.6
-3.39,0.71,9.6
-3.61,1.2,9.68
-3.61,1.2,9.68
-3.61,1.2,9.68
-3.46,1.78,9.54
-3.46,1.78,9.54
-3.22,1.99,9.55
-2.87,1.95,9.29
-2.84,1.7,9.26
-2.84,1.7,9.26
-3.05,1.52,9.62
-3.05,1.52,9.62
-3.05,1.52,9.62
-3.02,1.59,9.87
-3.02,1.59,9.87
-3.02,1.59,9.87
-3.05,1.22,9.81
-3.05,1.22,9.81
-3.05,1.22,9.81
-2.79,1.18,10.2
-2.72,1.24,9.95
-2.72,1.24,9.95
-2.52,1.44,10.17
-2.52,1.44,10.17
-2.52,1.44,10.17
-2.92,1.57,9.8
-2.92,1.57,9.8
-2.92,1.57,9.8
-3.15,1.23,9.48
-3.15,1.23,9.48
-3.15,1.23,9.48
-3.29,1.01,9.48
-3.29,1.01,9.48
-3.29,1.01,9.48
-2.98,1.12,9.99
-2.98,1.12,9.99
-2.98,1.12,9.99
-2.53,1.27,9.78
-2.53,1.27,9.78
-2.53,1.27,9.78
-2.66,1.38,9.79
-2.82,0.96,9.68
-2.82,0.96,9.68
-2.94,0.7,9.25
-2.94,0.7,9.25
-2.94,0.7,9.25
-3.18,0.95,9.18
-3.18,0.95,9.18
-3.18,0.95,9.18
-3.12,0.92,9.2
-3.12,0.92,9.2
-3.12,0.92,9.2
-2.92,0.6,9.21
-2.92,0.6,9.21
-2.92,0.6,9.21
-2.99,1.07,9.2
-3.12,0.99,9.38
-3.12,0.99,9.38
-3.38,0.73,9.68
-3.38,0.73,9.68
-3.38,0.73,9.68
-3.08,1.05,9.4
-3.08,1.05,9.4
-3.08,1.05,9.4
-3.22,1.07,9.47
-3.22,1.07,9.47
-3.22,1.07,9.47
-3.25,1.47,9.57
-3.25,1.47,9.57
-3.25,1.47,9.57
-3.28,1.25,9.37
-3.28,1.25,9.37
-3.28,1.25,9.37
-3.06,1.16,9.53
-3.06,1.16,9.53
-3.06,1.16,9.53
-3.07,1.1,9.68
-3.07,1.1,9.68
-3.22,1.26,9.8
-3.27,1.32,9.78
-3.18,1.23,9.68
-3.18,1.23,9.68
-3.09,1.02,9.3
-3.09,1.02,9.3
-3.09,1.02,9.3
-3.11,1.04,9.6
-3.11,1.04,9.6
-3.11,1.04,9.6
-3.17,1.11,9.7
-3.12,1.16,9.59
-3.12,1.16,9.59
-2.98,0.92,9.33
-2.98,0.92,9.33
-2.98,0.92,9.33
-3.16,1.05,9.57
-3.16,1.05,9.57
-3.18,0.93,9.43
-3.18,0.93,9.43
-3.18,0.93,9.43
-3.2,0.91,9.16
-3.2,0.91,9.16
-3.19,1.05,9.19
-3.47,0.91,9.76
-3.47,0.91,9.76
-3.47,0.91,9.76
-3.23,1.12,9.74
-3.23,1.12,9.74
-3.23,1.12,9.74
-3.03,1.06,9.27
-3.03,1.06,9.27
-3.03,1.06,9.27
-3.09,0.73,9.27
-3.09,0.73,9.27
-3.1,0.93,9.42
-3.08,1.08,9.74
-3.08,1.08,9.74
-3.08,1.08,9.74
-3.18,0.91,9.71
-3.18,0.91,9.71
-3.18,0.91,9.71
-3.07,0.91,9.5
-3.07,0.91,9.5
-3.07,0.91,9.5
-2.72,0.76,9.63
-2.72,0.76,9.63
-2.72,0.76,9.63
-2.92,0.63,9.53
-2.92,0.63,9.53
-2.92,0.63,9.53
-3.09,0.63,9.77
-3.09,0.63,9.77
-3.09,0.63,9.77
-3.05,0.52,9.66
-3.05,0.52,9.66
-3.05,0.52,9.66
-3.05,0.57,9.47
-3.06,0.54,9.42
-3.06,0.54,9.42
-3.21,0.51,9.64
-3.21,0.51,9.64
-3.21,0.51,9.64
-3.14,0.49,9.53
-3.14,0.49,9.53
-3.14,0.49,9.53
-3.21,0.38,9.58
-3.21,0.38,9.58
-3.21,0.38,9.58
-3.13,0.28,9.4
-3.13,0.28,9.4
-3.13,0.28,9.4
-3.27,0.22,9.67
-3.27,0.22,9.67
-3.27,0.22,9.67
-3.44,0.39,9.64
-3.44,0.39,9.64
-3.44,0.39,9.64
-3.52,0.51,9.45
-3.52,0.51,9.45
-3.52,0.51,9.45
-3.26,0.25,9.48
-3.26,0.25,9.48
-3.26,0.25,9.48
-3.18,0.38,9.52
-3.18,0.38,9.52
-3.18,0.38,9.52
-3.13,-0.03,9.29
-3.13,-0.03,9.29
-3.13,-0.03,9.29
-3.62,0.63,9.43
-3.62,0.63,9.43
-3.62,0.63,9.43
-3.6,1.13,9.42
-3.6,1.13,9.42
-3.55,0.55,9.31
-3.27,0.08,9.29
-3.27,0.08,9.29
-3.27,0.08,9.29
-3.28,0.46,9.18
-3.28,0.46,9.18
-3.47,1.28,9.24
-3.47,1.28,9.24
-3.47,1.28,9.24
-3.52,1.42,9.18
-3.52,1.42,9.18
-3.5,1.05,9.18
-3.43,0.64,9.41
-3.43,0.64,9.41
-3.43,0.64,9.41
-3.58,0.69,9.56
-3.58,0.69,9.56
-3.58,0.69,9.56
-3.84,0.95,9.44
-3.84,0.95,9.44
-3.95,0.79,9.52
-3.83,0.61,9.63
-3.56,0.68,9.74
-3.56,0.68,9.74
-3.34,0.22,9.86
-3.34,0.22,9.86
-3.34,0.22,9.86
-3.76,0.72,10.29
-3.76,0.72,10.29
-3.76,0.72,10.29
-3.37,0.75,9.63
-3.37,0.75,9.63
-3.37,0.75,9.63
-3.13,-0.14,9.77
-3.13,-0.14,9.77
-3.13,-0.14,9.77
-3.28,0.48,9.77
-3.28,0.48,9.77
-3.28,0.48,9.77
-3.45,-0.25,9.64
-3.45,-0.25,9.64
-3.45,-0.25,9.64
-2.61,-0.11,9.72
-2.61,-0.11,9.72
-2.24,0.12,9.83
-2.49,-0.54,9.73
-2.49,-0.54,9.73
-2.49,-0.54,9.73
-2.92,0.44,9.55
-2.92,0.44,9.55
-2.92,0.44,9.55
-3.01,0.22,9.78
-3.01,0.22,9.78
-3.01,0.22,9.78
-1.69,0.01,10.74
-1.69,0.01,10.74
-1.69,0.01,10.74
-2.22,-0.46,10.07
-2.22,-0.46,10.07
-2.22,-0.46,10.07
-2.24,-0.34,10.36
-2.24,-0.34,10.36
-2.24,-0.34,10.36
-2.3,-1.17,10.21
-2.3,-1.17,10.21
-2.3,-1.17,10.21
-2.37,-1.04,10.0
-2.49,-0.95,10.36
-2.49,-0.95,10.36
-2.64,-0.88,9.71
-2.64,-0.88,9.71
-2.64,-0.88,9.71
-1.78,-1.7,10.61
-1.78,-1.7,10.61
-1.78,-1.7,10.61
-1.64,-2.08,9.63
-1.64,-2.08,9.63
-1.64,-2.08,9.63
-1.92,-0.65,9.82
-1.92,-0.65,9.82
-1.92,-0.65,9.82
-1.64,-2.17,9.86
-1.52,-1.2,9.82
-1.52,-1.2,9.82
-1.63,-2.15,9.63
-1.63,-2.15,9.63
-1.63,-2.15,9.63
-1.31,-2.87,10.13
-1.31,-2.87,10.13
-1.31,-2.87,10.13
-1.36,-2.34,9.99
-1.36,-2.34,9.99
-1.51,-2.92,9.65
-1.68,-3.52,9.72
-1.68,-3.52,9.72
-1.52,-3.16,10.04
-1.75,-3.6,9.58
-1.75,-3.6,9.58
-1.75,-3.6,9.58
-1.51,-3.21,9.74
-1.51,-3.21,9.74
-1.51,-3.21,9.74
-1.14,-2.99,9.69
-1.02,-3.13,9.55
-1.02,-3.13,9.55
-0.76,-4.1,9.31
-0.76,-4.1,9.31
-0.76,-4.1,9.31
-0.61,-3.73,9.11
-0.61,-3.73,9.11
-0.61,-3.73,9.11
-0.97,-5.04,9.36
-0.97,-5.04,9.36
-0.97,-5.04,9.36
-1.12,-5.03,8.98
-1.12,-5.03,8.98
-1.12,-5.03,8.98
-0.79,-5.49,9.35
-1.1,-5.87,9.06
-1.1,-5.87,9.06
-1.12,-5.76,8.85
-1.12,-5.76,8.85
-1.12,-5.76,8.85
-0.88,-5.65,8.19
-0.88,-5.65,8.19
-0.88,-5.65,8.19
-0.9,-5.86,8.18
-0.9,-5.86,8.18
-0.72,-5.92,8.1
-0.77,-5.98,7.9
-0.59,-6.08,7.53
-0.59,-6.08,7.53
-0.99,-6.7,7.15
-0.99,-6.7,7.15
-0.99,-6.7,7.15
-0.78,-7.0,6.8
-0.78,-7.0,6.8
-0.78,-7.0,6.8
-0.43,-7.14,6.9
-0.43,-7.14,6.9
-0.43,-7.14,6.9
-0.39,-7.4,6.44
-0.39,-7.4,6.44
-0.39,-7.4,6.44
-0.24,-7.49,6.02
-0.24,-7.49,6.02
-0.24,-7.49,6.02
-0.17,-8.44,6.0
-0.17,-8.44,6.0
-0.17,-8.44,6.0
-0.41,-7.97,5.36
-0.41,-7.97,5.36
-0.15,-7.86,5.33
-0.12,-7.66,5.12
-0.1,-7.99,5.05
-0.1,-7.99,5.05
0.24,-8.23,4.86
0.24,-8.23,4.86
0.24,-8.23,4.86
0.16,-8.06,4.3
0.16,-8.06,4.3
0.16,-8.06,4.3
0.41,-8.14,4.02
0.34,-8.35,3.94
0.34,-8.35,3.94
0.42,-8.49,4.24
0.42,-8.49,4.24
0.42,-8.49,4.24
0.5,-8.54,3.96
0.5,-8.54,3.96
0.5,-8.54,3.96
0.7,-9.05,3.91
0.7,-9.05,3.91
0.7,-9.05,3.91
0.93,-8.34,3.34
1.18,-8.73,3.29
1.19,-8.93,2.99
1.19,-8.93,2.99
1.19,-8.93,2.99
1.22,-8.4,2.85
1.22,-8.4,2.85
1.22,-8.4,2.85
1.24,-9.22,3.01
1.24,-9.22,3.01
1.24,-9.22,3.01
1.53,-9.3,3.1
1.53,-9.3,3.1
1.53,-9.3,3.1
1.57,-9.28,2.61
1.57,-9.28,2.61
1.57,-9.28,2.61
1.41,-9.06,2.37
1.41,-9.06,2.37
1.41,-9.06,2.37
1.27,-9.42,2.27
1.27,-9.42,2.27
1.32,-8.67,1.84
1.64,-8.62,2.04
1.64,-8.62,2.04
1.64,-8.62,2.04
1.45,-9.14,1.51
1.45,-9.14,1.51
1.45,-9.14,1.51
1.71,-9.84,1.73
1.71,-9.84,1.73
1.71,-9.84,1.73
1.29,-9.17,1.87
1.29,-9.17,1.87
1.29,-9.17,1.87
2.01,-8.9,1.62
2.01,-8.9,1.62
2.01,-8.9,1.62
1.7,-9.19,1.17
1.7,-9.19,1.17
1.7,-9.19,1.17
1.49,-7.5,0.62
1.49,-7.5,0.62
1.49,-7.5,0.62
1.62,-8.62,0.91
1.62,-8.62,0.91
1.62,-8.62,0.91
1.76,-9.42,1.47
1.76,-9.42,1.47
1.76,-9.42,1.47
1.53,-9.54,1.2
1.53,-9.54,1.2
1.53,-9.54,1.2
1.41,-9.55,1.23
1.41,-9.55,1.23
1.41,-9.55,1.23
1.65,-9.46,0.9
1.65,-9.46,0.9
1.65,-9.46,0.9
1.48,-9.06,1.44
1.48,-9.06,1.44
1.48,-9.06,1.44
1.56,-9.63,1.26
1.56,-9.63,1.26
1.56,-9.63,1.26
1.77,-9.9,1.54
1.77,-9.9,1.54
1.77,-9.9,1.54
1.6,-9.67,1.82
1.6,-9.67,1.82
1.6,-9.67,1.82
1.4,-9.86,1.59
1.4,-9.86,1.59
1.29,-9.88,1.49
1.43,-9.48,1.34
1.43,-9.48,1.34
1.43,-9.48,1.34
1.45,-9.04,1.54
1.45,-9.04,1.54
1.45,-9.04,1.54
1.61,-10.11,1.48
1.61,-10.11,1.48
1.47,-9.9,1.59
1.41,-9.6,1.81
1.41,-9.6,1.81
1.32,-9.72,1.81
1.4,-9.59,1.59
1.4,-9.59,1.59
1.4,-9.59,1.59
1.15,-9.22,1.51
1.15,-9.22,1.51
1.15,-9.22,1.51
1.12,-9.77,1.53
1.12,-9.77,1.53
1.12,-9.77,1.53
1.16,-9.28,1.53
1.16,-9.28,1.53
1.08,-9.8,1.63
1.26,-9.45,1.73
1.26,-9.45,1.73
1.26,-9.45,1.73
1.27,-9.37,1.52
1.27,-9.37,1.52
1.27,-9.37,1.52
1.39,-9.46,1.51
1.39,-9.46,1.51
1.44,-9.5,1.53
1.39,-9.34,1.46
1.39,-9.34,1.46
1.22,-9.32,1.59
1.08,-9.32,1.67
1.08,-9.32,1.67
1.08,-9.32,1.67
1.3,-9.82,1.7
1.3,-9.82,1.7
1.3,-9.82,1.7
1.23,-9.52,1.57
1.23,-9.52,1.57
1.23,-9.52,1.57
1.16,-9.6,1.7
1.16,-9.6,1.7
1.16,-9.6,1.7
1.13,-9.58,1.65
1.13,-9.58,1.65
1.13,-9.58,1.65
0.98,-9.43,1.65
0.98,-9.43,1.65
0.98,-9.43,1.65
0.96,-9.49,1.69
1.02,-9.31,1.76
1.02,-9.31,1.76
0.94,-9.5,1.65
0.94,-9.5,1.65
1.02,-9.6,1.71
1.18,-9.66,1.79
1.18,-9.66,1.79
1.18,-9.66,1.79
1.07,-9.33,1.63
1.07,-9.33,1.63
1.07,-9.33,1.63
1.05,-9.5,1.73
1.05,-9.5,1.73
1.03,-9.46,1.81
0.89,-9.56,1.86
0.91,-9.82,1.9
0.91,-9.82,1.9
1.11,-9.34,1.77
1.11,-9.34,1.77
1.11,-9.34,1.77
1.15,-9.4,1.71
1.15,-9.4,1.71
1.15,-9.4,1.71
1.15,-9.68,1.72
1.15,-9.68,1.72
1.13,-9.33,1.73
1.08,-9.76,1.67
1.08,-9.76,1.67
1.08,-9.76,1.67
1.08,-9.53,1.77
1.08,-9.53,1.77
1.08,-9.53,1.77
1.01,-9.31,1.69
1.01,-9.31,1.69
1.01,-9.31,1.69
1.03,-9.61,1.54
1.03,-9.61,1.54
1.03,-9.61,1.54
1.04,-9.52,1.86
1.04,-9.52,1.86
1.04,-9.52,1.86
1.14,-9.4,1.76
1.14,-9.4,1.76
0.87,-9.42,1.65
0.87,-9.42,1.65
0.87,-9.42,1.65
0.9,-9.41,1.62
0.9,-9.41,1.62
0.9,-9.41,1.62
0.9,-9.66,1.68
0.9,-9.66,1.68
0.9,-9.66,1.68
1.13,-9.39,1.64
1.13,-9.39,1.64
1.13,-9.39,1.64
1.32,-9.46,1.55
1.32,-9.46,1.55
1.32,-9.46,1.55
1.2,-9.28,1.71
1.2,-9.28,1.71
1.21,-9.41,1.85
1.06,-9.46,1.98
1.06,-9.46,1.98
1.05,-9.49,1.88
1.05,-9.49,1.88
1.05,-9.49,1.88
1.04,-9.48,1.9
1.04,-9.48,1.9
1.04,-9.48,1.9
1.06,-9.41,1.87
1.06,-9.41,1.87
1.1,-9.53,1.8
1.08,-9.44,1.92
1.09,-9.27,1.99
1.09,-9.27,1.99
1.02,-9.4,1.94
1.02,-9.4,1.94
1.02,-9.4,1.94
1.13,-9.71,2.15
1.13,-9.71,2.15
1.13,-9.71,2.15
1.44,-9.47,2.15
1.44,-9.47,2.15
1.44,-9.47,2.15
1.06,-9.04,2.22
1.06,-9.04,2.22
1.06,-9.04,2.22
1.05,-9.49,2.07
1.05,-9.49,2.07
1.05,-9.49,2.07
0.93,-9.21,2.19
0.93,-9.21,2.19
0.93,-9.21,2.19
0.5,-9.97,1.98
0.5,-9.97,1.98
0.5,-9.97,1.98
1.32,-9.4,2.76
1.32,-9.4,2.76
1.32,-9.4,2.76
1.02,-8.55,1.74
1.02,-8.55,1.74
1.02,-8.55,1.74
0.8,-8.56,1.57
0.8,-8.56,1.57
0.8,-8.56,1.57
1.0,-9.89,2.16
1.0,-9.89,2.16
1.43,-9.53,2.47
1.81,-9.39,2.72
1.81,-9.39,2.72
1.81,-9.39,2.72
1.47,-9.25,2.37
1.47,-9.25,2.37
1.47,-9.25,2.37
0.97,-8.77,1.87
0.97,-8.77,1.87
0.97,-8.77,1.87
0.72,-9.07,2.43
0.72,-9.07,2.43
0.72,-9.07,2.43
1.67,-10.02,3.12
1.67,-10.02,3.12
1.67,-10.02,3.12
1.68,-8.96,2.83
1.68,-8.96,2.83
1.68,-8.96,2.83
0.88,-9.11,2.71
0.88,-9.11,2.71
0.88,-9.11,2.71
1.28,-8.47,2.44
1.28,-8.47,2.44
1.12,-8.91,2.59
0.95,-9.39,3.08
0.95,-9.39,3.08
0.95,-9.39,3.08
1.65,-9.86,3.59
1.65,-9.86,3.59
1.65,-9.86,3.59
1.46,-9.3,3.16
1.46,-9.3,3.16
1.46,-9.3,3.16
0.2,-8.87,2.62
0.2,-8.87,2.62
0.2,-8.87,2.62
1.22,-9.21,3.36
1.22,-9.21,3.36
1.22,-9.21,3.36
1.46,-8.67,3.03
1.46,-8.67,3.03
1.46,-8.67,3.03
1.22,-9.47,3.48
1.22,-9.47,3.48
1.22,-9.47,3.48
1.03,-8.29,2.3
1.03,-8.29,2.3
0.92,-8.44,3.24
1.66,-9.89,3.97
1.66,-9.89,3.97
1.66,-9.89,3.97
1.7,-8.86,3.13
1.7,-8.86,3.13
1.7,-8.86,3.13
1.96,-9.7,3.85
1.96,-9.7,3.85
1.25,-8.26,3.41
0.87,-9.11,3.19
0.87,-9.11,3.19
0.87,-9.11,3.19
1.63,-8.72,3.65
1.63,-8.72,3.65
1.63,-8.72,3.65
1.93,-8.52,3.35
1.93,-8.52,3.35
1.93,-8.52,3.35
2.54,-10.57,4.05
2.54,-10.57,4.05
2.54,-10.57,4.05
1.24,-9.85,3.27
1.24,-9.85,3.27
1.41,-8.15,3.15
2.42,-9.01,3.54
2.42,-9.01,3.54
2.42,-9.01,3.54
1.47,-10.42,3.49
1.47,-10.42,3.49
1.47,-10.42,3.49
1.52,-9.74,3.11
1.52,-9.74,3.11
1.52,-9.74,3.11
2.37,-10.09,3.45
2.37,-10.09,3.45
2.37,-10.09,3.45
2.21,-8.35,2.74
2.21,-8.35,2.74
2.21,-8.35,2.74
1.54,-8.96,3.11
1.54,-8.96,3.11
1.54,-8.96,3.11
1.78,-8.87,3.01
1.78,-8.87,3.01
1.78,-8.87,3.01
1.33,-9.41,3.34
1.33,-9.41,3.34
2.25,-10.18,3.25
1.41,-10.38,2.68
1.41,-10.38,2.68
1.41,-10.38,2.68
2.14,-11.09,3.25
2.14,-11.09,3.25
2.14,-11.09,3.25
0.93,-8.71,1.76
0.93,-8.71,1.76
1.22,-9.96,2.04
1.22,-9.96,2.04
1.13,-9.36,1.43
2.51,-10.09,1.32
2.51,-10.09,1.32
2.51,-10.09,1.32
2.09,-9.08,1.23
2.09,-9.08,1.23
2.09,-9.08,1.23
2.06,-8.53,0.76
2.06,-8.53,0.76
2.06,-8.53,0.76
0.19,-9.39,1.54
0.19,-9.39,1.54
0.19,-9.39,1.54
0.25,-8.27,1.5
0.25,-8.27,1.5
0.25,-8.27,1.5
1.43,-8.77,0.49
1.43,-8.77,0.49
1.43,-8.77,0.49
1.25,-10.19,0.94
1.25,-10.19,0.94
1.96,-9.68,0.55
0.99,-10.99,-0.09
0.99,-10.99,-0.09
-0.01,-11.46,0.45
1.38,-9.99,0.12
1.38,-9.99,0.12
1.38,-9.99,0.12
1.29,-8.69,-0.6
1.29,-8.69,-0.6
1.29,-8.69,-0.6
1.74,-10.51,-1.5
1.74,-10.51,-1.5
1.01,-10.77,-0.96
5.15,-9.16,0.71
5.15,-9.16,0.71
5.15,-9.16,0.71
0.33,-8.77,-1.99
0.33,-8.77,-1.99
0.33,-8.77,-1.99
0.0,-9.46,-1.62
0.0,-9.46,-1.62
0.0,-9.46,-1.62
1.97,-8.12,-1.89
1.07,-8.67,-1.93
1.07,-8.67,-1.93
1.81,-10.22,-2.15
1.81,-10.22,-2.15
1.81,-10.22,-2.15
1.05,-8.46,-1.38
1.05,-8.46,-1.38
1.05,-8.46,-1.38
0.0,-10.42,-0.76
0.0,-10.42,-0.76
0.0,-10.42,-0.76
1.27,-7.4,-2.03
1.27,-7.4,-2.03
1.27,-7.4,-2.03
2.69,-9.35,-1.58
2.69,-9.35,-1.58
2.69,-9.35,-1.58
-0.57,-9.78,-1.61
-0.57,-9.78,-1.61
-0.57,-9.78,-1.61
1.08,-9.49,-0.99
1.08,-9.49,-0.99
1.08,-9.49,-0.99
0.14,-9.33,-1.91
0.14,-9.33,-1.91
0.14,-9.33,-1.91
0.68,-8.96,-2.34
0.68,-8.96,-2.34
0.68,-8.96,-2.34
1.54,-10.58,-1.7
1.54,-10.58,-1.7
1.54,-10.58,-1.7
-0.17,-7.73,-1.4
-0.17,-7.73,-1.4
-0.17,-7.73,-1.4
0.1,-10.64,-1.19
0.1,-10.64,-1.19
0.1,-10.64,-1.19
0.21,-8.62,-1.63
0.21,-8.62,-1.63
0.21,-8.62,-1.63
1.26,-9.34,-2.11
1.26,-9.34,-2.11
1.26,-9.34,-2.11
1.44,-9.73,-1.97
1.44,-9.73,-1.97
1.44,-9.73,-1.97
-0.09,-8.8,-1.59
-0.09,-8.8,-1.59
-0.09,-8.8,-1.59
0.55,-9.37,-2.03
0.55,-9.37,-2.03
0.55,-9.37,-2.03
1.62,-8.97,-1.71
1.62,-8.97,-1.71
1.62,-8.97,-1.71
0.11,-8.6,-1.91
0.11,-8.6,-1.91
0.11,-8.6,-1.91
0.78,-10.52,-1.36
0.78,-10.52,-1.36
0.27,-9.77,-1.69
1.04,-10.26,-1.81
1.04,-10.26,-1.81
1.04,-10.26,-1.81
-0.05,-9.1,-1.6
-0.05,-9.1,-1.6
-0.05,-9.1,-1.6
1.75,-9.25,-1.77
1.75,-9.25,-1.77
1.75,-9.25,-1.77
0.08,-9.2,-1.95
0.08,-9.2,-1.95
0.08,-9.2,-1.95
0.25,-10.19,-2.04
0.25,-10.19,-2.04
0.25,-10.19,-2.04
1.47,-9.14,-1.88
1.47,-9.14,-1.88
1.47,-9.14,-1.88
-0.2,-9.38,-1.69
-0.2,-9.38,-1.69
-0.2,-9.38,-1.69
1.11,-9.25,-1.71
1.11,-9.25,-1.71
0.57,-9.52,-1.89
0.53,-9.17,-1.77
0.53,-9.17,-1.77
1.07,-9.12,-2.14
1.07,-9.12,-2.14
1.07,-9.12,-2.14
0.42,-9.58,-1.91
0.42,-9.58,-1.91
0.42,-9.58,-1.91
1.11,-9.45,-1.72
1.11,-9.45,-1.72
1.11,-9.45,-1.72
0.33,-9.3,-1.84
0.33,-9.3,-1.84
0.33,-9.3,-1.84
0.49,-9.53,-1.55
0.49,-9.53,-1.55
0.49,-9.53,-1.55
0.75,-9.12,-1.84
0.75,-9.12,-1.84
0.75,-9.12,-1.84
0.92,-9.86,-1.89
0.92,-9.86,-1.89
0.92,-9.86,-1.89
0.32,-8.97,-1.85
0.32,-8.97,-1.85
0.32,-8.97,-1.85
0.89,-9.7,-2.0
0.89,-9.7,-2.0
0.89,-9.7,-2.0
0.87,-9.1,-1.68
0.87,-9.1,-1.68
0.87,-9.1,-1.68
0.49,-9.41,-1.87
0.49,-9.41,-1.87
0.49,-9.41,-1.87
1.42,-9.49,-2.02
1.42,-9.49,-2.02
0.35,-9.22,-1.88
0.35,-9.22,-1.88
0.35,-9.22,-1.88
1.1,-9.12,-2.04
1.1,-9.12,-2.04
1.1,-9.12,-2.04
1.36,-8.94,-1.91
1.36,-8.94,-1.91
1.36,-8.94,-1.91
-0.02,-9.81,-1.81
-0.02,-9.81,-1.81
-0.02,-9.81,-1.81
1.31,-9.31,-1.65
1.31,-9.31,-1.65
1.31,-9.31,-1.65
-0.1,-9.33,-1.94
-0.1,-9.33,-1.94
0.58,-8.99,-1.71
0.92,-9.52,-1.7
0.68,-9.05,-1.9
0.78,-9.55,-2.07
0.78,-9.55,-2.07
0.78,-9.55,-2.07
1.12,-8.6,-1.97
1.12,-8.6,-1.97
0.68,-9.9,-1.76
0.68,-9.9,-1.76
0.68,-9.9,-1.76
0.72,-9.33,-1.79
0.72,-9.33,-1.79
-0.5,-9.99,-2.06
1.91,-8.96,-1.37
1.91,-8.96,-1.37
1.91,-8.96,-1.37
-0.55,-9.22,-2.03
-0.55,-9.22,-2.03
-0.55,-9.22,-2.03
1.36,-9.2,-1.51
1.36,-9.2,-1.51
0.09,-9.14,-1.73
0.1,-9.33,-1.93
1.05,-9.7,-2.1
1.05,-9.7,-2.1
0.63,-8.79,-2.0
0.63,-8.79,-2.0
0.63,-8.79,-2.0
1.31,-9.77,-2.09
1.31,-9.77,-2.09
1.31,-9.77,-2.09
0.36,-8.79,-1.84
0.36,-8.79,-1.84
0.36,-8.79,-1.84
1.16,-9.83,-1.81
1.07,-9.01,-1.69
1.07,-9.01,-1.69
0.72,-9.81,-1.99
0.72,-9.81,-1.99
0.72,-9.81,-1.99
0.88,-8.54,-1.66
0.88,-8.54,-1.66
0.88,-8.54,-1.66
0.37,-9.82,-1.7
0.37,-9.82,-1.7
0.37,-9.82,-1.7
0.2,-8.79,-1.75
0.2,-8.79,-1.75
0.2,-8.79,-1.75
1.6,-9.35,-1.64
1.6,-9.35,-1.64
1.6,-9.35,-1.64
-0.1,-9.99,-1.89
-0.1,-9.99,-1.89
-0.1,-9.99,-1.89
1.3,-9.66,-1.43
1.3,-9.66,-1.43
1.3,-9.66,-1.43
0.6,-9.14,-1.73
0.6,-9.14,-1.73
0.99,-9.17,-1.75
0.74,-8.9,-1.91
0.74,-8.9,-1.91
0.74,-8.9,-1.91
1.23,-9.74,-1.93
1.23,-9.74,-1.93
1.23,-9.74,-1.93
0.27,-9.29,-1.8
0.27,-9.29,-1.8
1.0,-8.96,-1.91
0.55,-9.7,-1.86
0.55,-9.7,-1.86
0.55,-9.7,-1.86
0.94,-8.83,-1.86
0.94,-8.83,-1.86
0.94,-8.83,-1.86
0.25,-9.86,-1.78
0.25,-9.86,-1.78
0.25,-9.86,-1.78
0.93,-8.58,-1.88
0.93,-8.58,-1.88
0.93,-8.58,-1.88
-0.38,-9.41,-1.76
-0.38,-9.41,-1.76
-0.38,-9.41,-1.76
2.02,-9.66,-1.95
2.02,-9.66,-1.95
2.02,-9.66,-1.95
0.2,-9.48,-1.91
0.2,-9.48,-1.91
0.2,-9.48,-1.91
1.05,-9.55,-1.56
1.05,-9.55,-1.56
0.11,-9.94,-1.59
1.23,-8.77,-1.72
1.23,-8.77,-1.72
1.23,-8.77,-1.72
0.61,-9.33,-1.87
0.61,-9.33,-1.87
0.61,-9.33,-1.87
0.95,-9.37,-1.85
0.95,-9.37,-1.85
0.95,-9.37,-1.85
0.47,-9.61,-1.83
0.47,-9.61,-1.83
0.47,-9.61,-1.83
0.82,-9.38,-1.59
0.82,-9.38,-1.59
0.82,-9.38,-1.59
0.22,-9.01,-1.73
0.22,-9.01,-1.73
0.22,-9.01,-1.73
1.44,-9.48,-2.01
1.44,-9.48,-2.01
1.44,-9.48,-2.01
0.94,-8.99,-1.78
0.94,-8.99,-1.78
0.94,-8.99,-1.78
0.31,-9.83,-1.5
0.31,-9.83,-1.5
0.27,-9.15,-1.74
1.46,-9.51,-2.0
1.46,-9.51,-2.0
1.46,-9.51,-2.0
0.84,-9.09,-1.78
0.84,-9.09,-1.78
0.84,-9.09,-1.78
0.88,-9.3,-1.6
0.88,-9.3,-1.6
0.88,-9.3,-1.6
0.18,-9.7,-1.44
0.62,-9.15,-1.7
0.62,-9.15,-1.7
0.58,-9.62,-1.54
0.58,-9.62,-1.54
0.58,-9.62,-1.54
1.43,-9.0,-2.15
1.43,-9.0,-2.15
1.43,-9.0,-2.15
0.3,-9.84,-2.13
0.3,-9.84,-2.13
0.82,-9.28,-1.92
1.27,-8.61,-1.63
0.5,-9.46,-1.81
0.5,-9.46,-1.81
0.88,-8.88,-1.74
0.88,-8.88,-1.74
0.88,-8.88,-1.74
0.45,-9.25,-1.91
0.45,-9.25,-1.91
0.98,-9.44,-1.76
0.98,-9.44,-1.76
0.88,-8.73,-1.79
0.94,-9.77,-1.79
0.94,-9.77,-1.79
0.94,-9.77,-1.79
0.27,-9.13,-1.57
0.27,-9.13,-1.57
0.27,-9.13,-1.57
1.27,-9.39,-1.89
1.27,-9.39,-1.89
1.27,-9.39,-1.89
0.39,-9.41,-2.15
0.39,-9.41,-2.15
0.39,-9.41,-2.15
1.83,-8.79,-1.87
1.4,-9.17,-1.83
1.4,-9.17,-1.83
0.42,-8.95,-1.87
0.42,-8.95,-1.87
0.42,-8.95,-1.87
1.55,-8.8,-2.15
1.55,-8.8,-2.15
1.55,-8.8,-2.15
3.03,-8.2,-3.62
3.03,-8.2,-3.62
5.64,-9.26,-4.22
