aX,aY,aZ
-28.12,0.02,-5.21
14.12,-1.46,-17.54
14.12,-1.46,-17.54
14.12,-1.46,-17.54
-0.66,-7.21,-13.15
-0.66,-7.21,-13.15
-0.66,-7.21,-13.15
4.91,-4.81,-9.55
4.91,-4.81,-9.55
4.91,-4.81,-9.55
0.28,-5.56,-7.41
0.28,-5.56,-7.41
0.2,-6.44,-6.56
-0.81,-5.32,-6.59
-0.81,-5.32,-6.59
-0.81,-5.32,-6.59
1.46,-4.74,-6.46
1.46,-4.74,-6.46
1.46,-4.74,-6.46
1.73,-4.63,-8.41
1.73,-4.63,-8.41
1.73,-4.63,-8.41
1.99,-5.43,-8.52
1.99,-5.43,-8.52
1.99,-5.43,-8.52
2.23,-5.79,-7.9
2.23,-5.79,-7.9
2.23,-5.79,-7.9
1.0,-5.5,-7.95
1.0,-5.5,-7.95
1.0,-5.5,-7.95
1.4,-5.11,-7.31
1.4,-5.11,-7.31
1.4,-5.11,-7.31
0.93,-5.4,-7.48
0.93,-5.4,-7.48
0.93,-5.4,-7.48
1.09,-5.33,-7.28
1.09,-5.33,-7.28
1.09,-5.33,-7.28
1.09,-5.55,-7.58
1.09,-5.55,-7.58
1.09,-5.55,-7.58
1.04,-5.61,-7.68
1.04,-5.61,-7.68
1.04,-5.61,-7.68
1.87,-5.53,-7.53
1.87,-5.53,-7.53
1.87,-5.53,-7.53
1.11,-5.94,-7.64
1.11,-5.94,-7.64
1.11,-5.94,-7.64
1.4,-5.18,-7.4
1.4,-5.18,-7.4
1.43,-5.27,-7.62
1.43,-5.27,-7.62
1.43,-5.27,-7.62
1.15,-5.54,-7.62
1.15,-5.54,-7.62
1.15,-5.54,-7.62
1.71,-5.13,-7.57
1.49,-5.34,-7.54
1.49,-5.34,-7.54
1.13,-5.36,-7.47
1.13,-5.36,-7.47
1.13,-5.36,-7.47
1.38,-5.45,-7.32
1.38,-5.45,-7.32
1.38,-5.45,-7.32
1.27,-5.44,-7.53
1.27,-5.44,-7.53
1.27,-5.44,-7.53
1.11,-5.7,-7.37
1.11,-5.7,-7.37
1.11,-5.7,-7.37
1.5,-5.39,-7.54
1.5,-5.39,-7.54
1.5,-5.39,-7.54
1.65,-5.5,-7.59
1.65,-5.5,-7.59
1.65,-5.5,-7.59
1.72,-5.58,-7.57
1.72,-5.58,-7.57
1.72,-5.58,-7.57
1.7,-5.86,-7.56
1.7,-5.86,-7.56
1.7,-5.86,-7.56
1.88,-5.6,-7.63
1.88,-5.6,-7.63
1.88,-5.6,-7.63
1.86,-5.6,-7.7
1.86,-5.6,-7.7
1.86,-5.6,-7.7
1.75,-5.41,-7.63
1.75,-5.41,-7.63
1.75,-5.41,-7.63
1.56,-5.38,-7.54
1.56,-5.38,-7.54
1.6,-5.69,-7.48
1.6,-5.69,-7.48
1.6,-5.69,-7.48
1.6,-5.5,-7.57
1.6,-5.5,-7.57
1.6,-5.5,-7.57
1.45,-5.69,-7.59
1.45,-5.69,-7.59
1.45,-5.69,-7.59
1.63,-4.9,-7.62
1.63,-4.9,-7.62
1.63,-4.9,-7.62
1.61,-5.43,-7.72
1.61,-5.43,-7.72
1.61,-5.43,-7.72
1.52,-5.13,-7.44
1.52,-5.13,-7.44
1.52,-5.13,-7.44
1.2,-4.73,-7.27
1.2,-4.73,-7.27
1.13,-4.54,-7.16
1.41,-4.48,-7.04
1.66,-4.45,-7.14
2.05,-4.97,-7.67
2.05,-4.97,-7.67
2.05,-4.97,-7.67
2.19,-5.49,-7.68
2.19,-5.49,-7.68
2.19,-5.49,-7.68
2.75,-6.33,-7.51
2.97,-6.23,-7.5
2.97,-6.23,-7.5
2.41,-5.71,-7.86
2.41,-5.71,-7.86
2.41,-5.71,-7.86
2.41,-5.98,-7.19
2.41,-5.98,-7.19
2.41,-5.98,-7.19
2.23,-4.89,-6.94
2.23,-4.89,-6.94
2.23,-4.89,-6.94
1.48,-4.35,-6.08
1.48,-4.35,-6.08
1.53,-3.91,-5.93
1.29,-3.27,-5.98
1.29,-3.27,-5.98
1.29,-3.27,-5.98
1.47,-2.47,-5.07
1.47,-2.47,-5.07
1.47,-2.47,-5.07
1.72,-3.53,-4.74
1.72,-3.53,-4.74
1.51,-4.8,-4.22
1.71,-5.35,-3.65
1.71,-5.35,-3.65
1.84,-5.3,-3.03
2.41,-3.48,-2.03
2.41,-3.48,-2.03
2.41,-3.48,-2.03
1.78,-6.9,-0.51
1.78,-6.9,-0.51
1.78,-6.9,-0.51
1.49,-8.09,0.24
1.49,-8.09,0.24
1.49,-8.09,0.24
-1.65,-10.8,8.92
-1.65,-10.8,8.92
-1.53,-9.94,5.29
-3.31,-13.26,7.06
-3.31,-13.26,7.06
-3.31,-13.26,7.06
-2.53,-12.22,8.11
-2.53,-12.22,8.11
-2.53,-12.22,8.11
-4.12,-12.1,6.88
-4.12,-12.1,6.88
-4.12,-12.1,6.88
-2.94,-12.88,8.01
-2.38,-11.79,7.36
-2.38,-11.79,7.36
-2.02,-10.54,7.27
-2.02,-10.54,7.27
-2.02,-10.54,7.27
-0.53,-11.73,7.69
-0.53,-11.73,7.69
-0.53,-11.73,7.69
1.36,-10.54,6.1
1.36,-10.54,6.1
2.15,-9.59,5.63
2.33,-8.95,5.35
2.48,-8.7,5.28
2.48,-8.7,5.28
4.89,-8.79,3.82
4.89,-8.79,3.82
4.89,-8.79,3.82
4.48,-6.63,3.13
4.48,-6.63,3.13
4.48,-6.63,3.13
1.99,-7.17,4.07
1.99,-7.17,4.07
1.41,-8.56,5.03
1.1,-9.04,5.69
0.15,-9.52,5.39
0.15,-9.52,5.39
-1.99,-8.72,3.84
-1.99,-8.72,3.84
-1.99,-8.72,3.84
-3.2,-9.37,4.06
-3.2,-9.37,4.06
-3.2,-9.37,4.06
-4.64,-9.88,2.83
-4.64,-9.88,2.83
-4.23,-9.16,2.28
-4.42,-8.98,2.31
-4.42,-8.98,2.31
-4.42,-8.98,2.31
-5.02,-10.06,3.71
-5.02,-10.06,3.71
-5.02,-10.06,3.71
-4.07,-9.57,3.83
-4.07,-9.57,3.83
-4.07,-9.57,3.83
-2.99,-8.77,2.92
-2.99,-8.77,2.92
-2.29,-8.8,2.86
-1.39,-8.56,2.77
-1.39,-8.56,2.77
-1.39,-8.56,2.77
-1.1,-9.28,2.95
-1.1,-9.28,2.95
-1.1,-9.28,2.95
-1.66,-9.02,2.56
-1.66,-9.02,2.56
-1.66,-9.02,2.56
-1.42,-9.4,3.29
-1.42,-9.4,3.29
-1.42,-9.4,3.29
-2.26,-10.04,2.3
-2.26,-10.04,2.3
-2.26,-10.04,2.3
-1.18,-9.76,2.09
-1.18,-9.76,2.09
-1.18,-9.76,2.09
-1.62,-10.07,2.44
-1.62,-10.07,2.44
-1.62,-10.07,2.44
-0.7,-10.01,2.65
-0.7,-10.01,2.65
-0.7,-10.01,2.65
-2.12,-8.72,1.47
-2.12,-8.72,1.47
-2.12,-8.72,1.47
-2.43,-8.27,1.59
-2.43,-8.27,1.59
-2.43,-8.27,1.59
-2.58,-8.11,1.11
-2.58,-8.11,1.11
-2.58,-8.11,1.11
-2.64,-8.09,0.78
-2.64,-8.09,0.78
-2.64,-8.09,0.78
-2.33,-8.27,0.42
-2.33,-8.27,0.42
-2.33,-8.27,0.42
-2.36,-8.7,0.1
-2.36,-8.7,0.1
-2.36,-8.7,0.1
-2.23,-8.68,-0.08
-2.23,-8.68,-0.08
-2.37,-9.05,-0.06
-2.34,-9.04,-0.14
-2.34,-9.04,-0.14
-2.76,-8.44,-0.52
-2.76,-8.44,-0.52
-2.76,-8.44,-0.52
-3.03,-8.79,-0.07
-3.03,-8.79,-0.07
-3.03,-8.79,-0.07
-2.47,-9.13,0.27
-2.47,-9.13,0.27
-2.47,-9.13,0.27
-2.48,-8.33,0.06
-2.48,-8.33,0.06
-2.48,-8.33,0.06
-3.28,-8.59,-0.11
-3.28,-8.59,-0.11
-3.28,-8.59,-0.11
-2.02,-7.73,-0.04
-2.02,-7.73,-0.04
-2.02,-7.73,-0.04
-2.15,-8.6,-0.07
-2.15,-8.6,-0.07
-2.15,-8.6,-0.07
-1.38,-10.38,0.95
-1.38,-10.38,0.95
-1.38,-10.38,0.95
-1.08,-10.45,0.21
-1.08,-10.45,0.21
-1.08,-10.45,0.21
-0.95,-10.51,0.08
-0.95,-10.51,0.08
-0.95,-10.51,0.08
-0.84,-9.19,-0.44
-0.84,-9.19,-0.44
-0.84,-9.19,-0.44
-1.6,-9.64,-0.27
-1.6,-9.64,-0.27
-1.6,-9.64,-0.27
-2.01,-10.08,-0.47
-1.89,-11.28,-0.68
-1.89,-11.28,-0.68
-0.39,-13.22,-1.01
-0.39,-13.22,-1.01
-0.39,-13.22,-1.01
-1.48,-15.3,-1.77
-1.48,-15.3,-1.77
-1.48,-15.3,-1.77
-2.06,-15.0,-0.87
-2.06,-15.0,-0.87
-2.06,-15.0,-0.87
-1.58,-13.15,-1.77
-1.58,-13.15,-1.77
-1.58,-13.15,-1.77
-1.38,-12.99,-0.79
-1.38,-12.99,-0.79
-1.38,-12.99,-0.79
-1.77,-10.99,-1.62
-1.77,-10.99,-1.62
-1.77,-10.99,-1.62
-1.85,-9.65,-1.63
-1.85,-9.65,-1.63
-2.0,-9.57,-0.88
-1.17,-7.79,-2.94
-1.17,-7.79,-2.94
-1.17,-7.79,-2.94
-0.69,-5.62,-4.16
-0.69,-5.62,-4.16
-0.69,-5.62,-4.16
0.31,-4.39,-4.04
0.93,-2.43,-4.19
0.93,-2.43,-4.19
1.01,-1.09,-4.3
2.5,-0.45,-3.76
2.5,-0.45,-3.76
2.5,-0.45,-3.76
3.45,0.1,-2.99
3.45,0.1,-2.99
3.45,0.1,-2.99
3.63,0.35,-2.68
3.63,0.35,-2.68
3.63,0.35,-2.68
4.15,-0.2,-1.83
4.15,-0.2,-1.83
4.22,-0.52,-1.06
2.93,-1.24,-0.11
2.93,-1.24,-0.11
2.93,-1.24,-0.11
4.62,-3.54,1.46
3.41,-3.96,1.54
3.41,-3.96,1.54
3.41,-3.96,1.54
3.33,-8.44,8.44
3.33,-8.44,8.44
3.16,-6.99,2.02
1.11,-9.0,5.38
1.11,-9.0,5.38
1.11,-9.0,5.38
-0.3,-11.35,5.1
-0.3,-11.35,5.1
-0.3,-11.35,5.1
-1.42,-12.76,6.97
-1.42,-12.76,6.97
-2.49,-13.91,5.73
-3.69,-13.22,6.29
-3.69,-13.22,6.29
-3.46,-13.16,6.96
-2.19,-11.84,6.65
-2.19,-11.84,6.65
-2.19,-11.84,6.65
-3.88,-12.92,6.86
-3.88,-12.92,6.86
-3.88,-12.92,6.86
-3.07,-9.47,6.84
-3.07,-9.47,6.84
-3.07,-9.47,6.84
-4.19,-8.45,6.6
-7.55,-10.56,6.43
-7.55,-10.56,6.43
-4.2,-8.04,5.98
-4.2,-8.04,5.98
-4.2,-8.04,5.98
-5.04,-7.61,5.87
-5.04,-7.61,5.87
-5.04,-7.61,5.87
-4.39,-8.03,6.12
-4.39,-8.03,6.12
-4.42,-7.44,6.04
-4.33,-6.68,6.37
-4.33,-6.68,6.37
-4.78,-6.66,6.2
-3.99,-7.5,6.82
-3.99,-7.5,6.82
-3.54,-6.49,6.32
-3.54,-6.49,6.32
-3.54,-6.49,6.32
-3.88,-6.2,5.94
-3.88,-6.2,5.94
-3.88,-6.2,5.94
-3.2,-6.54,6.6
-3.2,-6.54,6.6
-3.12,-6.27,5.92
-3.18,-6.68,6.16
-3.18,-6.68,6.16
-3.18,-6.68,6.16
-2.57,-6.36,6.35
-2.57,-6.36,6.35
-2.57,-6.36,6.35
-3.02,-6.73,5.78
-3.02,-6.73,5.78
-2.98,-6.68,5.68
-4.43,-5.69,4.9
-4.43,-5.69,4.9
-4.43,-5.69,4.9
-5.72,-7.18,5.82
-5.72,-7.18,5.82
-5.72,-7.18,5.82
-5.44,-6.45,6.02
-5.44,-6.45,6.02
-5.44,-6.45,6.02
-6.85,-6.23,4.96
-6.85,-6.23,4.96
-6.85,-6.23,4.96
-6.53,-5.44,5.56
-6.53,-5.44,5.56
-5.26,-5.99,6.39
-5.26,-5.99,6.39
-5.26,-5.99,6.39
-5.83,-4.33,5.04
-5.83,-4.33,5.04
-5.83,-4.33,5.04
-6.17,-5.69,5.59
-6.17,-5.69,5.59
-6.51,-5.49,4.86
-5.78,-5.56,4.87
-5.78,-5.56,4.87
-5.78,-5.56,4.87
-5.17,-6.12,5.75
-5.17,-6.12,5.75
-5.17,-6.12,5.75
-4.53,-5.86,5.53
-4.53,-5.86,5.53
-4.53,-5.86,5.53
-4.35,-6.14,5.55
-4.35,-6.14,5.55
-4.55,-6.4,5.64
-5.0,-5.43,5.38
-5.0,-5.43,5.38
-5.0,-5.43,5.38
-5.45,-6.02,5.8
-5.45,-6.02,5.8
-5.45,-6.02,5.8
-5.38,-5.88,5.78
-5.38,-5.88,5.78
-5.38,-5.88,5.78
-5.42,-5.57,5.41
-5.42,-5.57,5.41
-5.42,-5.57,5.41
-5.26,-5.6,5.56
-5.26,-5.6,5.56
-5.26,-5.6,5.56
-5.23,-5.7,5.72
-5.23,-5.7,5.72
-5.23,-5.7,5.72
-5.45,-5.4,5.58
-5.45,-5.4,5.58
-5.45,-5.4,5.58
-5.54,-5.66,5.64
-5.54,-5.66,5.64
-5.54,-5.66,5.64
-5.42,-5.45,5.56
-5.42,-5.45,5.56
-5.62,-5.33,5.51
-5.53,-5.56,5.61
-5.53,-5.56,5.61
-5.53,-5.56,5.61
-5.36,-5.52,5.51
-5.36,-5.52,5.51
-5.36,-5.52,5.51
-5.42,-5.38,5.52
-5.42,-5.38,5.52
-5.51,-5.39,5.71
-5.44,-5.66,5.66
-5.44,-5.66,5.66
-5.44,-5.66,5.66
-5.29,-5.42,5.48
-5.29,-5.42,5.48
-5.29,-5.42,5.48
-5.67,-5.6,5.44
-5.67,-5.6,5.44
-5.67,-5.6,5.44
-5.47,-6.2,5.76
-5.47,-6.2,5.76
-5.34,-6.0,5.53
-5.37,-5.77,5.33
-5.61,-6.0,5.28
-5.61,-6.0,5.28
-5.83,-6.33,5.31
-5.83,-6.33,5.31
-5.83,-6.33,5.31
-6.07,-5.65,5.75
-6.07,-5.65,5.75
-6.07,-5.65,5.75
-5.72,-5.99,5.68
-5.72,-5.99,5.68
-4.99,-5.96,5.87
-4.78,-6.14,5.82
-4.78,-6.14,5.82
-4.56,-5.94,5.62
-4.15,-6.26,5.73
-4.15,-6.26,5.73
-4.15,-6.26,5.73
-4.67,-6.95,6.33
-4.67,-6.95,6.33
-4.67,-6.95,6.33
-3.92,-6.14,6.62
-3.92,-6.14,6.62
-3.92,-6.14,6.62
-4.09,-5.37,6.0
-4.04,-4.42,5.94
-4.04,-4.42,5.94
-3.82,-5.97,6.78
-3.82,-5.97,6.78
-3.82,-5.97,6.78
-3.15,-6.01,6.29
-3.15,-6.01,6.29
-3.15,-6.01,6.29
-3.08,-6.23,6.46
-3.08,-6.23,6.46
-3.08,-6.23,6.46
-3.2,-6.24,6.7
-3.3,-6.2,6.57
-3.3,-6.2,6.57
-2.89,-6.36,6.78
-2.89,-6.36,6.78
-2.89,-6.36,6.78
-2.73,-6.05,6.62
-2.73,-6.05,6.62
-2.73,-6.05,6.62
-2.35,-5.66,6.51
-2.35,-5.66,6.51
-2.61,-6.79,7.34
-2.61,-6.79,7.34
-2.61,-6.79,7.34
-2.95,-5.97,7.01
-2.95,-5.97,7.01
-2.95,-5.97,7.01
-3.27,-5.48,6.45
-3.27,-5.48,6.45
-3.27,-5.48,6.45
-3.76,-6.45,6.6
-3.76,-6.45,6.6
-3.76,-6.45,6.6
-3.53,-6.02,6.85
-3.53,-6.02,6.85
-3.53,-6.02,6.85
-3.47,-6.4,6.7
-3.47,-6.4,6.7
-3.47,-6.4,6.7
-2.5,-6.12,6.89
-2.5,-6.12,6.89
-2.5,-6.12,6.89
-2.78,-5.91,6.71
-2.78,-5.91,6.71
-3.53,-5.81,6.59
-3.64,-6.27,6.09
-3.64,-6.27,6.09
-3.64,-6.27,6.09
-3.05,-5.34,5.92
-3.05,-5.34,5.92
-3.05,-5.34,5.92
-3.59,-7.48,7.08
-3.59,-7.48,7.08
-3.59,-7.48,7.08
-4.25,-6.92,6.77
-4.25,-6.92,6.77
-4.25,-6.92,6.77
-4.01,-6.49,7.18
-4.01,-6.49,7.18
-4.01,-6.49,7.18
-3.5,-6.84,6.96
-3.5,-6.84,6.96
-3.5,-6.84,6.96
-2.99,-5.75,6.45
-2.99,-5.75,6.45
-2.99,-5.75,6.45
-3.23,-6.22,6.79
-3.23,-6.22,6.79
-3.63,-6.41,6.77
-3.54,-5.25,6.59
-3.54,-5.25,6.59
-3.54,-5.25,6.59
-3.99,-5.71,6.76
-3.99,-5.71,6.76
-3.36,-5.84,6.93
-3.36,-5.84,6.93
-3.46,-5.76,6.74
-3.55,-5.91,6.7
-3.55,-5.91,6.7
-3.85,-5.94,6.82
-3.84,-6.53,6.78
-3.84,-6.53,6.78
-3.84,-6.53,6.78
-3.76,-6.38,6.6
-3.76,-6.38,6.6
-3.76,-6.38,6.6
-3.37,-6.48,6.87
-3.37,-6.48,6.87
-3.37,-6.48,6.87
-3.79,-6.12,6.56
-3.82,-6.14,7.07
-3.82,-6.14,7.07
-3.82,-6.14,7.07
-3.54,-5.32,6.76
-3.54,-5.32,6.76
-3.54,-5.32,6.76
-3.57,-6.07,6.48
-3.57,-6.07,6.48
-3.57,-6.07,6.48
-4.4,-5.32,5.45
-4.4,-5.32,5.45
-4.4,-5.32,5.45
-4.0,-7.0,6.61
-4.0,-7.0,6.61
-4.0,-7.0,6.61
-3.06,-6.08,6.6
-3.06,-6.08,6.6
-3.06,-6.08,6.6
-2.84,-5.58,6.56
-2.84,-5.58,6.56
-2.84,-5.58,6.56
-3.01,-6.07,6.6
-3.01,-6.07,6.6
-3.01,-6.07,6.6
-3.53,-6.0,6.32
-3.53,-6.0,6.32
-3.53,-6.0,6.32
-3.46,-5.99,6.12
-3.46,-5.99,6.12
-3.46,-5.99,6.12
-2.91,-6.53,6.59
-2.91,-6.53,6.59
-2.91,-6.53,6.59
-2.94,-6.5,6.44
-2.94,-6.5,6.44
-2.94,-6.5,6.44
-2.55,-5.91,6.72
-2.55,-5.91,6.72
-2.55,-5.91,6.72
-3.0,-6.3,6.85
-3.0,-6.3,6.85
-3.0,-6.3,6.85
-3.43,-5.49,6.98
-3.43,-5.49,6.98
-3.03,-5.7,7.1
-2.92,-5.99,7.41
-2.92,-5.99,7.41
-2.92,-5.99,7.41
-2.42,-7.09,8.01
-2.42,-7.09,8.01
-2.42,-7.09,8.01
-2.76,-6.89,7.15
-2.76,-6.89,7.15
-2.76,-6.89,7.15
-3.07,-5.92,6.48
-2.96,-5.93,6.76
-2.96,-5.93,6.76
-2.57,-6.98,7.7
-2.57,-6.98,7.7
-2.57,-6.98,7.7
-2.64,-6.47,7.38
-2.64,-6.47,7.38
-2.64,-6.47,7.38
-2.72,-6.36,6.96
-2.72,-6.36,6.96
-2.72,-6.36,6.96
-2.82,-6.07,7.04
-2.82,-6.07,7.04
-3.31,-6.35,7.18
-3.51,-6.53,7.56
-3.51,-6.53,7.56
-3.51,-6.53,7.56
-3.27,-6.34,6.77
-3.27,-6.34,6.77
-3.27,-6.34,6.77
-2.34,-6.01,5.68
-2.34,-6.01,5.68
-2.28,-5.62,5.24
-2.54,-5.7,5.21
-2.95,-6.5,5.78
-2.95,-6.5,5.78
-3.21,-7.67,6.97
-3.21,-7.67,6.97
-3.21,-7.67,6.97
-2.84,-6.72,6.67
-2.84,-6.72,6.67
-2.84,-6.72,6.67
-2.58,-6.23,6.12
-2.58,-6.23,6.12
-2.58,-6.23,6.12
-2.67,-6.41,6.15
-2.67,-6.41,6.15
-2.65,-6.52,6.57
-2.72,-6.51,7.05
-2.72,-6.51,7.05
-2.72,-6.51,7.05
-2.77,-6.33,6.79
-2.77,-6.33,6.79
-2.77,-6.33,6.79
-3.12,-6.41,7.03
-3.12,-6.41,7.03
-3.12,-6.41,7.03
-2.8,-6.8,7.13
-2.69,-6.8,7.05
-2.69,-6.8,7.05
-2.81,-6.46,6.56
-2.81,-6.46,6.56
-2.81,-6.46,6.56
-3.15,-6.38,6.89
-3.15,-6.38,6.89
-3.15,-6.38,6.89
-2.7,-6.89,7.3
-2.7,-6.89,7.3
-2.31,-6.53,7.06
-2.14,-6.28,6.86
-2.14,-6.28,6.86
-2.37,-6.27,6.79
-2.94,-6.17,6.87
-2.94,-6.17,6.87
-2.94,-6.17,6.87
-3.23,-6.12,6.77
-3.23,-6.12,6.77
-3.23,-6.12,6.77
-3.02,-5.76,6.88
-3.02,-5.76,6.88
-3.24,-6.13,6.97
-2.88,-6.68,7.31
-2.88,-6.68,7.31
-2.88,-6.68,7.31
-2.8,-6.27,6.89
-2.8,-6.27,6.89
-2.8,-6.27,6.89
-2.82,-6.51,6.9
-2.82,-6.51,6.9
-2.82,-6.51,6.9
-2.62,-6.91,6.85
-2.78,-6.99,6.72
-2.78,-6.99,6.72
-2.47,-6.89,6.62
-2.47,-6.89,6.62
-2.47,-6.89,6.62
-2.62,-6.85,6.83
-2.62,-6.85,6.83
-2.62,-6.85,6.83
-2.19,-6.19,7.03
-2.19,-6.19,7.03
-2.19,-6.19,7.03
-2.55,-7.11,7.23
-2.55,-7.11,7.23
-2.81,-7.23,7.24
-2.54,-6.52,6.92
-2.54,-6.52,6.92
-2.54,-6.52,6.92
-1.53,-7.39,7.64
-1.53,-7.39,7.64
-1.53,-7.39,7.64
-1.39,-7.68,7.13
-1.39,-7.68,7.13
-1.39,-7.68,7.13
-1.75,-8.31,6.87
-1.75,-8.31,6.87
-1.89,-7.65,6.53
-1.68,-6.98,6.64
-1.68,-6.98,6.64
-1.68,-6.98,6.64
-2.0,-7.92,6.9
-2.0,-7.92,6.9
-2.0,-7.92,6.9
-1.48,-7.54,6.44
-1.48,-7.54,6.44
-1.48,-7.54,6.44
-1.58,-7.14,6.4
-1.28,-7.26,6.75
-1.28,-7.26,6.75
-0.95,-8.28,6.58
-1.09,-8.09,6.24
-1.09,-8.09,6.24
-1.3,-7.23,5.96
-1.3,-7.23,5.96
-1.3,-7.23,5.96
-0.99,-8.38,5.54
-0.99,-8.38,5.54
-0.99,-8.38,5.54
-0.71,-8.99,5.99
-0.71,-8.99,5.99
-0.71,-8.82,5.83
-1.06,-8.39,5.5
-0.97,-8.18,5.46
-0.97,-8.18,5.46
-1.12,-9.58,4.89
-1.12,-9.58,4.89
-1.12,-9.58,4.89
-0.82,-9.12,4.67
-0.82,-9.12,4.67
-0.82,-9.12,4.67
-0.87,-9.28,4.22
-0.87,-9.28,4.22
-0.87,-9.28,4.22
-0.79,-9.28,4.74
-0.79,-9.28,4.74
-0.79,-9.28,4.74
-0.77,-8.87,3.85
-0.77,-8.87,3.85
-0.77,-8.87,3.85
-0.32,-9.84,3.46
-0.32,-9.84,3.46
-0.32,-9.84,3.46
-0.3,-10.15,2.44
-0.3,-10.15,2.44
-0.3,-10.15,2.44
-0.1,-10.57,2.3
-0.1,-10.57,2.3
-0.1,-10.57,2.3
0.17,-9.86,1.88
0.17,-9.86,1.88
0.17,-9.86,1.88
0.53,-9.88,1.58
0.19,-9.45,1.05
0.19,-9.45,1.05
0.29,-9.49,0.53
0.61,-9.62,0.24
0.61,-9.62,0.24
0.61,-9.62,0.24
0.5,-9.44,0.06
0.5,-9.44,0.06
0.5,-9.44,0.06
0.45,-9.4,-0.33
0.45,-9.4,-0.33
0.45,-9.4,-0.33
0.5,-9.18,-0.55
0.91,-8.63,-0.7
1.76,-8.52,-4.03
1.76,-8.52,-4.03
1.76,-8.52,-4.03
1.93,-8.65,-2.74
1.93,-8.65,-2.74
1.93,-8.65,-2.74
2.37,-8.33,-3.32
2.63,-7.47,-3.82
2.63,-7.47,-3.82
2.63,-7.47,-3.82
2.57,-7.86,-4.14
2.57,-7.86,-4.14
2.57,-7.86,-4.14
2.48,-7.58,-4.33
2.48,-7.58,-4.33
2.48,-7.58,-4.33
2.89,-7.62,-4.22
2.89,-7.62,-4.22
2.89,-7.62,-4.22
2.95,-7.23,-4.37
2.95,-7.23,-4.37
3.12,-7.35,-4.75
3.39,-6.48,-5.44
3.39,-6.48,-5.44
3.39,-6.48,-5.44
3.39,-6.07,-4.98
3.39,-6.07,-4.98
3.39,-6.07,-4.98
3.29,-5.65,-5.63
3.29,-5.65,-5.63
3.29,-5.65,-5.63
3.15,-6.39,-5.13
3.15,-6.39,-5.13
3.15,-6.39,-5.13
2.97,-5.76,-5.21
3.23,-5.02,-6.02
3.23,-5.02,-6.02
3.32,-4.68,-6.19
3.32,-4.68,-6.19
3.32,-4.68,-6.19
3.33,-5.35,-5.65
3.33,-5.35,-5.65
3.4,-4.98,-6.12
3.71,-5.5,-6.17
3.71,-5.5,-6.17
3.48,-6.07,-6.06
3.7,-6.09,-6.25
3.7,-6.09,-6.25
3.7,-6.09,-6.25
3.54,-5.9,-6.3
3.54,-5.9,-6.3
3.54,-5.9,-6.3
3.87,-6.44,-6.41
3.87,-6.44,-6.41
3.95,-5.98,-6.08
3.95,-5.98,-6.08
3.95,-5.98,-6.08
4.03,-5.59,-6.53
4.03,-5.59,-6.53
4.03,-5.59,-6.53
3.53,-5.77,-6.46
3.53,-5.77,-6.46
3.53,-5.77,-6.46
3.94,-5.6,-6.03
3.94,-5.6,-6.03
3.94,-5.6,-6.03
4.04,-5.84,-6.62
4.04,-5.84,-6.62
4.04,-5.84,-6.62
4.13,-5.35,-6.5
4.13,-5.35,-6.5
4.13,-5.35,-6.5
4.08,-6.46,-6.25
4.08,-6.46,-6.25
4.08,-6.46,-6.25
3.59,-5.85,-6.91
3.59,-5.85,-6.91
3.59,-5.85,-6.91
3.44,-5.81,-6.68
3.44,-5.81,-6.68
3.44,-5.81,-6.68
3.76,-6.15,-6.55
3.76,-6.15,-6.55
3.76,-6.15,-6.55
3.58,-5.78,-6.8
3.58,-5.78,-6.8
3.58,-5.78,-6.8
3.63,-6.29,-6.41
3.63,-6.29,-6.41
3.63,-6.29,-6.41
2.94,-5.61,-6.85
2.94,-5.61,-6.85
2.94,-5.61,-6.85
3.26,-5.67,-6.95
3.26,-5.67,-6.95
3.26,-5.67,-6.95
2.95,-5.78,-6.88
2.95,-5.78,-6.88
2.95,-5.78,-6.88
3.09,-5.78,-6.57
3.09,-5.78,-6.57
2.79,-5.48,-6.69
2.83,-5.53,-6.78
3.12,-6.29,-6.53
3.12,-6.29,-6.53
3.13,-6.06,-6.76
3.13,-6.06,-6.76
3.13,-6.06,-6.76
2.75,-5.85,-6.83
2.75,-5.85,-6.83
2.75,-5.85,-6.83
2.65,-6.29,-6.47
2.65,-6.29,-6.47
2.85,-5.97,-6.67
2.7,-6.38,-6.76
2.7,-6.38,-6.76
2.7,-6.38,-6.76
3.03,-6.44,-6.96
3.03,-6.44,-6.96
3.03,-6.44,-6.96
2.79,-6.73,-6.37
2.79,-6.73,-6.37
2.79,-6.73,-6.37
2.63,-6.52,-6.36
2.63,-6.52,-6.36
2.63,-6.52,-6.36
2.61,-6.59,-6.53
2.61,-6.59,-6.53
2.76,-7.07,-6.45
2.76,-7.07,-6.45
2.76,-7.07,-6.45
2.38,-6.68,-6.63
2.38,-6.68,-6.63
2.38,-6.68,-6.63
2.47,-6.61,-6.21
2.49,-6.7,-5.98
2.49,-6.7,-5.98
2.23,-6.28,-6.57
2.23,-6.28,-6.57
2.23,-6.28,-6.57
2.53,-6.59,-6.26
2.53,-6.59,-6.26
2.53,-6.59,-6.26
2.38,-6.72,-6.45
2.38,-6.72,-6.45
2.38,-6.72,-6.45
2.17,-6.58,-6.37
2.17,-6.58,-6.37
2.17,-6.58,-6.37
2.43,-6.72,-6.42
2.43,-6.72,-6.42
2.43,-6.72,-6.42
2.44,-6.88,-6.42
2.44,-6.88,-6.42
2.44,-6.88,-6.42
2.54,-6.41,-6.12
2.54,-6.41,-6.12
2.54,-6.41,-6.12
2.19,-6.53,-6.48
2.19,-6.53,-6.48
2.24,-6.68,-6.4
2.28,-6.86,-6.3
2.28,-6.86,-6.3
2.28,-6.86,-6.3
2.43,-6.67,-6.47
2.43,-6.67,-6.47
2.28,-6.45,-6.44
2.28,-6.45,-6.44
2.28,-6.45,-6.44
2.17,-6.23,-6.37
2.17,-6.23,-6.37
2.1,-6.34,-6.33
2.05,-6.8,-6.45
2.05,-6.8,-6.45
2.05,-6.8,-6.45
2.43,-6.63,-6.43
2.43,-6.63,-6.43
2.43,-6.63,-6.43
2.58,-6.79,-6.47
2.58,-6.79,-6.47
2.58,-6.79,-6.47
2.27,-6.65,-6.46
2.27,-6.65,-6.46
2.17,-6.95,-6.23
1.92,-7.16,-6.2
1.92,-7.16,-6.2
1.92,-7.16,-6.2
2.15,-6.75,-6.79
2.15,-6.75,-6.79
2.15,-6.75,-6.79
2.47,-6.43,-6.6
2.47,-6.43,-6.6
2.47,-6.43,-6.6
2.38,-7.03,-6.33
2.38,-7.03,-6.33
2.14,-7.03,-6.27
2.33,-6.92,-6.12
2.33,-6.92,-6.12
2.33,-6.92,-6.12
2.6,-6.64,-5.84
2.6,-6.64,-5.84
2.6,-6.64,-5.84
2.93,-6.39,-5.46
2.93,-6.39,-5.46
2.93,-6.39,-5.46
2.83,-7.58,-5.48
2.83,-7.58,-5.48
2.83,-7.58,-5.48
2.57,-7.18,-6.38
2.57,-7.18,-6.38
2.57,-7.18,-6.38
2.25,-7.22,-6.25
2.25,-7.22,-6.25
2.25,-7.22,-6.25
1.59,-6.66,-6.59
1.59,-6.66,-6.59
1.59,-6.66,-6.59
1.64,-6.08,-6.65
1.79,-6.47,-6.46
1.79,-6.47,-6.46
1.78,-6.84,-6.4
1.78,-6.84,-6.4
1.78,-6.84,-6.4
1.88,-6.98,-6.17
1.88,-6.98,-6.17
1.88,-6.98,-6.17
2.18,-6.62,-6.0
2.18,-6.62,-6.0
2.18,-6.62,-6.0
2.05,-6.05,-6.23
1.89,-5.78,-6.11
1.89,-5.78,-6.11
1.85,-5.66,-6.01
1.95,-5.55,-6.11
1.95,-5.55,-6.11
1.71,-6.3,-6.54
1.71,-6.3,-6.54
1.71,-6.3,-6.54
2.14,-6.74,-5.84
2.14,-6.74,-5.84
2.14,-6.74,-5.84
1.9,-6.91,-6.0
1.9,-6.91,-6.0
1.9,-6.91,-6.0
1.88,-7.35,-5.92
1.88,-7.35,-5.92
1.88,-7.35,-5.92
1.54,-7.05,-5.24
1.54,-7.05,-5.24
1.54,-7.05,-5.24
1.37,-6.7,-6.03
1.37,-6.7,-6.03
1.37,-6.7,-6.03
1.96,-7.56,-5.62
1.96,-7.56,-5.62
1.96,-7.56,-5.62
2.41,-7.59,-4.98
2.41,-7.59,-4.98
2.41,-7.59,-4.98
2.28,-6.96,-6.05
2.28,-6.96,-6.05
2.28,-6.96,-6.05
2.15,-7.58,-5.17
2.15,-7.58,-5.17
2.15,-7.58,-5.17
0.41,-6.85,-4.76
0.41,-6.85,-4.76
0.34,-6.44,-5.55
1.81,-8.23,-5.07
1.81,-8.23,-5.07
1.81,-8.23,-5.07
2.69,-8.51,-4.67
2.69,-8.51,-4.67
2.69,-8.51,-4.67
2.12,-7.95,-5.17
2.12,-7.95,-5.17
2.12,-7.95,-5.17
1.08,-8.2,-5.85
1.22,-9.06,-5.33
1.22,-9.06,-5.33
1.41,-8.97,-4.12
1.41,-8.97,-4.12
1.41,-8.97,-4.12
2.53,-7.65,-4.75
2.53,-7.65,-4.75
2.53,-7.65,-4.75
3.06,-9.56,-5.81
3.06,-9.56,-5.81
4.08,-7.94,-5.6
3.57,-7.7,-5.54
2.68,-8.45,-5.7
2.68,-8.45,-5.7
2.45,-7.47,-5.59
2.45,-7.47,-5.59
2.45,-7.47,-5.59
1.31,-8.14,-4.91
1.31,-8.14,-4.91
1.31,-8.14,-4.91
1.67,-8.34,-4.94
1.67,-8.34,-4.94
1.67,-8.34,-4.94
1.74,-9.27,-6.05
1.74,-9.27,-6.05
1.74,-9.27,-6.05
1.02,-8.3,-6.1
1.02,-8.3,-6.1
1.02,-8.3,-6.1
1.15,-8.46,-5.14
1.15,-8.46,-5.14
1.15,-8.46,-5.14
1.29,-6.58,-6.0
1.29,-6.58,-6.0
1.29,-6.58,-6.0
1.53,-7.0,-5.92
1.53,-7.0,-5.92
1.53,-7.0,-5.92
1.56,-6.92,-6.35
1.56,-6.92,-6.35
1.56,-6.92,-6.35
2.6,-4.65,-7.44
2.6,-4.65,-7.44
2.6,-4.65,-7.44
1.08,-7.31,-6.33
1.08,-7.31,-6.33
2.04,-4.56,-6.82
0.31,-7.33,-6.59
0.31,-7.33,-6.59
0.31,-7.33,-6.59
-0.6,-6.15,-6.41
-0.6,-6.15,-6.41
-0.6,-6.15,-6.41
-0.76,-6.39,-6.42
-0.76,-6.39,-6.42
-0.76,-6.39,-6.42
0.69,-4.83,-6.47
0.69,-4.83,-6.47
-0.75,-7.47,-7.0
-0.75,-7.47,-7.0
0.29,-6.8,-6.45
-0.64,-6.2,-7.2
-0.64,-6.2,-7.2
-0.64,-6.2,-7.2
-0.19,-5.92,-6.66
-0.19,-5.92,-6.66
-0.19,-5.92,-6.66
-0.2,-6.51,-6.55
-0.2,-6.51,-6.55
-0.2,-6.51,-6.55
0.48,-7.33,-6.83
0.48,-7.33,-6.83
0.48,-7.33,-6.83
-0.87,-5.66,-7.6
-0.87,-5.66,-7.6
-0.87,-5.66,-7.6
-0.11,-6.93,-6.97
-0.11,-6.93,-6.97
-0.11,-6.93,-6.97
-0.77,-4.16,-6.76
-0.77,-4.16,-6.76
-0.77,-4.16,-6.76
-0.33,-5.17,-6.95
-0.33,-5.17,-6.95
-0.33,-5.17,-6.95
-0.17,-6.37,-7.57
-0.17,-6.37,-7.57
-0.17,-6.37,-7.57
-1.23,-4.03,-7.15
-1.23,-4.03,-7.15
-1.23,-4.03,-7.15
0.23,-6.35,-6.89
0.23,-6.35,-6.89
0.23,-6.35,-6.89
-0.26,-6.57,-7.2
-0.26,-6.57,-7.2
-0.26,-6.57,-7.2
-0.17,-6.2,-7.25
-0.17,-6.2,-7.25
-0.17,-6.2,-7.25
-0.44,-5.97,-7.36
-0.44,-5.97,-7.36
-0.44,-5.97,-7.36
-0.64,-6.23,-7.7
-0.64,-6.23,-7.7
-1.01,-5.28,-7.65
-0.18,-5.56,-7.26
-0.18,-5.56,-7.26
-0.37,-6.6,-7.15
-1.07,-5.25,-7.33
-1.07,-5.25,-7.33
-1.07,-5.25,-7.33
-0.36,-5.68,-7.44
-0.36,-5.68,-7.44
-0.36,-5.68,-7.44
-0.23,-5.08,-7.37
-0.23,-5.08,-7.37
-0.23,-5.08,-7.37
-1.07,-5.38,-7.47
-1.07,-5.38,-7.47
-1.07,-5.38,-7.47
-0.63,-5.49,-7.54
-0.63,-5.49,-7.54
-0.63,-5.49,-7.54
-0.18,-5.23,-7.43
-0.18,-5.23,-7.43
-0.18,-5.23,-7.43
-0.87,-5.57,-7.53
-0.87,-5.57,-7.53
-0.87,-5.57,-7.53
-0.18,-5.52,-7.3
-0.18,-5.52,-7.3
-0.18,-5.52,-7.3
-0.58,-5.02,-7.37
-0.58,-5.02,-7.37
-0.58,-5.02,-7.37
-0.67,-6.04,-7.68
-0.67,-6.04,-7.68
-0.67,-6.04,-7.68
-0.22,-5.24,-7.54
-0.22,-5.24,-7.54
-0.22,-5.24,-7.54
-0.47,-5.08,-7.78
-0.06,-5.23,-7.31
-0.06,-5.23,-7.31
-0.92,-5.0,-7.59
-0.92,-5.0,-7.59
-0.92,-5.0,-7.59
-0.63,-6.06,-7.38
-0.63,-6.06,-7.38
-0.63,-6.06,-7.38
-0.72,-4.89,-7.66
-0.72,-4.89,-7.66
-0.72,-4.89,-7.66
-0.3,-5.59,-7.57
-0.71,-5.05,-7.67
-0.71,-5.05,-7.67
-0.63,-5.45,-7.76
-0.63,-5.45,-7.76
-0.63,-5.45,-7.76
-0.33,-4.94,-7.75
-0.33,-4.94,-7.75
-0.79,-5.68,-7.35
-0.79,-5.68,-7.35
-0.79,-5.68,-7.35
-0.65,-5.66,-7.48
-0.65,-5.66,-7.48
-0.65,-5.66,-7.48
-0.7,-5.01,-7.52
-0.7,-5.01,-7.52
-0.7,-5.01,-7.52
-0.45,-5.65,-7.84
-0.45,-5.65,-7.84
-0.45,-5.65,-7.84
-0.5,-4.87,-7.5
-0.5,-4.87,-7.5
-0.76,-5.13,-7.49
-0.32,-5.01,-7.17
-0.32,-5.01,-7.17
-0.32,-5.01,-7.17
-1.0,-4.93,-7.8
-1.0,-4.93,-7.8
-1.0,-4.93,-7.8
-0.15,-5.42,-7.82
-0.15,-5.42,-7.82
-0.15,-5.42,-7.82
-0.6,-5.05,-7.64
-0.6,-5.05,-7.64
-0.69,-5.29,-7.62
-0.52,-4.98,-7.44
-0.78,-4.61,-7.48
-0.78,-4.61,-7.48
-0.18,-5.11,-7.37
-0.18,-5.11,-7.37
-0.18,-5.11,-7.37
-0.43,-4.99,-7.98
-0.43,-4.99,-7.98
-0.43,-4.99,-7.98
-0.34,-5.48,-7.76
-0.34,-5.48,-7.76
-0.08,-5.35,-7.78
-0.37,-5.61,-7.7
-0.37,-5.61,-7.7
-0.37,-5.61,-7.7
-0.14,-5.04,-7.23
-0.14,-5.04,-7.23
-0.57,-5.73,-7.69
-0.57,-5.73,-7.69
-0.57,-5.73,-7.69
-0.08,-5.32,-7.89
-0.08,-5.32,-7.89
-0.08,-5.32,-7.89
-0.45,-5.93,-7.43
-0.45,-5.93,-7.43
-0.45,-5.93,-7.43
-0.31,-5.34,-7.62
-0.31,-5.34,-7.62
-0.31,-5.34,-7.62
-0.18,-5.14,-7.37
-0.18,-5.14,-7.37
-0.18,-5.14,-7.37
-0.24,-5.07,-7.7
-0.24,-5.07,-7.7
-0.24,-5.07,-7.7
-0.53,-5.68,-7.68
-0.53,-5.68,-7.68
-0.25,-5.47,-7.66
-0.25,-5.47,-7.66
-0.25,-5.47,-7.66
-0.68,-4.76,-7.42
-0.68,-4.76,-7.42
-0.68,-4.76,-7.42
-0.44,-5.64,-7.72
-0.44,-5.64,-7.72
-0.45,-5.53,-7.74
0.29,-5.2,-7.47
0.29,-5.2,-7.47
0.29,-5.2,-7.47
-0.42,-5.12,-7.73
-0.42,-5.12,-7.73
-0.42,-5.12,-7.73
-0.4,-5.55,-7.5
-0.4,-5.55,-7.5
-0.4,-5.55,-7.5
-0.38,-5.37,-7.46
-0.38,-5.37,-7.46
-0.38,-5.37,-7.46
-0.8,-5.16,-7.71
-0.8,-5.16,-7.71
-0.8,-5.16,-7.71
-0.3,-5.23,-7.46
-0.3,-5.23,-7.46
-0.3,-5.23,-7.46
-0.42,-5.36,-7.69
-0.42,-5.36,-7.69
-0.42,-5.36,-7.69
-0.44,-5.26,-7.64
-0.76,-5.47,-7.55
-0.76,-5.47,-7.55
-0.47,-5.46,-7.82
-0.47,-5.46,-7.82
-0.47,-5.46,-7.82
-0.25,-4.67,-7.6
-0.25,-4.67,-7.6
-0.25,-4.67,-7.6
-0.23,-5.34,-7.97
-0.23,-5.34,-7.97
-0.23,-5.34,-7.97
-0.11,-5.47,-7.37
-0.11,-5.47,-7.37
-0.11,-5.47,-7.37
-0.31,-5.36,-7.53
-0.31,-5.36,-7.53
-0.55,-5.23,-7.64
-0.55,-5.23,-7.64
-0.55,-5.23,-7.64
-0.4,-5.24,-7.46
-0.4,-5.24,-7.46
-0.4,-5.24,-7.46
-0.78,-4.93,-7.73
-0.78,-4.93,-7.73
-0.43,-5.14,-7.7
-0.42,-4.99,-7.49
-0.42,-4.99,-7.49
-0.42,-4.99,-7.49
-0.4,-5.31,-7.77
-0.4,-5.31,-7.77
-0.4,-5.31,-7.77
-0.3,-5.32,-7.65
-0.3,-5.32,-7.65
-0.3,-5.32,-7.65
-0.4,-5.49,-7.77
-0.4,-5.49,-7.77
-0.81,-5.77,-7.71
-0.5,-4.74,-7.36
-0.5,-4.74,-7.36
-0.5,-4.74,-7.36
-0.24,-5.41,-7.67
-0.24,-5.41,-7.67
-0.24,-5.41,-7.67
-0.2,-5.2,-7.7
-0.2,-5.2,-7.7
-0.2,-5.2,-7.7
-0.01,-5.53,-7.87
-0.75,-5.35,-7.64
-0.75,-5.35,-7.64
-0.24,-5.18,-7.45
-0.24,-5.18,-7.45
-0.24,-5.18,-7.45
-1.0,-5.24,-7.41
-1.0,-5.24,-7.41
-1.0,-5.24,-7.41
0.2,-5.01,-7.69
0.2,-5.01,-7.69
0.24,-5.51,-7.86
0.05,-4.96,-7.91
0.05,-4.96,-7.91
0.05,-4.96,-7.91
-0.33,-5.84,-7.7
-0.33,-5.84,-7.7
-0.33,-5.84,-7.7
0.04,-5.13,-7.81
0.04,-5.13,-7.81
0.04,-5.13,-7.81
-0.09,-5.3,-7.82
-0.09,-5.3,-7.82
-0.09,-5.3,-7.82
-0.14,-5.16,-7.74
-0.08,-5.28,-7.37
-0.08,-5.28,-7.37
-0.11,-4.73,-7.94
-0.11,-4.73,-7.94
-0.11,-4.73,-7.94
0.04,-5.68,-7.32
0.04,-5.68,-7.32
0.04,-5.68,-7.32
-0.31,-5.14,-7.82
-0.31,-5.14,-7.82
-0.44,-5.94,-7.59
-0.4,-5.47,-7.45
-0.08,-4.59,-7.66
-0.08,-4.59,-7.66
-0.5,-6.17,-7.63
-0.5,-6.17,-7.63
-0.5,-6.17,-7.63
0.27,-4.67,-7.62
0.27,-4.67,-7.62
0.27,-4.67,-7.62
-0.36,-5.92,-7.66
-0.36,-5.92,-7.66
-0.36,-5.92,-7.66
0.09,-4.6,-7.51
-0.19,-5.45,-7.6
-0.19,-5.45,-7.6
-0.17,-5.04,-7.47
-0.17,-5.04,-7.47
-0.17,-5.04,-7.47
0.11,-5.64,-7.74
0.11,-5.64,-7.74
0.11,-5.64,-7.74
-0.42,-5.21,-7.59
-0.42,-5.21,-7.59
-0.42,-5.21,-7.59
-0.19,-5.59,-7.81
-0.19,-5.59,-7.81
-0.19,-5.59,-7.81
-0.03,-5.31,-7.56
-0.03,-5.31,-7.56
-0.03,-5.31,-7.56
-0.29,-5.3,-7.55
-0.29,-5.3,-7.55
-0.29,-5.3,-7.55
-0.15,-5.19,-7.69
-0.15,-5.19,-7.69
0.23,-5.25,-7.61
-0.5,-5.96,-7.77
-0.5,-5.96,-7.77
-0.5,-5.96,-7.77
0.04,-4.86,-7.25
0.04,-4.86,-7.25
0.04,-4.86,-7.25
-0.57,-5.55,-7.59
-0.57,-5.55,-7.59
-0.57,-5.55,-7.59
0.15,-5.19,-7.52
0.15,-5.19,-7.52
0.15,-5.65,-7.63
-0.09,-5.15,-7.76
-0.09,-5.15,-7.76
-0.09,-5.15,-7.76
0.1,-5.17,-7.52
0.1,-5.17,-7.52
0.1,-5.17,-7.52
-0.34,-5.38,-7.74
-0.34,-5.38,-7.74
0.11,-5.53,-7.6
0.11,-5.53,-7.6
-0.12,-5.55,-7.57
-0.24,-5.3,-7.51
-0.24,-5.3,-7.51
-0.24,-5.3,-7.51
-0.26,-5.62,-7.75
-0.26,-5.62,-7.75
-0.26,-5.62,-7.75
-0.13,-5.03,-7.54
-0.13,-5.03,-7.54
-0.13,-5.03,-7.54
-0.18,-5.37,-7.74
-0.18,-5.37,-7.74
0.03,-5.03,-7.66
-0.48,-5.51,-7.37
-0.48,-5.51,-7.37
-0.48,-5.51,-7.37
-0.0,-5.3,-7.54
-0.0,-5.3,-7.54
-0.0,-5.3,-7.54
-0.15,-5.39,-7.74
-0.15,-5.39,-7.74
-0.15,-5.39,-7.74
-0.03,-5.61,-7.58
-0.03,-5.61,-7.58
-0.04,-5.09,-7.45
-0.34,-5.64,-7.74
-0.34,-5.64,-7.74
-0.34,-5.64,-7.74
-0.15,-5.0,-7.38
-0.15,-5.0,-7.38
-0.15,-5.0,-7.38
-0.42,-5.57,-7.81
-0.42,-5.57,-7.81
-0.42,-5.57,-7.81
0.08,-5.21,-7.47
0.08,-5.21,-7.47
0.08,-5.21,-7.47
-0.37,-5.3,-7.82
-0.37,-5.3,-7.82
-0.37,-5.3,-7.82
0.08,-5.32,-7.46
0.08,-5.32,-7.46
0.08,-5.32,-7.46
-0.31,-5.29,-7.66
-0.31,-5.29,-7.66
-0.31,-5.29,-7.66
-0.33,-5.75,-7.61
-0.33,-5.75,-7.61
-0.33,-5.75,-7.61
-0.12,-5.28,-7.36
-0.12,-5.28,-7.36
-0.12,-5.28,-7.36
-0.14,-5.41,-7.89
-0.14,-5.41,-7.89
-0.14,-5.41,-7.89
0.01,-5.41,-7.52
0.01,-5.41,-7.52
0.01,-5.41,-7.52
-0.01,-5.39,-7.61
-0.01,-5.39,-7.61
-0.32,-5.25,-7.59
-0.01,-5.31,-7.62
-0.01,-5.31,-7.62
-0.01,-5.31,-7.62
-0.28,-5.31,-7.7
-0.28,-5.31,-7.7
-0.28,-5.31,-7.7
-0.24,-5.42,-7.64
-0.24,-5.42,-7.64
-0.24,-5.42,-7.64
-0.09,-5.49,-7.51
-0.09,-5.49,-7.51
-0.09,-5.49,-7.51
-0.18,-5.44,-7.75
-0.18,-5.44,-7.75
0.0,-4.95,-7.48
0.0,-4.95,-7.48
0.0,-4.95,-7.48
-0.45,-5.51,-7.82
-0.45,-5.51,-7.82
-0.45,-5.51,-7.82
-0.25,-5.57,-7.25
-0.25,-5.57,-7.25
-0.25,-5.57,-7.25
-0.03,-5.56,-7.57
-0.03,-5.56,-7.57
-0.03,-5.56,-7.57
0.02,-5.01,-7.68
0.02,-5.01,-7.68
-0.29,-6.22,-7.46
-0.29,-6.22,-7.46
-0.29,-6.22,-7.46
-0.02,-5.08,-7.63
-0.36,-5.74,-7.61
-0.04,-4.76,-7.46
-0.04,-4.76,-7.46
-0.04,-4.76,-7.46
0.13,-5.79,-7.47
0.13,-5.79,-7.47
0.13,-5.79,-7.47
-0.6,-5.48,-7.72
-0.6,-5.48,-7.72
-0.6,-5.48,-7.72
0.22,-5.44,-7.39
0.22,-5.44,-7.39
0.09,-5.21,-7.58
-0.07,-5.36,-7.62
-0.07,-5.36,-7.62
-0.07,-5.36,-7.62
-0.44,-5.22,-7.41
-0.44,-5.22,-7.41
-0.44,-5.22,-7.41
-0.22,-5.32,-7.59
-0.22,-5.32,-7.59
0.04,-5.51,-7.39
0.21,-5.76,-7.36
-0.21,-5.27,-7.74
-0.21,-5.27,-7.74
-0.08,-5.65,-7.44
-0.08,-5.65,-7.44
-0.08,-5.65,-7.44
-0.28,-5.61,-7.65
-0.28,-5.61,-7.65
-0.28,-5.61,-7.65
-0.13,-5.59,-7.46
-0.13,-5.59,-7.46
-0.13,-5.59,-7.46
-0.33,-5.09,-7.53
-0.33,-5.09,-7.53
-0.3,-5.18,-7.73
-0.08,-5.55,-7.45
-0.08,-5.55,-7.45
-0.08,-5.55,-7.45
-0.12,-5.65,-7.61
-0.12,-5.65,-7.61
-0.12,-5.65,-7.61
-0.29,-5.39,-7.43
-0.29,-5.39,-7.43
-0.29,-5.39,-7.43
-0.11,-5.16,-7.75
-0.05,-5.48,-7.38
-0.05,-5.48,-7.38
-0.03,-5.28,-7.56
-0.03,-5.28,-7.56
-0.03,-5.28,-7.56
-0.26,-5.52,-7.57
-0.26,-5.52,-7.57
-0.26,-5.52,-7.57
0.13,-5.59,-7.74
0.13,-5.59,-7.74
0.13,-5.59,-7.74
-0.52,-5.66,-7.37
-0.52,-5.66,-7.37
0.11,-5.06,-7.11
-0.56,-5.88,-7.71
-0.56,-5.88,-7.71
-0.56,-5.88,-7.71
0.36,-5.09,-7.36
0.36,-5.09,-7.36
0.36,-5.09,-7.36
-0.48,-6.0,-7.84
-0.48,-6.0,-7.84
-0.48,-6.0,-7.84
0.31,-5.03,-7.37
0.2,-5.06,-7.59
0.2,-5.06,-7.59
0.01,-5.67,-7.57
0.01,-5.67,-7.57
0.01,-5.67,-7.57
-0.39,-5.28,-7.51
-0.39,-5.28,-7.51
-0.39,-5.28,-7.51
-0.1,-6.15,-7.34
-0.1,-6.15,-7.34
-0.32,-5.98,-7.17
-0.34,-5.34,-7.71
-0.2,-5.32,-7.83
-0.2,-5.32,-7.83
0.15,-4.78,-7.38
0.15,-4.78,-7.38
0.15,-4.78,-7.38
0.06,-5.18,-7.57
0.06,-5.18,-7.57
0.06,-5.18,-7.57
0.01,-5.45,-7.37
0.01,-5.45,-7.37
0.03,-5.1,-7.52
-0.41,-6.08,-7.61
-0.41,-6.08,-7.61
-0.41,-6.08,-7.61
-0.31,-5.43,-7.43
-0.31,-5.43,-7.43
-0.31,-5.43,-7.43
0.34,-5.4,-7.6
0.34,-5.4,-7.6
0.34,-5.4,-7.6
-0.48,-5.21,-7.46
-0.48,-5.21,-7.46
-0.32,-5.37,-7.67
0.11,-5.32,-7.65
-0.3,-5.36,-7.44
-0.3,-5.36,-7.44
-0.11,-5.34,-7.62
-0.11,-5.34,-7.62
-0.11,-5.34,-7.62
-0.47,-5.78,-7.49
-0.47,-5.78,-7.49
-0.47,-5.78,-7.49
-0.25,-5.32,-7.55
-0.25,-5.32,-7.55
-0.25,-5.32,-7.55
-0.14,-5.11,-7.23
-0.14,-5.11,-7.23
-0.14,-5.11,-7.23
-0.01,-5.31,-7.79
-0.01,-5.31,-7.79
-0.01,-5.31,-7.79
0.1,-5.41,-7.22
0.1,-5.41,-7.22
0.1,-5.41,-7.22
0.01,-5.34,-7.98
0.01,-5.34,-7.98
0.01,-5.34,-7.98
0.29,-4.98,-7.54
0.29,-4.98,-7.54
0.29,-4.98,-7.54
-0.43,-5.87,-7.76
-0.43,-5.87,-7.76
-0.43,-5.87,-7.76
0.14,-4.95,-7.19
0.14,-4.95,-7.19
0.14,-4.95,-7.19
-0.87,-5.83,-7.66
-0.87,-5.83,-7.66
-0.32,-5.85,-7.39
0.01,-5.32,-7.62
0.01,-5.32,-7.62
0.01,-5.32,-7.62
-0.2,-5.69,-7.55
-0.2,-5.69,-7.55
-0.2,-5.69,-7.55
0.27,-5.0,-7.62
0.27,-5.0,-7.62
0.27,-5.0,-7.62
-0.33,-5.85,-7.49
-0.33,-5.85,-7.49
-0.33,-5.85,-7.49
-0.47,-5.66,-7.64
-0.47,-5.66,-7.64
0.34,-5.32,-7.43
0.34,-5.32,-7.43
0.34,-5.32,-7.43
-0.36,-5.81,-7.52
-0.36,-5.81,-7.52
-0.36,-5.81,-7.52
-0.13,-5.37,-7.36
-0.13,-5.37,-7.36
-0.51,-5.52,-7.71
-0.51,-5.52,-7.71
-0.51,-5.52,-7.71
0.01,-5.32,-7.32
0.01,-5.32,-7.32
0.01,-5.32,-7.32
-0.28,-5.24,-7.72
-0.28,-5.24,-7.72
-0.28,-5.24,-7.72
0.23,-5.91,-7.07
0.23,-5.91,-7.07
0.23,-5.91,-7.07
0.68,-5.25,-6.91
0.68,-5.25,-6.91
0.68,-5.25,-6.91
-30.54,-1.05,-7.41
-30.54,-1.05,-7.41
