aX,aY,aZ
-22.83,0.82,-6.74
7.53,-2.65,1.54
7.53,-2.65,1.54
7.53,-2.65,1.54
4.46,-10.67,-9.63
4.46,-10.67,-9.63
4.46,-10.67,-9.63
5.6,-8.46,-8.28
2.26,-5.84,-7.93
2.26,-5.84,-7.93
1.77,-6.11,-7.91
1.77,-6.11,-7.91
1.77,-6.11,-7.91
-0.08,-6.54,-7.28
-0.08,-6.54,-7.28
-0.08,-6.54,-7.28
1.92,-4.48,-6.94
1.92,-4.48,-6.94
1.92,-4.48,-6.94
2.22,-4.41,-7.23
2.22,-4.41,-7.23
2.22,-4.41,-7.23
2.05,-5.71,-7.77
2.05,-5.71,-7.77
2.05,-5.71,-7.77
2.32,-5.11,-7.53
2.32,-5.11,-7.53
2.32,-5.11,-7.53
1.78,-6.13,-7.56
1.78,-6.13,-7.56
1.78,-6.13,-7.56
1.98,-5.55,-7.38
1.98,-5.55,-7.38
2.25,-5.22,-7.33
2.01,-6.07,-7.22
2.01,-6.07,-7.22
2.01,-6.07,-7.22
1.96,-6.15,-7.43
1.96,-6.15,-7.43
1.96,-6.15,-7.43
2.32,-5.54,-7.09
2.32,-5.54,-7.09
2.32,-5.54,-7.09
1.36,-6.43,-6.96
1.36,-6.43,-6.96
1.36,-6.43,-6.96
1.4,-6.45,-7.22
1.88,-5.96,-7.21
1.88,-5.96,-7.21
2.06,-5.87,-7.05
2.06,-5.87,-7.05
2.06,-5.87,-7.05
1.81,-6.43,-6.9
1.81,-6.43,-6.9
1.81,-6.43,-6.9
1.83,-6.13,-6.85
1.83,-6.13,-6.85
1.83,-6.13,-6.85
1.61,-6.44,-6.64
1.61,-6.44,-6.64
1.61,-6.44,-6.64
1.32,-6.47,-6.65
1.32,-6.47,-6.65
1.32,-6.47,-6.65
1.76,-6.21,-7.0
1.76,-6.21,-7.0
1.76,-6.21,-7.0
1.73,-6.78,-6.92
1.73,-6.78,-6.92
1.58,-6.93,-6.93
1.8,-6.2,-6.8
1.8,-6.2,-6.8
1.8,-6.2,-6.8
1.69,-5.98,-6.73
1.69,-5.98,-6.73
1.69,-5.98,-6.73
1.88,-6.4,-6.7
1.88,-6.4,-6.7
1.88,-6.4,-6.7
1.71,-6.16,-6.79
1.71,-6.16,-6.79
1.6,-6.13,-6.82
2.11,-6.36,-6.85
2.11,-6.36,-6.85
2.11,-6.36,-6.85
2.5,-6.22,-6.91
2.5,-6.22,-6.91
2.5,-6.22,-6.91
2.16,-6.14,-6.99
2.16,-6.14,-6.99
2.16,-6.14,-6.99
1.97,-6.72,-6.77
1.97,-6.72,-6.77
2.05,-6.68,-6.75
2.16,-6.09,-6.8
2.16,-6.09,-6.8
2.16,-6.09,-6.8
2.12,-6.32,-6.65
2.12,-6.32,-6.65
2.12,-6.32,-6.65
2.27,-6.04,-6.73
2.27,-6.04,-6.73
2.27,-6.04,-6.73
2.11,-5.97,-6.67
2.11,-5.97,-6.67
2.22,-6.04,-6.65
2.15,-5.78,-6.58
2.15,-5.78,-6.58
2.15,-5.78,-6.58
1.9,-6.1,-6.23
1.9,-6.1,-6.23
1.9,-6.1,-6.23
2.41,-5.61,-6.18
2.41,-5.61,-6.18
2.41,-5.61,-6.18
2.12,-5.56,-5.65
2.12,-5.56,-5.65
2.29,-5.21,-5.36
2.34,-5.36,-5.48
2.34,-5.36,-5.48
2.34,-5.36,-5.48
2.12,-6.43,-5.71
2.12,-6.43,-5.71
2.12,-6.43,-5.71
2.38,-6.72,-4.86
2.38,-6.72,-4.86
2.38,-6.72,-4.86
3.39,-7.22,-4.36
3.39,-7.22,-4.36
3.39,-7.22,-4.36
3.95,-7.26,-3.89
3.95,-7.26,-3.89
3.95,-7.26,-3.89
4.69,-6.83,-3.74
4.69,-6.83,-3.74
4.69,-6.83,-3.74
4.78,-7.88,-3.78
4.78,-7.88,-3.78
4.78,-7.88,-3.78
5.19,-7.66,-3.67
5.19,-7.66,-3.67
4.95,-8.9,-3.07
5.74,-8.36,-1.94
5.74,-8.36,-1.94
5.95,-6.22,-2.38
5.95,-6.22,-2.38
5.95,-6.22,-2.38
4.79,-8.29,-0.45
4.79,-8.29,-0.45
4.79,-8.29,-0.45
5.06,-7.26,-0.14
5.06,-7.26,-0.14
5.06,-7.26,-0.14
3.89,-9.2,0.21
3.89,-9.2,0.21
3.89,-9.2,0.21
2.82,-8.83,0.35
2.82,-8.83,0.35
2.82,-8.83,0.35
2.06,-11.52,0.21
2.06,-11.52,0.21
2.08,-11.7,0.49
2.42,-11.22,0.8
2.42,-11.22,0.8
2.49,-10.62,0.78
1.71,-10.7,1.02
1.71,-10.7,1.02
1.71,-10.7,1.02
0.96,-9.75,2.24
0.96,-9.75,2.24
0.96,-9.75,2.24
2.54,-10.47,3.71
2.54,-10.47,3.71
2.54,-10.47,3.71
1.46,-9.5,2.85
1.46,-9.5,2.85
0.81,-9.63,2.84
0.47,-10.16,2.94
0.47,-10.16,2.94
0.47,-10.16,2.94
-1.05,-10.65,2.86
-1.05,-10.65,2.86
-1.05,-10.65,2.86
-1.57,-11.47,2.74
-1.57,-11.47,2.74
-1.62,-11.3,2.62
-1.42,-10.82,2.43
-1.42,-10.82,2.43
-1.25,-10.59,2.61
-0.29,-10.01,2.76
-0.29,-10.01,2.76
-0.29,-10.01,2.76
-0.54,-8.75,2.84
-0.54,-8.75,2.84
-0.54,-8.75,2.84
-0.45,-8.83,3.33
-0.45,-8.83,3.33
-0.62,-8.61,3.29
-0.92,-8.21,3.1
-0.92,-8.21,3.1
-0.92,-8.21,3.1
-0.94,-8.84,3.3
-0.94,-8.84,3.3
-0.94,-8.84,3.3
-1.1,-9.13,3.22
-1.1,-9.13,3.22
-1.1,-9.13,3.22
-1.31,-8.8,2.7
-1.31,-8.8,2.7
-1.31,-8.8,2.7
-1.41,-9.29,2.64
-1.41,-9.29,2.64
-1.41,-9.29,2.64
-1.43,-8.85,2.43
-1.43,-8.85,2.43
-1.43,-8.85,2.43
-1.37,-8.93,2.27
-1.37,-8.93,2.27
-1.37,-8.93,2.27
-0.97,-9.37,2.43
-1.01,-9.18,2.37
-1.01,-9.18,2.37
-1.03,-9.47,2.4
-1.03,-9.47,2.4
-1.03,-9.47,2.4
-0.99,-9.24,2.55
-0.99,-9.24,2.55
-0.99,-9.24,2.55
-1.32,-8.66,2.34
-1.32,-8.66,2.34
-1.32,-8.66,2.34
-2.09,-8.33,2.12
-2.02,-7.93,1.92
-2.02,-7.93,1.92
-2.23,-8.34,3.14
-2.23,-8.34,3.14
-2.23,-8.34,3.14
-2.39,-9.31,4.01
-2.39,-9.31,4.01
-2.39,-9.31,4.01
-2.14,-8.35,2.83
-2.14,-8.35,2.83
-2.14,-8.35,2.83
-1.44,-8.35,2.91
-1.44,-8.35,2.91
-1.44,-8.35,2.91
-1.77,-9.72,2.77
-1.77,-9.72,2.77
-1.77,-9.72,2.77
-1.23,-9.43,2.73
-1.23,-9.43,2.73
-1.23,-9.43,2.73
-1.42,-9.78,3.0
-1.42,-9.78,3.0
-1.42,-9.78,3.0
-1.47,-9.89,3.24
-1.47,-9.89,3.24
-1.47,-9.89,3.24
-1.41,-9.01,2.92
-1.41,-9.01,2.92
-1.41,-9.01,2.92
-1.61,-9.44,2.85
-1.61,-9.44,2.85
-1.61,-9.44,2.85
-1.81,-9.01,2.63
-1.81,-9.01,2.63
-1.81,-9.01,2.63
-1.96,-9.38,2.71
-1.96,-9.38,2.71
-1.96,-9.38,2.71
-1.9,-9.81,2.95
-1.76,-9.76,3.0
-1.76,-9.76,3.0
-1.42,-9.62,2.59
-1.42,-9.62,2.59
-1.42,-9.62,2.59
-1.01,-10.38,2.16
-1.01,-10.38,2.16
-1.01,-10.38,2.16
-0.25,-12.23,2.49
-0.68,-12.73,2.29
-0.68,-12.73,2.29
0.03,-12.9,2.57
0.03,-12.9,2.57
0.03,-12.9,2.57
1.65,-12.49,3.48
1.65,-12.49,3.48
1.65,-12.49,3.48
1.1,-12.01,3.09
1.1,-12.01,3.09
1.1,-12.01,3.09
2.33,-10.06,3.0
2.33,-10.06,3.0
2.33,-10.06,3.0
2.3,-10.23,2.44
2.3,-10.23,2.44
2.3,-10.23,2.44
2.41,-9.89,2.26
2.41,-9.89,2.26
2.41,-9.89,2.26
2.38,-9.33,1.7
2.38,-9.33,1.7
2.38,-9.33,1.7
2.55,-9.24,1.2
2.55,-9.24,1.2
2.55,-9.24,1.2
2.6,-8.45,0.23
2.6,-8.45,0.23
2.6,-8.45,0.23
2.72,-7.76,0.32
2.72,-7.76,0.32
2.72,-7.76,0.32
3.35,-7.66,0.09
3.35,-7.66,0.09
2.96,-4.58,-2.36
2.96,-4.58,-2.36
3.43,-4.22,-3.12
4.33,-4.16,-3.11
4.33,-4.16,-3.11
4.33,-4.16,-3.11
3.98,-3.11,-3.02
3.98,-3.11,-3.02
3.98,-3.11,-3.02
4.35,-3.68,-2.39
4.35,-3.68,-2.39
4.35,-3.68,-2.39
4.97,-3.9,-2.7
5.08,-4.3,-2.36
5.08,-4.3,-2.36
4.39,-4.87,-1.45
4.39,-4.87,-1.45
4.39,-4.87,-1.45
4.54,-5.35,-0.66
4.54,-5.35,-0.66
4.54,-5.35,-0.66
3.4,-5.21,1.0
3.4,-5.21,1.0
3.18,-4.99,1.3
4.35,-5.47,0.2
4.35,-5.47,0.2
4.77,-6.27,1.25
3.07,-6.0,0.98
3.07,-6.0,0.98
3.07,-6.0,0.98
2.62,-6.2,2.92
2.62,-6.2,2.92
2.62,-6.2,2.92
0.51,-9.44,3.68
0.51,-9.44,3.68
0.51,-9.44,3.68
0.66,-10.48,5.24
0.16,-9.66,4.66
0.16,-9.66,4.66
-1.73,-11.68,5.25
-1.73,-11.68,5.25
-1.73,-11.68,5.25
-1.93,-12.19,5.62
-1.93,-12.19,5.62
-1.93,-12.19,5.62
-3.46,-12.28,5.44
-3.46,-12.28,5.44
-3.53,-12.73,5.98
-3.61,-11.86,6.0
-3.73,-11.16,5.63
-3.73,-11.16,5.63
-5.01,-11.1,6.24
-5.01,-11.1,6.24
-5.01,-11.1,6.24
-4.15,-9.54,5.92
-4.15,-9.54,5.92
-4.15,-9.54,5.92
-4.07,-9.15,5.73
-4.07,-9.15,5.73
-4.0,-8.31,5.57
-3.85,-7.31,5.66
-3.94,-7.71,5.9
-3.94,-7.71,5.9
-3.47,-7.1,5.99
-3.47,-7.1,5.99
-3.47,-7.1,5.99
-3.11,-7.06,6.14
-3.11,-7.06,6.14
-3.11,-7.06,6.14
-3.23,-6.99,6.21
-3.23,-6.99,6.21
-3.23,-6.99,6.21
-3.09,-6.83,6.27
-2.84,-6.68,6.54
-2.84,-6.68,6.54
-2.51,-6.07,6.34
-2.51,-6.07,6.34
-2.51,-6.07,6.34
-1.97,-6.46,6.17
-1.97,-6.46,6.17
-1.97,-6.46,6.17
-2.75,-6.43,5.94
-2.75,-6.43,5.94
-2.75,-6.43,5.94
-3.67,-5.89,5.44
-4.53,-6.57,6.0
-4.53,-6.57,6.0
-5.4,-6.83,5.82
-5.4,-6.83,5.82
-5.4,-6.83,5.82
-7.03,-6.07,5.58
-7.03,-6.07,5.58
-7.03,-6.07,5.58
-7.36,-6.68,4.29
-7.36,-6.68,4.29
-5.74,-7.44,5.52
-5.37,-7.12,5.04
-5.37,-7.12,5.04
-5.66,-5.83,4.72
-5.58,-5.95,5.22
-5.58,-5.95,5.22
-5.58,-5.95,5.22
-5.92,-5.69,5.37
-5.92,-5.69,5.37
-5.92,-5.69,5.37
-6.6,-4.88,4.72
-6.6,-4.88,4.72
-6.6,-4.88,4.72
-6.11,-5.96,4.94
-6.11,-5.96,4.94
-6.14,-6.22,5.03
-5.61,-5.53,4.98
-5.61,-5.53,4.98
-5.61,-5.53,4.98
-5.47,-5.42,4.99
-5.47,-5.42,4.99
-5.47,-5.42,4.99
-4.83,-6.23,5.27
-4.83,-6.23,5.27
-4.83,-6.23,5.27
-5.39,-5.1,5.03
-5.63,-5.42,5.47
-5.63,-5.42,5.47
-6.57,-5.29,5.19
-6.57,-5.29,5.19
-6.57,-5.29,5.19
-5.52,-6.78,5.84
-5.52,-6.78,5.84
-5.52,-6.78,5.84
-5.69,-5.0,5.06
-5.69,-5.0,5.06
-5.57,-5.12,5.09
-5.31,-5.83,5.52
-5.31,-5.83,5.52
-5.31,-5.83,5.52
-5.61,-5.29,5.42
-5.61,-5.29,5.42
-5.61,-5.29,5.42
-6.0,-4.76,5.22
-6.0,-4.76,5.22
-6.0,-4.76,5.22
-6.03,-5.47,5.31
-6.03,-5.47,5.31
-6.03,-5.47,5.31
-6.01,-5.16,5.23
-6.01,-5.16,5.23
-6.01,-5.16,5.23
-6.04,-5.03,5.31
-6.04,-5.03,5.31
-6.04,-5.03,5.31
-5.59,-5.53,5.44
-5.59,-5.53,5.44
-5.59,-5.53,5.44
-5.57,-5.25,5.35
-5.57,-5.25,5.35
-5.57,-5.25,5.35
-6.08,-5.35,5.2
-6.08,-5.35,5.2
-6.08,-5.35,5.2
-6.72,-6.13,5.51
-6.72,-6.13,5.51
-6.72,-6.13,5.51
-6.75,-5.1,4.34
-6.75,-5.1,4.34
-6.75,-5.1,4.34
-6.24,-5.58,4.98
-6.24,-5.58,4.98
-6.24,-5.58,4.98
-6.61,-5.19,5.56
-6.2,-5.08,5.46
-4.15,-7.03,6.08
-4.15,-7.03,6.08
-4.15,-7.03,6.08
-4.14,-6.74,6.13
-4.14,-6.74,6.13
-4.14,-6.74,6.13
-3.88,-5.94,5.22
-3.88,-5.94,5.22
-3.88,-5.94,5.22
-4.28,-7.0,6.45
-4.3,-7.31,6.59
-4.3,-7.31,6.59
-4.12,-5.56,6.04
-4.12,-5.56,6.04
-4.12,-5.56,6.04
-3.99,-5.05,6.18
-3.99,-5.05,6.18
-3.99,-5.05,6.18
-3.24,-6.05,6.31
-3.24,-6.05,6.31
-3.09,-6.54,6.44
-2.86,-5.9,6.27
-2.86,-5.9,6.27
-2.86,-5.9,6.27
-2.57,-5.88,6.77
-2.57,-5.88,6.77
-2.63,-6.46,7.01
-2.63,-6.46,7.01
-2.63,-6.46,7.01
-2.87,-5.65,6.38
-2.87,-5.65,6.38
-3.04,-5.53,6.38
-3.16,-6.37,6.76
-3.16,-6.37,6.76
-3.16,-6.37,6.76
-3.47,-6.51,6.38
-3.47,-6.51,6.38
-3.47,-6.51,6.38
-3.36,-6.0,6.6
-3.36,-6.0,6.6
-3.36,-6.0,6.6
-3.63,-6.54,6.55
-3.63,-6.54,6.55
-3.72,-6.66,6.51
-3.87,-5.85,6.58
-3.87,-5.85,6.58
-3.87,-5.85,6.58
-4.17,-6.17,6.43
-4.17,-6.17,6.43
-4.17,-6.17,6.43
-4.02,-6.27,6.21
-4.02,-6.27,6.21
-4.02,-6.27,6.21
-3.79,-6.41,6.65
-3.79,-6.41,6.65
-3.8,-6.61,6.91
-3.73,-6.22,6.6
-3.73,-6.22,6.6
-3.73,-6.22,6.6
-3.69,-5.76,6.65
-3.69,-5.76,6.65
-3.69,-5.76,6.65
-3.87,-6.49,6.71
-3.87,-6.49,6.71
-3.87,-6.49,6.71
-3.76,-5.59,6.12
-3.76,-5.59,6.12
-3.86,-5.67,6.22
-4.06,-6.32,6.5
-4.06,-6.32,6.5
-4.06,-6.32,6.5
-3.83,-6.59,6.79
-3.83,-6.59,6.79
-3.83,-6.59,6.79
-3.24,-6.14,6.85
-3.24,-6.14,6.85
-3.24,-6.14,6.85
-2.98,-5.95,6.74
-2.98,-5.95,6.74
-2.83,-5.76,6.68
-3.26,-5.48,6.62
-3.26,-5.48,6.62
-3.26,-5.48,6.62
-3.71,-5.89,7.04
-3.71,-5.89,7.04
-3.71,-5.89,7.04
-3.39,-5.68,7.0
-3.39,-5.68,7.0
-3.39,-5.68,7.0
-2.93,-6.01,6.8
-2.72,-6.17,6.65
-2.72,-6.17,6.65
-3.0,-5.85,6.22
-3.0,-5.85,6.22
-3.0,-5.85,6.22
-3.84,-5.39,6.66
-3.84,-5.39,6.66
-3.84,-5.39,6.66
-3.82,-5.06,6.78
-3.82,-5.06,6.78
-3.82,-5.06,6.78
-3.16,-5.66,7.22
-3.16,-5.66,7.22
-3.16,-5.66,7.22
-3.53,-5.67,6.81
-3.53,-5.67,6.81
-3.53,-5.67,6.81
-3.97,-5.37,6.96
-3.97,-5.37,6.96
-3.97,-5.37,6.96
-4.06,-5.92,7.44
-4.06,-5.92,7.44
-4.06,-5.92,7.44
-2.98,-5.84,7.63
-2.98,-5.84,7.63
-2.98,-5.84,7.63
-2.69,-6.07,7.39
-2.69,-6.07,7.39
-2.69,-6.07,7.39
-3.11,-6.14,7.1
-3.11,-6.14,7.1
-3.11,-6.14,7.1
-3.31,-5.76,6.91
-3.31,-5.76,6.91
-3.31,-5.76,6.91
-3.09,-6.1,7.34
-3.09,-6.1,7.34
-3.32,-6.06,7.44
-3.44,-5.42,7.39
-3.44,-5.42,7.39
-3.44,-5.42,7.39
-3.6,-5.5,7.41
-3.6,-5.5,7.41
-3.6,-5.5,7.41
-3.36,-5.16,7.0
-3.36,-5.16,7.0
-3.36,-5.16,7.0
-3.24,-5.25,7.07
-3.25,-5.73,7.4
-3.25,-5.73,7.4
-3.28,-6.25,7.98
-3.28,-6.25,7.98
-3.28,-6.25,7.98
-3.22,-6.15,7.85
-3.22,-6.15,7.85
-3.22,-6.15,7.85
-3.14,-5.89,7.65
-3.14,-5.89,7.65
-3.14,-5.89,7.65
-3.31,-5.51,7.31
-3.31,-5.51,7.31
-3.31,-5.51,7.31
-3.24,-5.56,7.19
-3.24,-5.56,7.19
-3.24,-5.56,7.19
-3.02,-5.66,7.0
-3.02,-5.66,7.0
-3.02,-5.66,7.0
-3.35,-6.49,7.21
-3.35,-6.49,7.21
-3.35,-6.49,7.21
-3.18,-6.19,7.02
-3.18,-6.19,7.02
-3.18,-6.19,7.02
-2.96,-5.37,6.3
-2.96,-5.37,6.3
-2.96,-5.37,6.3
-3.37,-5.34,6.55
-3.37,-5.34,6.55
-3.68,-5.49,6.6
-3.68,-5.49,6.6
-3.68,-5.49,6.6
-3.62,-5.36,6.43
-3.62,-5.36,6.43
-3.7,-5.58,6.64
-3.85,-6.12,7.03
-3.85,-6.12,7.03
-3.85,-6.12,7.03
-3.7,-5.86,6.84
-3.7,-5.86,6.84
-3.7,-5.86,6.84
-3.44,-6.05,6.78
-3.44,-6.05,6.78
-3.44,-6.05,6.78
-3.56,-6.32,7.59
-3.56,-6.32,7.59
-3.58,-6.15,7.43
-3.37,-5.46,6.8
-3.37,-5.46,6.8
-3.37,-5.46,6.8
-3.55,-5.6,6.57
-3.55,-5.6,6.57
-3.55,-5.6,6.57
-3.8,-6.19,7.08
-3.8,-6.19,7.08
-3.8,-6.19,7.08
-3.51,-6.35,7.24
-3.51,-6.35,7.24
-3.35,-6.27,7.08
-3.38,-5.9,7.04
-3.38,-5.9,7.04
-3.38,-5.9,7.04
-3.59,-5.95,7.02
-3.59,-5.95,7.02
-3.59,-5.95,7.02
-3.61,-5.97,6.63
-3.61,-5.97,6.63
-3.79,-6.07,6.49
-3.63,-5.99,6.64
-3.63,-5.99,6.64
-3.63,-5.99,6.64
-3.63,-5.85,6.79
-3.63,-5.85,6.79
-3.85,-6.05,6.72
-3.85,-6.05,6.72
-3.85,-6.05,6.72
-4.1,-5.67,6.74
-4.1,-5.67,6.74
-4.1,-5.67,6.74
-4.09,-5.79,6.92
-4.09,-5.79,6.92
-4.03,-6.0,7.0
-3.68,-6.05,7.11
-3.68,-6.05,7.11
-3.68,-6.05,7.11
-3.66,-6.17,6.7
-3.66,-6.17,6.7
-3.66,-6.17,6.7
-3.66,-6.24,6.37
-3.66,-6.24,6.37
-3.66,-6.24,6.37
-3.85,-6.49,6.66
-3.85,-6.49,6.66
-3.85,-6.49,6.66
-3.89,-6.77,6.39
-3.89,-6.77,6.39
-3.89,-6.77,6.39
-3.16,-6.12,6.57
-3.16,-6.12,6.57
-3.16,-6.12,6.57
-3.05,-7.11,7.43
-3.05,-7.11,7.43
-3.05,-7.11,7.43
-2.62,-6.6,6.89
-2.94,-6.32,6.53
-2.94,-6.32,6.53
-2.48,-7.02,6.85
-2.48,-7.02,6.85
-2.48,-7.02,6.85
-2.65,-7.23,6.87
-2.65,-7.23,6.87
-2.65,-7.23,6.87
-2.75,-6.77,6.63
-2.75,-6.77,6.63
-2.87,-6.99,6.57
-3.14,-6.49,6.14
-3.14,-6.49,6.14
-3.14,-6.49,6.14
-2.44,-7.81,6.56
-2.44,-7.81,6.56
-2.44,-7.81,6.56
-2.51,-7.66,6.44
-2.51,-7.66,6.44
-2.51,-7.66,6.44
-2.01,-7.83,6.14
-2.01,-7.83,6.14
-1.86,-7.51,5.78
-2.19,-7.7,5.8
-2.19,-7.7,5.8
-2.19,-7.7,5.8
-1.57,-7.82,5.72
-1.57,-7.82,5.72
-1.57,-7.82,5.72
-1.83,-8.14,5.67
-1.83,-8.14,5.67
-1.83,-8.14,5.67
-1.93,-7.8,5.49
-1.93,-7.8,5.49
-1.65,-8.6,5.66
-1.82,-8.56,4.96
-1.82,-8.56,4.96
-1.82,-8.56,4.96
-1.25,-8.46,4.9
-1.25,-8.46,4.9
-1.25,-8.46,4.9
-1.78,-8.45,4.65
-1.78,-8.45,4.65
-1.78,-8.45,4.65
-1.37,-8.58,4.58
-1.37,-8.58,4.58
-1.61,-8.84,4.56
-1.52,-8.46,4.16
-1.52,-8.46,4.16
-1.52,-8.46,4.16
-1.59,-9.29,3.87
-1.59,-9.29,3.87
-1.59,-9.29,3.87
-1.7,-9.5,3.55
-1.7,-9.5,3.55
-1.7,-9.5,3.55
-1.44,-9.64,2.76
-1.44,-9.64,2.76
-1.48,-10.36,2.58
-1.58,-10.26,2.51
-1.58,-10.26,2.51
-1.58,-10.26,2.51
-1.34,-9.87,1.87
-1.34,-9.87,1.87
-1.34,-9.87,1.87
-1.21,-9.97,2.0
-1.21,-9.97,2.0
-1.21,-9.97,2.0
-0.86,-8.73,1.49
-0.75,-9.0,1.33
-0.75,-9.0,1.33
-0.33,-9.79,1.05
-0.33,-9.79,1.05
-0.33,-9.79,1.05
-0.03,-9.55,0.51
-0.03,-9.55,0.51
-0.03,-9.55,0.51
-0.08,-9.85,0.26
-0.08,-9.85,0.26
-0.08,-9.85,0.26
0.25,-9.6,-0.5
0.25,-9.6,-0.5
0.25,-9.6,-0.5
1.05,-9.97,-0.43
1.05,-9.97,-0.43
1.05,-9.97,-0.43
0.66,-9.43,-0.73
0.66,-9.43,-0.73
0.66,-9.43,-0.73
-1.57,-7.22,-7.89
-1.57,-7.22,-7.89
-1.57,-7.22,-7.89
1.34,-8.56,-2.8
1.34,-8.56,-2.8
1.77,-8.4,-3.23
1.77,-8.4,-3.23
1.77,-8.4,-3.23
1.6,-8.22,-3.36
1.6,-8.22,-3.36
1.6,-8.22,-3.36
2.12,-8.22,-3.62
2.12,-8.22,-3.62
2.12,-8.22,-3.62
1.86,-7.55,-4.06
1.86,-7.55,-4.06
1.86,-7.55,-4.06
1.99,-7.02,-4.63
1.99,-7.02,-4.63
1.99,-7.02,-4.63
2.16,-7.71,-4.62
2.16,-7.71,-4.62
2.16,-7.71,-4.62
2.49,-7.91,-4.67
2.49,-7.91,-4.67
2.49,-7.91,-4.67
2.79,-7.29,-5.16
2.79,-7.29,-5.16
3.08,-7.46,-5.09
2.95,-7.53,-5.19
2.83,-7.0,-5.24
2.83,-7.0,-5.24
3.13,-6.72,-4.9
3.13,-6.72,-4.9
3.13,-6.72,-4.9
3.09,-6.47,-5.25
3.09,-6.47,-5.25
3.09,-6.47,-5.25
2.73,-5.67,-5.45
2.63,-5.96,-5.51
2.63,-5.96,-5.51
2.86,-5.82,-5.86
2.86,-5.82,-5.86
2.86,-5.82,-5.86
2.82,-6.0,-6.39
2.82,-6.0,-6.39
2.82,-6.0,-6.39
3.06,-5.71,-5.44
3.06,-5.71,-5.44
3.06,-5.71,-5.44
3.57,-5.63,-5.32
4.01,-5.52,-5.6
4.01,-5.52,-5.6
3.41,-5.27,-6.52
3.41,-5.27,-6.52
3.41,-5.27,-6.52
3.19,-6.08,-6.26
3.19,-6.08,-6.26
3.19,-6.08,-6.26
2.59,-6.04,-6.47
2.59,-6.04,-6.47
2.59,-6.04,-6.47
2.64,-6.62,-6.77
2.64,-6.62,-6.77
2.74,-6.45,-6.55
3.16,-6.29,-6.34
3.16,-6.29,-6.34
3.16,-6.29,-6.34
3.14,-6.07,-6.25
3.14,-6.07,-6.25
3.14,-6.07,-6.25
2.95,-6.16,-6.7
2.95,-6.16,-6.7
2.95,-6.16,-6.7
2.93,-7.17,-6.78
2.93,-7.17,-6.78
2.93,-7.17,-6.78
2.73,-6.26,-6.57
2.73,-6.26,-6.57
2.73,-6.26,-6.57
2.88,-6.27,-6.74
2.88,-6.27,-6.74
2.88,-6.27,-6.74
2.78,-6.0,-6.18
2.78,-6.0,-6.18
2.78,-6.0,-6.18
2.7,-6.23,-6.38
2.7,-6.23,-6.38
2.72,-6.07,-6.43
2.38,-6.45,-6.74
2.38,-6.45,-6.74
2.38,-6.45,-6.74
2.79,-6.67,-6.57
2.79,-6.67,-6.57
2.79,-6.67,-6.57
2.85,-6.2,-6.74
2.85,-6.2,-6.74
2.85,-6.2,-6.74
2.7,-6.97,-6.42
2.58,-6.08,-6.36
2.58,-6.08,-6.36
2.49,-6.97,-6.51
2.49,-6.97,-6.51
2.49,-6.97,-6.51
2.48,-6.42,-6.72
2.48,-6.42,-6.72
2.48,-6.42,-6.72
2.2,-6.71,-6.52
2.2,-6.71,-6.52
2.2,-6.71,-6.52
2.47,-6.5,-6.42
2.47,-6.5,-6.42
2.47,-6.5,-6.42
2.39,-6.5,-6.35
2.39,-6.5,-6.35
2.39,-6.5,-6.35
2.7,-6.61,-6.33
2.7,-6.61,-6.33
2.7,-6.61,-6.33
2.39,-6.61,-6.36
2.39,-6.61,-6.36
2.39,-6.61,-6.36
2.31,-6.82,-6.65
2.38,-6.84,-6.58
2.38,-6.84,-6.58
2.23,-6.41,-6.48
2.23,-6.41,-6.48
2.23,-6.41,-6.48
2.02,-6.65,-6.76
2.02,-6.65,-6.76
2.02,-6.65,-6.76
2.27,-6.7,-6.26
2.27,-6.7,-6.26
2.45,-6.88,-6.11
2.13,-6.43,-6.71
2.13,-6.43,-6.71
2.13,-6.43,-6.71
2.16,-6.67,-6.57
2.16,-6.67,-6.57
2.16,-6.67,-6.57
1.82,-6.5,-6.73
1.82,-6.5,-6.73
1.82,-6.5,-6.73
1.94,-6.68,-6.59
1.94,-6.68,-6.59
1.94,-6.68,-6.59
2.18,-6.55,-6.39
2.25,-6.51,-6.49
2.25,-6.51,-6.49
1.88,-6.6,-6.5
1.88,-6.6,-6.5
1.88,-6.6,-6.5
1.94,-6.5,-6.62
1.94,-6.5,-6.62
1.94,-6.5,-6.62
1.87,-6.57,-6.69
1.87,-6.57,-6.69
1.95,-6.73,-6.54
1.93,-6.18,-6.47
1.93,-6.18,-6.47
1.93,-6.18,-6.47
2.14,-6.8,-6.33
2.14,-6.8,-6.33
2.14,-6.8,-6.33
1.97,-6.53,-6.48
1.97,-6.53,-6.48
1.97,-6.53,-6.48
1.86,-6.47,-6.52
1.86,-6.47,-6.52
1.86,-6.47,-6.52
1.88,-6.83,-6.58
1.88,-6.83,-6.58
1.88,-6.83,-6.58
1.81,-6.69,-6.55
1.81,-6.69,-6.55
2.0,-6.68,-6.34
2.0,-6.68,-6.34
2.0,-6.68,-6.34
1.74,-6.4,-6.57
1.74,-6.4,-6.57
1.83,-6.66,-6.63
1.89,-6.86,-6.48
1.89,-6.86,-6.48
1.89,-6.86,-6.48
1.84,-6.56,-6.59
1.84,-6.56,-6.59
1.84,-6.56,-6.59
1.89,-6.3,-6.28
1.89,-6.3,-6.28
1.89,-6.3,-6.28
1.7,-6.75,-6.5
1.7,-6.75,-6.5
1.7,-6.75,-6.5
1.75,-6.86,-6.4
1.75,-6.86,-6.4
1.75,-6.86,-6.4
1.68,-6.49,-6.55
1.68,-6.49,-6.55
1.68,-6.49,-6.55
1.69,-6.83,-6.54
1.69,-6.83,-6.54
1.69,-6.83,-6.54
1.8,-6.76,-6.52
1.8,-6.76,-6.52
1.8,-6.76,-6.52
1.82,-6.86,-6.46
1.67,-7.08,-6.41
1.67,-7.08,-6.41
1.93,-6.57,-6.39
1.93,-6.57,-6.39
1.93,-6.57,-6.39
1.7,-6.28,-6.64
1.7,-6.28,-6.64
1.7,-6.28,-6.64
1.61,-6.46,-6.59
1.61,-6.46,-6.59
1.66,-6.35,-6.52
1.59,-6.24,-6.44
1.59,-6.24,-6.44
1.77,-7.12,-6.45
1.77,-7.12,-6.45
1.77,-7.12,-6.45
1.81,-6.96,-6.3
1.81,-6.96,-6.3
1.81,-6.96,-6.3
1.83,-6.36,-6.54
1.83,-6.36,-6.54
2.0,-6.68,-6.4
1.97,-6.15,-6.65
1.97,-6.15,-6.65
1.97,-6.15,-6.65
1.52,-6.49,-6.4
1.52,-6.49,-6.4
1.52,-6.49,-6.4
1.59,-7.02,-6.55
1.59,-7.02,-6.55
1.59,-7.02,-6.55
1.78,-6.74,-6.46
1.78,-6.74,-6.46
1.78,-6.74,-6.46
1.81,-6.16,-6.34
1.81,-6.16,-6.34
1.81,-6.16,-6.34
1.87,-6.5,-6.52
1.87,-6.5,-6.52
1.87,-6.5,-6.52
1.86,-6.59,-6.45
1.86,-6.59,-6.45
1.86,-6.59,-6.45
2.07,-6.25,-5.95
2.07,-6.25,-5.95
2.07,-6.25,-5.95
1.36,-7.47,-6.18
1.36,-7.47,-6.18
1.36,-7.47,-6.18
1.78,-7.48,-6.49
1.78,-7.48,-6.49
1.78,-7.48,-6.49
1.81,-6.77,-6.24
1.81,-6.77,-6.24
1.81,-6.77,-6.24
1.22,-6.69,-5.6
1.22,-6.69,-5.6
0.79,-6.46,-5.97
1.27,-7.21,-6.39
1.27,-7.21,-6.39
1.27,-7.21,-6.39
1.44,-7.37,-6.15
1.44,-7.37,-6.15
1.44,-7.37,-6.15
1.3,-6.97,-5.52
1.3,-6.97,-5.52
1.3,-6.97,-5.52
2.08,-7.32,-5.81
2.08,-7.32,-5.81
1.62,-6.98,-6.14
1.53,-6.59,-5.32
1.53,-6.59,-5.32
1.53,-6.59,-5.32
0.98,-6.73,-5.65
0.98,-6.73,-5.65
0.98,-6.73,-5.65
1.56,-7.91,-5.72
1.56,-7.91,-5.72
1.56,-7.91,-5.72
1.31,-7.74,-6.09
1.31,-7.74,-6.09
1.56,-8.08,-5.46
2.35,-7.93,-5.0
2.35,-7.93,-5.0
2.35,-7.93,-5.0
1.93,-6.55,-5.48
1.93,-6.55,-5.48
1.93,-6.55,-5.48
1.25,-6.82,-5.65
1.25,-6.82,-5.65
1.25,-6.82,-5.65
2.26,-8.6,-5.23
2.26,-8.6,-5.23
2.21,-9.4,-4.75
2.02,-7.85,-4.97
2.02,-7.85,-4.97
2.02,-7.85,-4.97
2.63,-7.59,-5.29
2.63,-7.59,-5.29
2.63,-7.59,-5.29
1.12,-7.36,-5.37
1.12,-7.36,-5.37
2.17,-8.29,-5.3
1.5,-9.36,-5.15
1.5,-9.36,-5.15
0.94,-8.53,-4.86
2.19,-7.75,-5.65
2.19,-7.75,-5.65
2.19,-7.75,-5.65
1.73,-7.72,-4.96
1.73,-7.72,-4.96
1.73,-7.72,-4.96
1.38,-8.44,-5.11
1.38,-8.44,-5.11
1.38,-8.44,-5.11
2.08,-8.08,-4.94
2.08,-8.08,-4.94
1.59,-9.05,-4.68
0.87,-7.09,-5.22
0.87,-7.09,-5.22
0.87,-7.09,-5.22
2.13,-8.29,-5.07
2.13,-8.29,-5.07
2.13,-8.29,-5.07
1.63,-7.26,-5.28
1.63,-7.26,-5.28
2.16,-8.55,-4.9
2.03,-8.23,-5.09
1.78,-7.53,-5.69
1.78,-7.53,-5.69
1.77,-8.66,-5.14
1.77,-8.66,-5.14
1.77,-8.66,-5.14
0.54,-6.87,-5.26
0.54,-6.87,-5.26
0.54,-6.87,-5.26
0.8,-8.94,-5.25
0.8,-8.94,-5.25
0.8,-8.94,-5.25
0.8,-9.71,-5.87
1.08,-9.4,-5.28
1.08,-9.4,-5.28
0.48,-7.69,-6.12
0.48,-7.69,-6.12
0.48,-7.69,-6.12
1.48,-8.67,-5.92
1.48,-8.67,-5.92
1.48,-8.67,-5.92
1.3,-7.8,-5.73
1.3,-7.8,-5.73
1.3,-7.8,-5.73
0.17,-6.22,-6.1
0.17,-6.22,-6.1
0.17,-6.22,-6.1
2.02,-6.95,-5.55
2.02,-6.95,-5.55
2.02,-6.95,-5.55
2.11,-4.47,-6.81
2.11,-4.47,-6.81
2.11,-4.47,-6.81
1.76,-7.52,-6.19
1.76,-7.52,-6.19
1.76,-7.52,-6.19
0.19,-6.77,-7.41
0.19,-6.77,-7.41
0.19,-6.77,-7.41
-0.34,-4.82,-6.89
-0.34,-4.82,-6.89
-0.34,-4.82,-6.89
1.87,-5.84,-6.13
1.87,-5.84,-6.13
1.87,-5.84,-6.13
-0.13,-4.21,-7.34
-0.13,-4.21,-7.34
-0.13,-4.21,-7.34
-0.96,-5.19,-8.35
-0.96,-5.19,-8.35
-0.96,-5.19,-8.35
2.68,-6.47,-7.47
2.68,-6.47,-7.47
2.68,-6.47,-7.47
-1.24,-5.55,-7.6
-1.24,-5.55,-7.6
-1.24,-5.55,-7.6
3.56,-5.08,-7.14
3.56,-5.08,-7.14
3.56,-5.08,-7.14
1.97,-5.2,-7.05
1.97,-5.2,-7.05
1.97,-5.2,-7.05
-0.32,-6.42,-7.86
-0.32,-6.42,-7.86
-0.32,-6.42,-7.86
0.81,-5.65,-7.58
0.81,-5.65,-7.58
0.81,-5.65,-7.58
0.79,-4.23,-7.06
0.79,-4.23,-7.06
-0.57,-3.97,-7.5
1.63,-6.57,-7.18
1.63,-6.57,-7.18
-1.29,-4.96,-7.72
-1.29,-4.96,-7.72
-1.29,-4.96,-7.72
1.84,-5.26,-6.93
1.84,-5.26,-6.93
1.84,-5.26,-6.93
-0.78,-5.59,-7.34
0.98,-5.32,-7.13
0.98,-5.32,-7.13
1.28,-5.46,-7.87
1.28,-5.46,-7.87
1.28,-5.46,-7.87
-0.54,-5.63,-7.91
-0.54,-5.63,-7.91
-0.54,-5.63,-7.91
1.52,-5.99,-7.64
1.52,-5.99,-7.64
1.52,-5.99,-7.64
-0.3,-5.86,-8.09
-0.3,-5.86,-8.09
-0.02,-5.0,-8.01
-0.02,-5.0,-8.01
-0.02,-5.0,-8.01
1.73,-5.14,-7.4
1.73,-5.14,-7.4
1.73,-5.14,-7.4
-0.76,-4.9,-7.55
-0.76,-4.9,-7.55
-0.76,-4.9,-7.55
1.47,-5.04,-7.59
1.47,-5.04,-7.59
1.47,-5.04,-7.59
0.13,-6.31,-7.88
1.04,-5.54,-7.59
1.04,-5.54,-7.59
-0.57,-5.24,-7.22
-0.57,-5.24,-7.22
-0.57,-5.24,-7.22
0.72,-5.38,-7.55
0.72,-5.38,-7.55
0.72,-5.38,-7.55
0.59,-5.44,-7.83
0.59,-5.44,-7.83
0.59,-5.44,-7.83
0.92,-5.24,-7.73
0.92,-5.24,-7.73
0.92,-5.24,-7.73
0.56,-5.07,-7.66
0.56,-5.07,-7.66
0.56,-5.07,-7.66
0.23,-5.76,-7.48
0.23,-5.76,-7.48
0.23,-5.76,-7.48
0.39,-4.76,-7.48
0.06,-6.0,-7.52
0.06,-6.0,-7.52
0.87,-4.87,-7.85
0.87,-4.87,-7.85
0.87,-4.87,-7.85
-0.11,-5.95,-7.4
-0.11,-5.95,-7.4
-0.11,-5.95,-7.4
0.49,-4.59,-7.56
0.49,-4.59,-7.56
0.49,-4.59,-7.56
0.28,-5.95,-7.55
0.72,-4.8,-7.78
-0.04,-5.78,-7.51
-0.04,-5.78,-7.51
-0.04,-5.78,-7.51
0.25,-4.77,-7.62
0.25,-4.77,-7.62
0.51,-5.65,-7.72
0.51,-5.65,-7.72
0.51,-5.65,-7.72
-0.31,-5.02,-7.56
-0.31,-5.02,-7.56
-0.32,-5.5,-7.88
1.24,-5.27,-7.75
1.24,-5.27,-7.75
1.24,-5.27,-7.75
0.46,-5.5,-7.8
0.46,-5.5,-7.8
0.46,-5.5,-7.8
0.09,-5.43,-7.32
0.09,-5.43,-7.32
0.09,-5.43,-7.32
0.05,-5.38,-7.94
0.05,-5.38,-7.94
0.05,-5.38,-7.94
-0.21,-5.49,-7.84
-0.21,-5.49,-7.84
-0.21,-5.49,-7.84
0.66,-5.36,-7.42
0.66,-5.36,-7.42
-0.38,-5.14,-7.61
-0.38,-5.14,-7.61
-0.38,-5.14,-7.61
0.57,-5.58,-7.35
0.73,-5.38,-7.72
0.73,-5.38,-7.72
0.73,-5.38,-7.72
0.27,-4.99,-7.68
0.27,-4.99,-7.68
0.27,-4.99,-7.68
0.11,-5.74,-7.66
0.11,-5.74,-7.66
0.11,-5.38,-7.4
0.29,-4.94,-7.53
0.29,-4.94,-7.53
0.57,-4.98,-7.95
0.35,-5.88,-7.71
0.35,-5.88,-7.71
0.35,-5.88,-7.71
0.62,-4.95,-7.49
0.62,-4.95,-7.49
0.62,-4.95,-7.49
-0.11,-5.21,-7.58
-0.11,-5.21,-7.58
-0.11,-5.21,-7.58
0.34,-5.16,-7.71
0.34,-5.16,-7.71
0.34,-5.16,-7.71
0.36,-5.14,-7.95
0.36,-5.14,-7.95
0.36,-5.14,-7.95
0.34,-5.6,-7.48
0.34,-5.6,-7.48
0.34,-5.6,-7.48
-0.14,-5.12,-7.52
-0.14,-5.12,-7.52
-0.14,-5.12,-7.52
0.27,-6.0,-7.89
0.27,-6.0,-7.89
0.27,-6.0,-7.89
-0.07,-5.7,-7.91
-0.07,-5.7,-7.91
-0.07,-5.7,-7.91
0.75,-4.92,-7.33
0.75,-4.92,-7.33
0.75,-4.92,-7.33
-0.29,-5.06,-7.7
-0.29,-5.06,-7.7
0.66,-5.42,-7.66
0.62,-5.49,-7.47
-0.08,-5.73,-7.76
-0.08,-5.73,-7.76
0.94,-5.41,-7.53
0.94,-5.41,-7.53
0.94,-5.41,-7.53
-0.31,-5.13,-7.65
-0.31,-5.13,-7.65
-0.31,-5.13,-7.65
0.7,-5.55,-7.45
0.7,-5.55,-7.45
0.7,-5.55,-7.45
0.15,-5.53,-7.71
0.15,-5.53,-7.71
0.15,-5.53,-7.71
-0.03,-5.36,-7.51
-0.03,-5.36,-7.51
-0.03,-5.36,-7.51
0.34,-5.24,-7.55
0.34,-5.24,-7.55
0.34,-5.24,-7.55
0.37,-5.13,-7.47
0.37,-5.13,-7.47
0.37,-5.13,-7.47
0.47,-5.94,-7.44
0.47,-5.94,-7.44
0.47,-5.94,-7.44
0.31,-5.2,-7.95
0.31,-5.2,-7.95
0.31,-5.2,-7.95
0.77,-5.35,-7.38
0.77,-5.35,-7.38
0.77,-5.35,-7.38
-0.11,-5.22,-7.7
-0.11,-5.22,-7.7
-0.11,-5.22,-7.7
0.21,-5.02,-7.64
0.21,-5.02,-7.64
0.21,-5.02,-7.64
0.67,-5.43,-7.57
0.67,-5.43,-7.57
-0.05,-5.14,-7.7
-0.05,-5.14,-7.7
-0.05,-5.14,-7.7
0.47,-5.3,-7.51
0.47,-5.3,-7.51
0.47,-5.3,-7.51
0.12,-5.1,-7.51
0.12,-5.1,-7.51
-0.06,-5.15,-7.26
-0.07,-5.15,-7.65
-0.07,-5.15,-7.65
-0.07,-5.15,-7.65
0.28,-6.02,-8.12
0.28,-6.02,-8.12
0.28,-6.02,-8.12
0.6,-5.49,-7.63
0.6,-5.49,-7.63
0.6,-5.49,-7.63
0.11,-4.89,-7.82
0.11,-4.89,-7.82
0.81,-5.82,-7.52
0.0,-5.23,-7.71
0.0,-5.23,-7.71
0.0,-5.23,-7.71
0.74,-5.23,-7.59
0.74,-5.23,-7.59
0.74,-5.23,-7.59
0.13,-5.47,-7.92
0.13,-5.47,-7.92
0.13,-5.47,-7.92
0.77,-5.27,-7.51
0.77,-5.27,-7.51
0.77,-5.27,-7.51
-0.27,-5.21,-7.61
-0.27,-5.21,-7.61
-0.27,-5.21,-7.61
1.15,-5.0,-7.5
1.15,-5.0,-7.5
1.15,-5.0,-7.5
0.33,-5.36,-8.05
0.33,-5.36,-8.05
0.33,-5.36,-8.05
0.58,-5.33,-7.49
0.58,-5.33,-7.49
0.58,-5.33,-7.49
-0.14,-5.32,-7.65
-0.14,-5.32,-7.65
-0.14,-5.32,-7.65
0.73,-5.11,-7.26
0.73,-5.11,-7.26
0.73,-5.11,-7.26
-0.78,-5.81,-8.21
-0.78,-5.81,-8.21
0.76,-5.76,-7.48
1.57,-4.88,-7.57
0.03,-5.49,-8.15
0.03,-5.49,-8.15
0.11,-4.68,-7.12
0.11,-4.68,-7.12
0.11,-4.68,-7.12
0.21,-5.38,-8.09
0.21,-5.38,-8.09
0.21,-5.38,-8.09
1.13,-5.5,-7.7
1.13,-5.5,-7.7
1.13,-5.5,-7.7
-0.85,-5.16,-7.83
0.26,-5.04,-7.71
0.26,-5.04,-7.71
-0.06,-5.44,-7.44
-0.06,-5.44,-7.44
-0.06,-5.44,-7.44
0.52,-5.08,-7.95
0.52,-5.08,-7.95
0.52,-5.08,-7.95
0.16,-5.07,-7.79
0.16,-5.07,-7.79
0.16,-5.07,-7.79
0.3,-5.46,-7.46
0.3,-5.46,-7.46
0.3,-5.46,-7.46
0.13,-4.97,-7.87
0.13,-4.97,-7.87
0.13,-4.97,-7.87
0.79,-5.68,-7.67
0.79,-5.68,-7.67
0.79,-5.68,-7.67
0.12,-4.9,-8.02
0.12,-4.9,-8.02
0.12,-4.9,-8.02
0.13,-5.46,-7.52
0.1,-5.39,-7.7
0.1,-5.39,-7.7
0.54,-5.32,-7.83
0.54,-5.32,-7.83
0.54,-5.32,-7.83
0.63,-5.11,-7.27
0.63,-5.11,-7.27
0.63,-5.11,-7.27
-0.24,-5.55,-7.84
-0.24,-5.55,-7.84
-0.23,-6.0,-7.82
1.29,-4.95,-7.44
0.72,-4.89,-7.68
0.72,-4.89,-7.68
0.37,-5.79,-7.82
0.37,-5.79,-7.82
0.37,-5.79,-7.82
0.39,-4.73,-7.49
0.39,-4.73,-7.49
0.39,-4.73,-7.49
0.74,-5.38,-7.7
0.74,-5.38,-7.7
0.74,-5.38,-7.7
-0.48,-5.3,-7.73
0.21,-5.1,-8.05
0.21,-5.1,-8.05
0.56,-5.33,-7.61
0.56,-5.33,-7.61
0.56,-5.33,-7.61
0.33,-5.25,-7.68
0.33,-5.25,-7.68
0.33,-5.25,-7.68
-0.19,-5.08,-7.58
-0.19,-5.08,-7.58
-0.19,-5.08,-7.58
0.62,-5.38,-7.8
0.64,-5.66,-7.81
0.64,-5.66,-7.81
-0.22,-5.21,-7.81
-0.22,-5.21,-7.81
-0.22,-5.21,-7.81
0.79,-4.79,-7.7
0.79,-4.79,-7.7
0.18,-5.35,-7.54
0.74,-4.79,-7.66
0.74,-4.79,-7.66
0.59,-4.92,-7.67
0.06,-5.74,-7.79
0.06,-5.74,-7.79
0.86,-4.9,-7.68
0.86,-4.9,-7.68
0.86,-4.9,-7.68
0.37,-5.79,-7.73
0.37,-5.79,-7.73
0.37,-5.79,-7.73
0.4,-5.21,-7.7
0.4,-5.21,-7.7
0.4,-5.21,-7.7
0.62,-5.03,-7.5
0.64,-4.86,-7.54
0.64,-4.86,-7.54
0.31,-5.79,-7.94
0.31,-5.79,-7.94
0.31,-5.79,-7.94
0.0,-5.33,-7.37
0.0,-5.33,-7.37
0.0,-5.33,-7.37
0.68,-5.02,-7.83
0.68,-5.02,-7.83
0.69,-5.42,-7.64
0.47,-5.09,-7.93
0.47,-5.09,-7.93
0.47,-5.09,-7.93
-0.15,-5.66,-7.68
-0.15,-5.66,-7.68
-0.15,-5.66,-7.68
0.29,-5.15,-7.53
0.29,-5.15,-7.53
0.11,-5.26,-7.48
0.24,-4.9,-7.45
0.24,-4.9,-7.45
0.8,-5.81,-7.98
0.8,-5.81,-7.98
0.8,-5.81,-7.98
0.52,-5.21,-7.71
0.52,-5.21,-7.71
0.52,-5.21,-7.71
0.3,-5.37,-7.72
0.3,-5.37,-7.72
0.66,-5.08,-7.5
0.66,-5.08,-7.5
0.66,-5.08,-7.5
0.39,-5.7,-7.77
0.39,-5.7,-7.77
0.39,-5.7,-7.77
0.7,-4.67,-7.81
0.7,-4.67,-7.81
0.16,-5.98,-7.82
0.16,-5.98,-7.82
0.16,-5.98,-7.82
0.52,-4.84,-7.43
0.52,-4.84,-7.43
0.06,-5.58,-7.57
0.06,-5.58,-7.57
0.06,-5.58,-7.57
0.78,-4.71,-8.0
0.78,-4.71,-8.0
0.78,-4.71,-8.0
0.22,-5.74,-7.64
0.22,-5.74,-7.64
0.22,-5.74,-7.64
0.68,-4.82,-7.77
0.68,-4.82,-7.77
0.68,-4.82,-7.77
0.93,-4.68,-7.49
0.93,-4.68,-7.49
0.93,-4.68,-7.49
0.31,-5.65,-7.93
0.31,-5.65,-7.93
0.31,-5.65,-7.93
0.52,-5.08,-7.68
0.52,-5.08,-7.68
0.52,-5.08,-7.68
0.56,-5.65,-7.81
0.59,-5.52,-7.45
0.59,-5.52,-7.45
0.46,-4.73,-7.87
0.46,-4.73,-7.87
0.46,-4.73,-7.87
0.19,-5.24,-7.68
0.19,-5.24,-7.68
0.19,-5.24,-7.68
0.49,-5.1,-8.02
0.49,-5.1,-8.02
1.22,-5.19,-7.75
-0.08,-5.47,-7.68
-0.08,-5.47,-7.68
0.06,-4.64,-7.77
0.66,-5.42,-7.63
0.66,-5.42,-7.63
0.66,-5.42,-7.63
0.73,-4.88,-7.74
0.73,-4.88,-7.74
0.73,-4.88,-7.74
-0.26,-5.63,-7.68
-0.26,-5.63,-7.68
-0.26,-5.63,-7.68
0.51,-5.46,-8.04
0.51,-5.46,-8.04
0.51,-5.46,-8.04
0.99,-4.7,-7.6
0.99,-4.7,-7.6
0.99,-4.7,-7.6
-0.05,-5.26,-7.97
-0.05,-5.26,-7.97
-0.05,-5.26,-7.97
0.65,-5.44,-7.35
0.65,-5.44,-7.35
0.65,-5.44,-7.35
0.65,-5.01,-7.82
0.65,-5.01,-7.82
0.65,-5.01,-7.82
0.6,-5.24,-7.85
0.6,-5.24,-7.85
0.6,-5.24,-7.85
0.28,-5.11,-7.34
0.28,-5.11,-7.34
0.28,-5.11,-7.34
0.47,-5.23,-7.91
0.47,-5.23,-7.91
0.47,-5.23,-7.91
0.19,-5.29,-7.76
0.19,-5.29,-7.76
0.83,-4.91,-7.84
0.62,-5.02,-7.7
0.62,-5.02,-7.7
0.62,-5.02,-7.7
0.89,-5.3,-7.71
0.89,-5.3,-7.71
0.89,-5.3,-7.71
0.17,-5.53,-7.8
0.17,-5.53,-7.8
0.17,-5.53,-7.8
0.68,-4.99,-7.8
0.68,-4.99,-7.8
0.68,-4.99,-7.8
0.46,-4.87,-7.46
0.46,-4.87,-7.46
0.46,-4.87,-7.46
0.02,-6.0,-7.91
0.02,-6.0,-7.91
0.02,-6.0,-7.91
0.85,-5.15,-7.75
0.85,-5.15,-7.75
0.85,-5.15,-7.75
0.27,-5.54,-7.73
0.27,-5.54,-7.73
0.28,-4.96,-7.59
0.79,-5.11,-8.01
0.79,-5.11,-8.01
0.79,-5.11,-8.01
0.54,-5.39,-7.45
0.54,-5.39,-7.45
0.54,-5.39,-7.45
-0.02,-5.56,-7.97
-0.02,-5.56,-7.97
0.31,-5.6,-7.44
0.97,-4.38,-7.18
0.97,-4.38,-7.18
0.55,-4.36,-7.61
2.63,-4.29,-7.6
2.63,-4.29,-7.6
2.63,-4.29,-7.6
-19.48,-5.19,-9.5
-19.48,-5.19,-9.5
