aX,aY,aZ
-19.48,-5.19,-9.5
-5.79,-7.23,-0.03
-5.79,-7.23,-0.03
-5.79,-7.23,-0.03
8.43,0.39,-21.95
10.83,0.91,-10.13
10.83,0.91,-10.13
8.19,-6.3,-8.28
8.19,-6.3,-8.28
8.19,-6.3,-8.28
0.74,-4.46,-8.22
0.74,-4.46,-8.22
0.74,-4.46,-8.22
0.92,-6.41,-6.86
0.92,-6.41,-6.86
0.93,-5.95,-7.22
1.54,-4.87,-7.13
1.55,-4.83,-7.3
1.55,-4.83,-7.3
2.07,-5.07,-7.61
2.07,-5.07,-7.61
2.36,-6.0,-7.76
2.36,-6.0,-7.76
2.36,-6.0,-7.76
1.63,-5.12,-7.8
1.63,-5.12,-7.8
1.9,-4.84,-7.82
1.8,-6.14,-7.27
1.8,-6.14,-7.27
1.57,-4.93,-7.58
1.57,-4.93,-7.58
1.57,-4.93,-7.58
2.24,-5.12,-7.7
2.24,-5.12,-7.7
2.24,-5.12,-7.7
2.26,-5.59,-7.59
2.26,-5.59,-7.59
2.57,-5.38,-7.59
2.37,-5.57,-7.7
2.37,-5.57,-7.7
2.02,-6.0,-7.59
2.51,-5.79,-7.42
2.51,-5.79,-7.42
2.51,-5.79,-7.42
2.22,-5.51,-7.47
2.22,-5.51,-7.47
2.22,-5.51,-7.47
1.7,-5.94,-7.36
1.7,-5.94,-7.36
1.7,-5.94,-7.36
1.7,-5.78,-7.11
1.7,-5.78,-7.11
1.7,-5.78,-7.11
1.48,-6.0,-7.09
1.48,-6.0,-7.09
1.48,-6.0,-7.09
1.68,-6.21,-7.26
1.68,-6.21,-7.26
1.68,-6.21,-7.26
1.9,-5.94,-6.99
1.9,-5.94,-6.99
1.58,-5.6,-7.18
2.24,-5.84,-7.2
2.24,-5.84,-7.2
2.24,-5.84,-7.2
2.06,-5.81,-7.23
2.06,-5.81,-7.23
2.06,-5.81,-7.23
1.97,-5.69,-7.32
1.97,-5.69,-7.32
1.97,-5.69,-7.32
1.62,-6.47,-7.17
1.62,-6.47,-7.17
1.62,-6.47,-7.17
2.37,-5.69,-7.36
2.37,-5.69,-7.36
2.37,-5.69,-7.36
1.95,-6.47,-7.11
1.95,-6.47,-7.11
1.95,-6.47,-7.11
1.81,-5.51,-7.11
1.81,-5.51,-7.11
1.81,-5.51,-7.11
1.47,-5.91,-6.96
1.47,-5.91,-6.96
1.47,-5.91,-6.96
1.81,-5.99,-7.03
1.81,-5.99,-7.03
1.81,-5.99,-7.03
2.01,-5.5,-7.1
2.01,-5.5,-7.1
2.01,-5.5,-7.1
1.99,-5.85,-7.05
1.99,-5.85,-7.05
1.99,-5.85,-7.05
1.85,-6.03,-7.06
1.85,-6.03,-7.06
1.91,-5.61,-7.13
2.04,-5.69,-7.11
1.95,-5.55,-7.09
1.95,-5.55,-7.09
1.95,-5.55,-7.09
2.06,-5.59,-7.12
2.06,-5.59,-7.12
2.06,-5.59,-7.12
2.23,-5.49,-6.76
2.23,-5.49,-6.76
2.23,-5.49,-6.76
2.13,-5.43,-6.27
2.13,-5.43,-6.27
2.13,-5.43,-6.27
2.1,-5.78,-6.43
2.1,-5.78,-6.43
2.1,-5.78,-6.43
1.95,-5.83,-6.72
1.95,-5.83,-6.72
1.95,-5.83,-6.72
2.14,-5.64,-6.83
2.14,-5.64,-6.83
2.47,-5.44,-6.62
2.49,-6.29,-5.97
2.49,-6.29,-5.97
2.49,-6.29,-5.97
2.76,-7.02,-5.47
2.76,-7.02,-5.47
2.76,-7.02,-5.47
1.68,-6.7,-5.37
1.68,-6.7,-5.37
1.68,-6.7,-5.37
1.51,-7.56,-4.62
1.51,-7.56,-4.62
1.82,-6.92,-4.33
1.82,-6.92,-4.33
1.82,-6.92,-4.33
1.33,-7.49,-3.6
1.33,-7.49,-3.6
1.33,-7.49,-3.6
1.53,-8.51,-3.6
1.53,-8.51,-3.6
1.53,-8.51,-3.6
2.24,-7.12,-2.65
2.24,-7.12,-2.65
2.66,-7.62,-2.52
3.0,-8.27,-2.9
3.0,-8.27,-2.9
3.0,-8.27,-2.9
3.08,-9.02,-1.74
3.08,-9.02,-1.74
3.08,-9.02,-1.74
4.13,-8.93,-1.31
4.13,-8.93,-1.31
4.13,-8.93,-1.31
4.33,-8.4,-0.81
4.33,-8.4,-0.81
4.24,-9.17,-0.27
3.59,-9.85,0.64
3.59,-9.85,0.64
3.59,-9.85,0.64
3.38,-9.31,0.96
3.38,-9.31,0.96
3.38,-9.31,0.96
2.59,-9.55,0.61
2.59,-9.55,0.61
2.59,-9.55,0.61
1.98,-9.63,0.84
1.98,-9.63,0.84
2.25,-11.03,5.85
1.15,-11.06,3.88
2.1,-10.25,3.54
2.1,-10.25,3.54
1.58,-10.21,3.37
1.58,-10.21,3.37
1.58,-10.21,3.37
1.92,-10.8,3.66
1.92,-10.8,3.66
1.92,-10.8,3.66
2.29,-9.77,3.53
2.29,-9.77,3.53
2.68,-9.11,3.15
2.79,-8.08,3.26
2.79,-8.08,3.26
2.79,-8.08,3.26
1.54,-8.89,3.78
1.54,-8.89,3.78
1.54,-8.89,3.78
-0.45,-11.17,3.95
-0.45,-11.17,3.95
-0.45,-11.17,3.95
-2.63,-10.62,3.08
-2.63,-10.62,3.08
-2.81,-10.6,3.42
-3.46,-10.52,3.42
-3.46,-10.52,3.42
-3.46,-10.52,3.42
-4.64,-10.23,3.45
-4.64,-10.23,3.45
-2.55,-8.5,3.2
-2.55,-8.5,3.2
-2.55,-8.5,3.2
-2.85,-8.99,3.27
-2.23,-9.39,3.78
-2.23,-9.39,3.78
-1.36,-8.76,3.65
-1.36,-8.76,3.65
-1.36,-8.76,3.65
-1.73,-9.17,3.62
-1.73,-9.17,3.62
-1.73,-9.17,3.62
-0.8,-8.8,3.42
-0.8,-8.8,3.42
-0.8,-8.8,3.42
-0.8,-8.88,3.29
-1.26,-8.93,3.04
-1.26,-8.93,3.04
-0.98,-8.81,3.2
-0.98,-8.81,3.2
-0.98,-8.81,3.2
-0.8,-9.17,3.67
-0.8,-9.17,3.67
-0.8,-9.17,3.67
-1.14,-9.36,3.68
-1.14,-9.36,3.68
-1.35,-9.39,3.51
-1.22,-9.36,3.27
-1.22,-9.36,3.27
-1.07,-9.56,3.18
-0.91,-9.14,2.88
-0.91,-9.14,2.88
-0.91,-9.14,2.88
-0.89,-9.34,2.61
-0.89,-9.34,2.61
-0.89,-9.34,2.61
-1.23,-9.28,2.05
-1.23,-9.28,2.05
-1.23,-9.28,2.05
-1.25,-9.06,2.14
-1.25,-9.06,2.14
-1.25,-9.06,2.14
-1.2,-9.26,2.46
-1.2,-9.26,2.46
-1.2,-9.26,2.46
-1.41,-9.07,2.53
-1.41,-9.07,2.53
-1.41,-9.07,2.53
-1.51,-8.82,2.04
-1.51,-8.82,2.04
-1.52,-8.63,1.93
-1.64,-8.36,1.47
-1.64,-8.36,1.47
-1.64,-8.36,1.47
-1.58,-8.79,1.2
-1.58,-8.79,1.2
-1.58,-8.79,1.2
-1.55,-9.21,1.09
-1.55,-9.21,1.09
-1.55,-9.21,1.09
-1.01,-9.48,1.46
-1.01,-9.48,1.46
-1.29,-9.28,1.53
-2.42,-8.94,1.49
-2.42,-8.94,1.49
-2.42,-8.94,1.49
-2.21,-9.07,1.22
-2.21,-9.07,1.22
-2.21,-9.07,1.22
-1.22,-8.38,1.47
-1.22,-8.38,1.47
-1.22,-8.38,1.47
-1.66,-8.4,1.5
-2.1,-8.93,1.81
-2.1,-8.93,1.81
-1.43,-10.12,2.48
-1.43,-10.12,2.48
-1.43,-10.12,2.48
-1.2,-8.95,1.89
-1.2,-8.95,1.89
-1.2,-8.95,1.89
-1.22,-9.23,1.45
-1.22,-9.23,1.45
-1.22,-9.23,1.45
-1.03,-9.92,1.71
-1.03,-9.92,1.71
-1.03,-9.92,1.71
-1.46,-9.3,1.82
-1.46,-9.3,1.82
-1.52,-9.0,1.71
-2.26,-9.15,1.7
-2.26,-9.15,1.7
-2.26,-9.15,1.7
-2.67,-8.21,1.61
-2.67,-8.21,1.61
-2.67,-8.21,1.61
-2.67,-8.95,1.6
-2.67,-8.95,1.6
-2.67,-8.95,1.6
-2.18,-9.01,1.7
-2.18,-9.01,1.7
-2.18,-9.01,1.7
-2.04,-9.78,1.93
-2.04,-9.78,1.93
-2.04,-9.78,1.93
-2.02,-10.21,2.34
-2.02,-10.21,2.34
-2.02,-10.21,2.34
-2.75,-10.0,1.47
-2.75,-10.0,1.47
-2.75,-10.0,1.47
-2.21,-10.32,1.59
-2.21,-10.32,1.59
-1.72,-11.36,1.89
-1.22,-11.35,1.1
-1.22,-11.35,1.1
-1.22,-11.35,1.1
-1.73,-11.6,0.47
-1.73,-11.6,0.47
-1.73,-11.6,0.47
-1.67,-12.76,1.36
-1.67,-12.76,1.36
-1.67,-12.76,1.36
-1.84,-12.28,1.47
-1.84,-12.28,1.47
-1.7,-11.97,1.48
-1.4,-11.67,1.45
-1.4,-11.67,1.45
-1.4,-11.67,1.45
-0.82,-10.67,1.05
-0.82,-10.67,1.05
-0.82,-10.67,1.05
-0.6,-9.79,0.37
-0.6,-9.79,0.37
-0.35,-10.07,0.3
-0.11,-10.18,-0.12
-0.11,-10.18,-0.12
-0.11,-10.18,-0.12
0.16,-10.25,-0.37
0.16,-10.25,-0.37
0.16,-10.25,-0.37
0.68,-9.94,-0.45
0.68,-9.94,-0.45
0.68,-9.94,-0.45
2.41,-8.63,-4.17
2.41,-8.63,-4.17
2.41,-8.63,-4.17
2.27,-7.94,-3.27
2.27,-7.94,-3.27
2.84,-6.79,-3.89
3.17,-6.44,-3.9
3.17,-6.44,-3.9
3.17,-6.44,-3.9
3.61,-5.35,-3.86
3.61,-5.35,-3.86
3.61,-5.35,-3.86
3.78,-4.32,-3.95
3.78,-4.32,-3.95
3.99,-3.77,-3.74
4.25,-3.27,-3.54
4.25,-3.27,-3.54
4.25,-3.27,-3.54
4.51,-2.48,-3.31
4.51,-2.48,-3.31
4.51,-2.48,-3.31
5.32,-2.66,-3.41
5.32,-2.66,-3.41
5.32,-2.66,-3.41
6.38,-3.35,-2.96
6.38,-3.35,-2.96
6.38,-3.35,-2.96
6.73,-4.36,-2.51
6.73,-4.36,-2.51
6.73,-4.36,-2.51
6.52,-4.36,-2.53
6.52,-4.36,-2.53
6.52,-4.36,-2.53
5.95,-4.38,-1.82
5.95,-4.38,-1.82
5.95,-4.38,-1.82
5.55,-5.55,-1.65
5.55,-5.55,-1.65
5.58,-5.59,-1.83
3.9,-3.54,-1.04
3.9,-3.54,-1.04
3.9,-3.54,-1.04
4.19,-6.54,-0.82
4.19,-6.54,-0.82
4.19,-6.54,-0.82
2.83,-5.31,-0.97
2.83,-5.31,-0.97
2.61,-5.3,-0.06
2.35,-8.73,0.34
2.35,-8.73,0.34
2.35,-8.73,0.34
0.96,-6.38,0.39
0.96,-6.38,0.39
0.96,-6.38,0.39
0.61,-9.27,2.85
0.61,-9.27,2.85
0.61,-9.27,2.85
1.62,-9.06,5.47
1.62,-9.06,5.47
-0.61,-11.39,5.49
-2.14,-12.72,5.14
-2.14,-12.72,5.14
-1.89,-11.55,4.78
-1.22,-11.23,5.88
-1.22,-11.23,5.88
-1.22,-11.23,5.88
-2.52,-13.07,6.8
-2.52,-13.07,6.8
-2.36,-10.14,6.32
-2.36,-10.14,6.32
-2.36,-10.14,6.32
-3.29,-10.42,6.74
-3.29,-10.42,6.74
-3.83,-10.91,6.88
-3.86,-8.12,7.13
-3.86,-8.12,7.13
-3.86,-8.12,7.13
-3.93,-8.27,6.86
-3.93,-8.27,6.86
-3.93,-8.27,6.86
-3.96,-7.95,6.52
-3.96,-7.95,6.52
-3.94,-7.2,6.52
-3.86,-7.27,6.59
-3.86,-7.27,6.59
-3.86,-7.27,6.59
-3.8,-6.6,6.37
-3.8,-6.6,6.37
-3.8,-6.6,6.37
-3.84,-6.6,6.4
-3.84,-6.6,6.4
-3.84,-6.6,6.4
-4.01,-6.86,6.36
-4.01,-6.86,6.36
-4.01,-6.86,6.36
-3.98,-6.24,6.13
-3.98,-6.24,6.13
-3.98,-6.24,6.13
-4.43,-6.82,6.27
-4.43,-6.82,6.27
-4.43,-6.82,6.27
-4.37,-6.82,6.33
-4.37,-6.82,6.33
-4.37,-6.82,6.33
-4.28,-6.34,6.19
-4.28,-6.34,6.19
-4.11,-6.21,6.19
-4.25,-6.23,6.26
-4.25,-6.23,6.26
-4.25,-6.23,6.26
-4.12,-6.34,6.28
-4.12,-6.34,6.28
-4.12,-6.34,6.28
-4.22,-6.01,6.15
-4.22,-6.01,6.15
-4.22,-6.01,6.15
-4.16,-6.15,6.29
-4.16,-6.15,6.29
-4.16,-6.15,6.29
-4.18,-5.97,6.03
-4.18,-5.97,6.03
-4.18,-5.97,6.03
-4.14,-6.19,6.23
-4.14,-6.19,6.23
-4.14,-6.19,6.23
-4.2,-5.79,6.29
-4.2,-5.79,6.29
-4.2,-5.79,6.29
-4.28,-5.71,6.33
-4.28,-5.71,6.33
-4.28,-5.71,6.33
-4.52,-5.89,6.22
-4.52,-5.89,6.22
-4.67,-5.78,6.07
-4.79,-5.89,6.18
-4.79,-5.89,6.18
-4.79,-5.89,6.18
-4.68,-6.3,6.23
-4.68,-6.3,6.23
-4.68,-6.3,6.23
-4.44,-5.86,5.88
-4.44,-5.86,5.88
-4.44,-5.86,5.88
-4.72,-6.07,5.85
-4.72,-6.07,5.85
-4.76,-6.25,5.92
-4.53,-5.61,5.88
-4.53,-5.61,5.88
-4.53,-5.61,5.88
-4.87,-5.75,6.2
-4.87,-5.75,6.2
-4.87,-5.75,6.2
-4.64,-6.22,6.12
-4.64,-6.22,6.12
-4.44,-5.81,5.99
-4.42,-5.58,5.8
-4.42,-5.58,5.8
-4.4,-5.96,5.91
-4.47,-6.71,6.13
-4.47,-6.71,6.13
-4.47,-6.71,6.13
-4.3,-6.31,5.88
-4.3,-6.31,5.88
-4.3,-6.31,5.88
-4.29,-6.72,6.01
-4.29,-6.72,6.01
-4.29,-6.72,6.01
-4.1,-6.28,6.09
-4.1,-6.28,6.09
-4.16,-5.98,6.06
-4.02,-6.1,6.12
-4.02,-6.1,6.12
-4.02,-6.1,6.12
-3.81,-6.1,6.18
-3.81,-6.1,6.18
-3.81,-6.1,6.18
-3.48,-6.3,6.27
-3.48,-6.3,6.27
-3.31,-6.44,6.33
-3.03,-6.36,6.3
-3.03,-6.36,6.3
-3.03,-6.36,6.3
-3.38,-5.45,5.92
-3.38,-5.45,5.92
-3.38,-5.45,5.92
-3.86,-5.31,5.1
-3.86,-5.31,5.1
-3.86,-5.31,5.1
-4.47,-5.5,5.08
-4.47,-5.5,5.08
-4.47,-5.5,5.08
-5.67,-6.23,5.17
-5.67,-6.23,5.17
-5.57,-6.16,4.86
-6.46,-7.09,4.82
-6.46,-7.09,4.82
-5.73,-6.3,5.14
-5.73,-6.3,5.14
-5.73,-6.3,5.14
-6.04,-6.32,5.48
-6.04,-6.32,5.48
-6.04,-6.32,5.48
-7.05,-4.78,4.77
-7.05,-4.78,4.77
-7.41,-4.69,4.78
-7.43,-5.43,5.14
-7.43,-5.43,5.14
-7.43,-5.43,5.14
-6.42,-4.93,4.72
-6.42,-4.93,4.72
-6.42,-4.93,4.72
-5.95,-5.47,5.13
-5.95,-5.47,5.13
-5.95,-5.47,5.13
-5.41,-5.52,5.07
-5.41,-5.52,5.07
-5.41,-5.52,5.07
-5.46,-5.55,5.08
-5.46,-5.55,5.08
-5.46,-5.55,5.08
-6.03,-5.25,5.04
-6.03,-5.25,5.04
-6.03,-5.25,5.04
-5.76,-5.79,5.12
-5.76,-5.79,5.12
-5.76,-5.79,5.12
-5.85,-5.49,5.08
-5.85,-5.49,5.08
-5.85,-5.49,5.08
-5.93,-5.27,5.13
-5.93,-5.27,5.13
-5.93,-5.27,5.13
-5.92,-5.75,5.26
-5.92,-5.75,5.26
-5.92,-5.75,5.26
-6.0,-5.25,5.07
-6.0,-5.25,5.07
-6.0,-5.25,5.07
-5.94,-5.55,5.29
-5.94,-5.55,5.29
-5.94,-5.55,5.29
-5.84,-5.35,5.29
-5.84,-5.35,5.29
-5.84,-5.35,5.29
-5.85,-5.28,5.23
-5.85,-5.28,5.23
-5.85,-5.28,5.23
-6.03,-5.4,5.05
-6.03,-5.4,5.05
-6.01,-5.39,5.06
-6.02,-5.29,5.08
-6.02,-5.29,5.08
-6.02,-5.29,5.08
-5.93,-5.51,5.2
-5.93,-5.51,5.2
-5.93,-5.51,5.2
-6.0,-5.54,5.24
-6.0,-5.54,5.24
-6.0,-5.54,5.24
-5.92,-5.37,5.08
-5.92,-5.37,5.08
-5.92,-5.37,5.08
-6.15,-5.38,5.04
-6.15,-5.38,5.04
-6.15,-5.38,5.04
-5.97,-5.84,5.0
-5.97,-5.84,5.0
-5.97,-5.84,5.0
-6.51,-5.38,4.73
-6.51,-5.38,4.73
-6.51,-5.38,4.73
-6.39,-5.53,5.18
-6.14,-6.15,5.4
-6.14,-6.15,5.4
-6.06,-5.87,5.8
-6.06,-5.87,5.8
-6.06,-5.87,5.8
-5.37,-5.91,5.54
-5.37,-5.91,5.54
-4.69,-6.43,5.82
-4.69,-6.43,5.82
-4.69,-6.43,5.82
-4.11,-6.02,5.91
-4.11,-6.02,5.91
-4.11,-6.02,5.91
-4.28,-5.58,5.7
-4.28,-5.58,5.7
-4.28,-5.58,5.7
-4.77,-5.49,5.21
-4.77,-5.49,5.21
-4.77,-5.49,5.21
-4.01,-5.77,5.83
-4.01,-5.77,5.83
-4.01,-5.77,5.83
-4.22,-6.58,6.26
-4.22,-6.58,6.26
-4.22,-6.58,6.26
-3.32,-6.02,6.42
-3.32,-6.02,6.42
-3.32,-6.02,6.42
-3.29,-5.62,6.52
-3.29,-5.62,6.52
-3.29,-5.62,6.52
-3.2,-6.4,6.54
-3.2,-6.4,6.54
-3.2,-6.4,6.54
-2.92,-5.51,6.45
-2.92,-5.51,6.45
-2.92,-5.51,6.45
-3.03,-6.26,7.0
-3.03,-6.26,7.0
-3.03,-6.26,7.0
-3.42,-5.93,6.62
-3.42,-5.93,6.62
-3.42,-5.93,6.62
-3.55,-6.15,6.66
-3.55,-6.15,6.66
-3.55,-6.15,6.66
-3.35,-6.53,7.08
-3.35,-6.53,7.08
-3.35,-6.53,7.08
-3.11,-6.36,6.68
-3.11,-6.36,6.68
-3.11,-6.36,6.68
-3.21,-6.22,6.52
-3.21,-6.22,6.52
-3.21,-6.22,6.52
-3.06,-6.38,6.69
-3.06,-6.38,6.69
-3.06,-6.38,6.69
-3.38,-6.66,6.67
-3.38,-6.66,6.67
-3.38,-6.66,6.67
-3.18,-6.12,6.51
-3.18,-6.12,6.51
-3.18,-6.12,6.51
-3.23,-6.64,6.69
-3.23,-6.64,6.69
-3.23,-6.64,6.69
-3.39,-6.18,6.45
-3.39,-6.18,6.45
-3.39,-6.18,6.45
-3.28,-5.94,6.46
-3.51,-6.54,6.59
-3.51,-6.54,6.59
-3.38,-6.19,6.42
-3.38,-6.19,6.42
-3.38,-6.19,6.42
-3.25,-5.86,6.53
-3.25,-5.86,6.53
-3.25,-5.86,6.53
-3.41,-6.18,6.45
-3.41,-6.18,6.45
-3.31,-6.12,6.53
-3.25,-6.38,6.67
-3.25,-6.38,6.67
-3.25,-6.38,6.67
-3.45,-6.45,6.67
-3.45,-6.45,6.67
-3.45,-6.45,6.67
-3.42,-6.24,6.81
-3.42,-6.24,6.81
-3.42,-6.24,6.81
-3.53,-6.27,6.71
-3.53,-6.27,6.71
-3.53,-6.27,6.71
-3.42,-6.15,6.53
-3.42,-6.15,6.53
-3.32,-6.01,6.52
-3.52,-6.15,6.59
-3.52,-6.15,6.59
-3.56,-6.34,6.61
-3.56,-6.34,6.61
-3.56,-6.34,6.61
-3.61,-6.1,6.63
-3.61,-6.1,6.63
-3.61,-6.1,6.63
-3.51,-6.3,6.76
-3.51,-6.3,6.76
-3.46,-6.23,6.7
-3.39,-6.56,6.93
-3.39,-6.56,6.93
-3.39,-6.56,6.93
-3.41,-6.25,6.63
-3.41,-6.25,6.63
-3.41,-6.25,6.63
-3.35,-6.66,6.78
-3.35,-6.66,6.78
-3.35,-6.66,6.78
-3.28,-6.7,6.57
-3.28,-6.7,6.57
-3.23,-6.5,6.22
-3.41,-6.81,6.29
-3.41,-6.81,6.29
-3.41,-6.81,6.29
-3.5,-6.29,6.27
-3.5,-6.29,6.27
-3.5,-6.29,6.27
-3.7,-6.31,6.34
-3.7,-6.31,6.34
-3.7,-6.31,6.34
-3.83,-6.03,5.91
-3.83,-6.03,5.91
-3.91,-5.98,5.89
-3.64,-6.22,6.05
-3.64,-6.22,6.05
-3.64,-6.22,6.05
-3.17,-6.85,6.52
-3.17,-6.85,6.52
-3.17,-6.85,6.52
-2.89,-7.16,6.51
-2.89,-7.16,6.51
-2.79,-7.1,6.44
-2.64,-7.13,6.25
-2.8,-6.99,5.87
-2.8,-6.99,5.87
-2.46,-6.14,5.99
-2.46,-6.14,5.99
-2.46,-6.14,5.99
-2.54,-6.81,6.46
-2.54,-6.81,6.46
-2.54,-6.81,6.46
-2.55,-6.34,6.79
-2.55,-6.34,6.79
-2.72,-6.28,6.65
-2.97,-6.03,6.77
-2.97,-6.03,6.77
-3.03,-6.8,6.61
-3.03,-6.8,6.61
-3.03,-6.8,6.61
-2.9,-5.98,6.39
-2.9,-5.98,6.39
-2.9,-5.98,6.39
-3.2,-6.68,6.81
-3.2,-6.68,6.81
-3.2,-6.68,6.81
-3.27,-6.92,6.92
-3.27,-6.92,6.92
-3.24,-6.88,6.84
-3.29,-6.54,6.43
-3.29,-6.54,6.43
-3.29,-6.54,6.43
-3.49,-6.57,6.27
-3.49,-6.57,6.27
-3.49,-6.57,6.27
-3.82,-6.36,6.26
-3.82,-6.36,6.26
-3.71,-6.39,6.41
-3.71,-6.39,6.41
-3.71,-6.39,6.41
-3.76,-6.44,6.28
-3.76,-6.44,6.28
-3.76,-6.44,6.28
-3.79,-6.59,6.17
-3.79,-6.59,6.17
-3.79,-6.59,6.17
-3.71,-6.47,5.89
-3.71,-6.47,5.89
-3.83,-6.5,5.92
-3.97,-6.39,5.77
-3.97,-6.39,5.77
-3.97,-6.39,5.77
-3.91,-6.24,5.42
-3.91,-6.24,5.42
-3.91,-6.24,5.42
-3.8,-6.43,5.78
-3.8,-6.43,5.78
-3.8,-6.43,5.78
-3.88,-6.65,6.02
-3.88,-6.65,6.02
-3.88,-6.65,6.02
-3.73,-6.68,6.08
-3.73,-6.68,6.08
-3.73,-6.68,6.08
-3.85,-6.66,6.1
-3.85,-6.66,6.1
-3.85,-6.66,6.1
-3.92,-6.77,6.08
-3.92,-6.77,6.08
-3.92,-6.77,6.08
-3.64,-7.11,5.71
-3.71,-6.88,5.57
-3.71,-6.88,5.57
-3.84,-6.92,5.86
-3.84,-6.92,5.86
-3.84,-6.92,5.86
-3.81,-6.99,5.92
-3.81,-6.99,5.92
-3.81,-6.99,5.92
-3.46,-6.12,5.84
-3.46,-6.12,5.84
-3.46,-6.12,5.84
-3.49,-6.77,5.89
-3.42,-6.46,5.78
-3.42,-6.46,5.78
-3.28,-5.95,5.61
-3.28,-5.95,5.61
-3.28,-5.95,5.61
-3.47,-6.85,5.96
-3.47,-6.85,5.96
-3.47,-6.85,5.96
-3.5,-6.9,6.07
-3.5,-6.9,6.07
-3.5,-6.9,6.07
-3.51,-7.03,6.0
-3.62,-7.02,6.01
-3.62,-7.02,6.01
-3.79,-6.8,5.88
-3.79,-6.8,5.88
-3.79,-6.8,5.88
-3.74,-6.65,5.89
-3.74,-6.65,5.89
-3.91,-6.61,6.0
-3.91,-6.61,6.0
-3.91,-6.61,6.0
-3.68,-6.51,5.93
-3.68,-6.51,5.93
-3.68,-6.51,5.93
-3.67,-6.71,6.31
-3.67,-6.71,6.31
-3.67,-6.71,6.31
-3.45,-6.37,6.1
-3.45,-6.37,6.1
-3.45,-6.37,6.1
-3.54,-6.65,6.15
-3.54,-6.65,6.15
-3.54,-6.65,6.15
-3.73,-6.53,6.03
-3.73,-6.53,6.03
-3.73,-6.53,6.03
-3.63,-6.76,6.05
-3.63,-6.76,6.05
-3.63,-6.76,6.05
-3.61,-6.68,6.04
-3.61,-6.68,6.04
-3.61,-6.68,6.04
-3.74,-6.51,6.13
-3.74,-6.51,6.13
-3.74,-6.51,6.13
-3.67,-6.55,6.18
-3.67,-6.55,6.18
-3.49,-6.62,6.11
-3.53,-6.8,6.16
-3.53,-6.8,6.16
-3.53,-6.8,6.16
-3.62,-6.6,6.18
-3.62,-6.6,6.18
-3.62,-6.6,6.18
-3.62,-6.8,6.14
-3.62,-6.8,6.14
-3.62,-6.8,6.14
-3.69,-6.61,6.12
-3.69,-6.61,6.12
-3.63,-6.66,6.15
-3.53,-6.61,6.1
-3.53,-6.61,6.1
-3.53,-6.61,6.1
-3.42,-6.62,6.15
-3.42,-6.62,6.15
-3.42,-6.62,6.15
-3.41,-6.41,6.0
-3.41,-6.41,6.0
-3.41,-6.41,6.0
-3.41,-6.55,6.02
-3.41,-6.55,6.02
-3.37,-6.61,6.0
-3.37,-6.76,6.08
-3.47,-6.69,5.98
-3.47,-6.69,5.98
-3.31,-6.53,6.06
-3.31,-6.53,6.06
-3.31,-6.53,6.06
-3.28,-6.86,6.34
-3.28,-6.86,6.34
-3.28,-6.86,6.34
-3.3,-6.91,6.38
-3.3,-6.91,6.38
-3.25,-6.59,6.19
-3.26,-6.31,6.17
-3.26,-6.31,6.17
-3.26,-6.31,6.17
-3.01,-7.02,6.54
-3.01,-7.02,6.54
-3.01,-7.02,6.54
-3.16,-6.0,6.23
-3.16,-6.0,6.23
-3.16,-6.0,6.23
-3.41,-6.68,6.51
-3.41,-6.68,6.51
-3.41,-6.68,6.51
-3.24,-5.76,6.31
-3.24,-5.76,6.31
-3.24,-5.76,6.31
-3.15,-6.79,6.6
-3.15,-6.79,6.6
-3.15,-6.79,6.6
-2.86,-6.26,6.71
-2.86,-6.26,6.71
-2.86,-6.26,6.71
-2.65,-6.04,6.75
-2.65,-6.04,6.75
-2.65,-6.04,6.75
-2.55,-6.15,6.97
-2.55,-6.15,6.97
-2.55,-6.15,6.97
-2.56,-6.3,7.26
-2.56,-6.3,7.26
-2.56,-6.3,7.26
-2.78,-6.39,7.82
-2.78,-6.39,7.82
-2.78,-6.39,7.82
-2.49,-6.29,7.72
-2.49,-6.29,7.72
-2.49,-5.53,7.44
-2.24,-6.1,7.97
-2.24,-6.1,7.97
-2.89,-5.93,8.22
-2.89,-5.93,8.22
-2.89,-5.93,8.22
-3.49,-6.01,8.53
-3.49,-6.01,8.53
-3.49,-6.01,8.53
-3.43,-5.74,7.84
-3.69,-5.43,7.21
-3.69,-5.43,7.21
-3.23,-5.49,6.67
-3.23,-5.49,6.67
-3.23,-5.49,6.67
-3.43,-5.68,6.62
-3.43,-5.68,6.62
-2.92,-5.98,6.37
-2.92,-5.98,6.37
-2.92,-5.98,6.37
-3.71,-5.88,6.03
-3.68,-5.78,5.79
-3.68,-5.78,5.79
-3.63,-5.93,5.66
-3.63,-5.93,5.66
-3.63,-5.93,5.66
-4.18,-5.58,5.51
-4.18,-5.58,5.51
-4.18,-5.58,5.51
-4.02,-6.01,6.58
-4.02,-6.01,6.58
-4.14,-6.32,7.15
-4.0,-6.09,7.32
-3.67,-5.52,7.26
-3.67,-5.52,7.26
-3.21,-5.34,7.34
-3.21,-5.34,7.34
-3.21,-5.34,7.34
-3.51,-5.73,7.72
-3.51,-5.73,7.72
-3.51,-5.73,7.72
-3.31,-4.98,7.35
-3.31,-4.98,7.35
-3.31,-4.98,7.35
-3.31,-5.47,7.67
-3.31,-5.47,7.67
-3.31,-5.47,7.67
-3.54,-5.44,7.54
-3.54,-5.44,7.54
-3.54,-5.44,7.54
-3.31,-5.42,7.11
-3.31,-5.42,7.11
-3.31,-5.42,7.11
-2.98,-6.16,7.17
-2.98,-6.16,7.17
-2.98,-6.16,7.17
-3.31,-6.46,7.21
-3.31,-6.46,7.21
-3.31,-6.46,7.21
-3.49,-6.05,6.89
-3.49,-6.05,6.89
-3.33,-5.63,6.57
-3.33,-5.63,6.57
-3.33,-5.63,6.57
-3.4,-5.75,6.82
-3.4,-5.75,6.82
-3.46,-5.8,7.08
-3.66,-6.16,7.24
-3.66,-6.16,7.24
-3.66,-6.16,7.24
-3.53,-5.97,7.0
-3.53,-5.97,7.0
-3.53,-5.97,7.0
-3.01,-5.95,6.93
-3.01,-5.95,6.93
-3.01,-5.95,6.93
-2.9,-5.67,6.8
-2.9,-5.67,6.8
-2.9,-5.67,6.8
-3.4,-5.8,7.3
-3.4,-5.8,7.3
-3.4,-5.8,7.3
-3.63,-5.67,7.16
-3.63,-5.67,7.16
-3.63,-5.67,7.16
-3.41,-5.51,7.21
-3.41,-5.51,7.21
-3.41,-5.51,7.21
-3.51,-5.67,7.33
-3.63,-5.5,7.16
-3.63,-5.5,7.16
-3.49,-5.06,6.93
-3.49,-5.06,6.93
-3.49,-5.06,6.93
-3.27,-5.54,7.08
-3.27,-5.54,7.08
-3.27,-5.54,7.08
-3.19,-5.73,7.21
-3.19,-5.73,7.21
-3.19,-5.73,7.21
-3.33,-6.09,7.13
-3.33,-6.09,7.13
-3.33,-6.09,7.13
-3.49,-6.08,7.13
-3.49,-6.08,7.13
-3.49,-6.08,7.13
-3.41,-5.98,7.36
-3.41,-5.98,7.36
-3.41,-5.98,7.36
-3.4,-5.68,7.48
-3.4,-5.68,7.48
-3.4,-5.68,7.48
-3.44,-5.32,7.36
-3.42,-5.2,7.28
-3.42,-5.2,7.28
-3.37,-5.45,7.2
-3.37,-5.45,7.2
-3.37,-5.45,7.2
-3.27,-5.66,7.23
-3.27,-5.66,7.23
-3.27,-5.66,7.23
-3.22,-5.79,7.19
-3.22,-5.79,7.19
-3.22,-5.79,7.19
-3.37,-5.84,7.13
-3.37,-5.84,7.13
-3.39,-5.84,7.05
-3.54,-6.05,7.15
-3.54,-6.05,7.15
-3.54,-6.05,7.15
-3.47,-5.65,7.14
-3.47,-5.65,7.14
-3.47,-5.65,7.14
-3.33,-5.75,7.37
-3.33,-5.75,7.37
-3.33,-5.75,7.37
-3.21,-5.56,7.25
-3.21,-5.56,7.25
-3.24,-5.54,7.22
-3.39,-5.71,7.2
-3.39,-5.71,7.2
-3.39,-5.71,7.2
-3.4,-5.54,7.07
-3.4,-5.54,7.07
-3.4,-5.54,7.07
-3.54,-5.71,7.13
-3.54,-5.71,7.13
-3.54,-5.71,7.13
-3.44,-5.66,7.09
-3.44,-5.66,7.09
-3.47,-5.63,7.03
-3.39,-5.72,7.07
-3.35,-5.86,7.13
-3.35,-5.86,7.13
-3.32,-5.98,7.17
-3.32,-5.98,7.17
-3.32,-5.98,7.17
-3.29,-5.89,7.15
-3.29,-5.89,7.15
-3.29,-5.89,7.15
-3.27,-5.66,7.12
-3.27,-5.66,7.12
-3.27,-5.66,7.12
-3.36,-5.8,7.12
-3.36,-5.8,7.12
-3.36,-5.8,7.12
-3.31,-5.68,7.03
-3.31,-5.68,7.03
-3.31,-5.68,7.03
-3.33,-5.89,7.14
-3.33,-5.89,7.14
-3.38,-5.85,7.1
-3.38,-5.85,7.1
-3.42,-5.86,7.05
-3.37,-5.97,7.11
-3.37,-5.97,7.11
-3.37,-5.97,7.11
-3.41,-6.01,7.12
-3.41,-6.01,7.12
-3.41,-6.01,7.12
-3.49,-5.81,7.12
-3.49,-5.81,7.12
-3.49,-5.81,7.12
-3.63,-5.65,7.23
-3.63,-5.65,7.23
-3.63,-5.68,7.23
-3.56,-5.64,6.98
-3.56,-5.64,6.98
-3.56,-5.64,6.98
-3.53,-5.25,6.66
-3.53,-5.25,6.66
-3.53,-5.25,6.66
-3.49,-5.19,6.73
-3.49,-5.19,6.73
-3.49,-5.19,6.73
-3.43,-5.55,6.92
-3.43,-5.55,6.92
-3.38,-5.55,6.85
-3.45,-5.46,6.87
-3.45,-5.46,6.87
-3.45,-5.46,6.87
-3.51,-5.55,7.01
-3.51,-5.55,7.01
-3.51,-5.55,7.01
-3.42,-5.81,7.12
-3.42,-5.81,7.12
-3.42,-5.81,7.12
-3.33,-5.48,7.0
-3.35,-5.71,7.17
-3.35,-5.71,7.17
-3.35,-6.12,7.47
-3.35,-6.12,7.47
-3.35,-6.12,7.47
-3.15,-5.79,7.37
-3.15,-5.79,7.37
-3.15,-5.79,7.37
-3.08,-5.33,7.31
-3.08,-5.33,7.31
-3.31,-5.63,7.55
-3.3,-5.69,7.65
-3.3,-5.69,7.65
-3.27,-5.89,7.74
-3.27,-5.89,7.74
-3.27,-5.89,7.74
-3.17,-6.34,7.72
-3.17,-6.34,7.72
-3.17,-6.34,7.72
-3.17,-6.22,7.47
-3.17,-6.22,7.47
-3.17,-6.22,7.47
-3.21,-6.09,7.34
-3.21,-6.09,7.34
-3.25,-5.83,7.12
-3.4,-5.83,6.7
-3.4,-5.83,6.7
-3.4,-5.83,6.7
-3.29,-6.15,6.78
-3.29,-6.15,6.78
-3.29,-6.15,6.78
-3.46,-5.91,6.57
-3.46,-5.91,6.57
-3.46,-5.91,6.57
-3.38,-6.09,6.49
-3.33,-6.17,6.48
-3.33,-6.17,6.48
-3.38,-5.56,6.5
-3.38,-5.56,6.5
-3.38,-5.56,6.5
-3.75,-5.67,7.02
-3.75,-5.67,7.02
-3.75,-5.67,7.02
-3.64,-5.17,6.8
-3.64,-5.17,6.8
-3.64,-5.17,6.8
-3.82,-5.81,6.73
-3.65,-5.89,6.63
-3.65,-5.89,6.63
-3.48,-6.32,6.86
-3.48,-6.32,6.86
-3.48,-6.32,6.86
-3.43,-6.4,7.22
-3.43,-6.4,7.22
-3.43,-6.4,7.22
-3.44,-6.15,7.08
-3.44,-6.15,7.08
-3.42,-5.9,6.89
-3.42,-5.73,6.72
-3.55,-5.7,6.66
-3.55,-5.7,6.66
-3.4,-5.96,6.77
-3.4,-5.96,6.77
-3.4,-5.96,6.77
-3.44,-5.87,6.83
-3.44,-5.87,6.83
-3.44,-5.87,6.83
-3.77,-6.23,7.1
-3.77,-6.23,7.1
-3.77,-6.23,7.1
-3.63,-5.84,6.68
-3.63,-5.84,6.68
-3.63,-5.84,6.68
-3.37,-5.85,6.63
-3.37,-5.85,6.63
-3.37,-5.85,6.63
-3.35,-6.1,6.85
-3.35,-6.1,6.85
-3.35,-6.1,6.85
-3.51,-5.96,6.88
-3.51,-5.96,6.88
-3.51,-5.96,6.88
-3.58,-5.91,6.81
-3.58,-5.91,6.81
-3.58,-5.91,6.81
-3.53,-6.0,6.84
-3.53,-6.0,6.84
-3.53,-6.0,6.84
-3.76,-5.58,6.67
-3.76,-5.58,6.67
-3.76,-5.58,6.67
-3.81,-5.81,6.76
-3.81,-5.81,6.76
-3.81,-5.81,6.76
-3.6,-6.19,6.93
-3.63,-5.95,6.83
-3.63,-5.95,6.83
-3.89,-5.92,6.85
-3.89,-5.92,6.85
-3.89,-5.92,6.85
-3.7,-5.91,6.87
-3.7,-5.91,6.87
-3.7,-5.91,6.87
-3.78,-6.01,7.14
-3.59,-6.12,6.94
-3.59,-6.12,6.94
-3.59,-6.12,6.94
-3.64,-6.2,6.71
-3.64,-6.2,6.71
-3.64,-6.2,6.71
-3.51,-6.18,6.7
-3.51,-6.18,6.7
-3.51,-6.18,6.7
-3.84,-6.3,6.72
-3.84,-6.3,6.72
-3.84,-6.3,6.72
-3.57,-6.52,6.98
-3.57,-6.52,6.98
-3.74,-6.18,6.91
-3.36,-6.17,6.65
-3.36,-6.17,6.65
-3.36,-6.17,6.65
-3.35,-5.96,6.64
-3.35,-5.96,6.64
-3.35,-5.96,6.64
-3.38,-5.64,6.55
-3.38,-5.64,6.55
-3.38,-5.64,6.55
-3.47,-6.26,6.63
-3.19,-6.05,6.3
-2.85,-6.36,6.47
-2.85,-6.36,6.47
-2.85,-6.36,6.47
-2.53,-7.77,7.26
-2.53,-7.77,7.26
-2.53,-7.77,7.26
-2.85,-6.39,6.85
-2.85,-6.39,6.85
-2.85,-6.39,6.85
-2.95,-6.95,7.13
-2.68,-7.53,7.15
-2.68,-7.53,7.15
-2.95,-6.68,6.67
-2.95,-6.68,6.67
-2.95,-6.68,6.67
-2.37,-6.8,6.63
-2.37,-6.8,6.63
-2.37,-6.8,6.63
-2.45,-7.46,6.91
-2.45,-7.46,6.91
-2.23,-7.3,6.86
-2.78,-7.05,6.48
-2.78,-7.05,6.48
-2.78,-7.05,6.48
-2.74,-7.2,6.51
-2.74,-7.2,6.51
-2.74,-7.2,6.51
-2.2,-7.19,6.61
-2.2,-7.19,6.61
-2.2,-7.19,6.61
-1.13,-7.6,6.38
-1.1,-7.27,6.62
-1.1,-7.27,6.62
-1.56,-6.81,6.23
-1.56,-6.81,6.23
-1.56,-6.81,6.23
-1.94,-7.77,5.81
-1.94,-7.77,5.81
-1.94,-7.77,5.81
-2.15,-8.72,5.88
-2.15,-8.72,5.88
-1.61,-9.16,5.55
-1.61,-9.16,5.55
-1.83,-9.14,5.73
-1.93,-8.68,5.6
-1.65,-8.23,5.23
-1.65,-8.23,5.23
-1.76,-8.98,5.48
-1.76,-8.98,5.48
-1.76,-8.98,5.48
-1.55,-8.39,5.2
-1.55,-8.39,5.2
-1.55,-8.39,5.2
-1.63,-8.61,4.9
-1.63,-8.61,4.9
-1.44,-8.96,5.02
-1.12,-8.37,4.66
-1.12,-8.37,4.66
-1.12,-8.37,4.66
-1.01,-8.99,4.39
-1.01,-8.99,4.39
-1.01,-8.99,4.39
-1.28,-9.43,4.05
-1.28,-9.43,4.05
-1.28,-9.43,4.05
-1.29,-9.44,3.49
-1.29,-9.44,3.49
-1.25,-9.72,3.26
-1.24,-9.35,2.72
-1.24,-9.35,2.72
-1.24,-9.35,2.72
-1.12,-9.77,2.23
-1.12,-9.77,2.23
-1.12,-9.77,2.23
-1.46,-9.88,1.93
-1.46,-9.88,1.93
-1.46,-9.88,1.93
-1.23,-9.58,1.13
-1.23,-9.58,1.13
-1.24,-9.75,1.03
-0.74,-9.65,1.17
-0.74,-9.65,1.17
-0.74,-9.65,1.17
0.19,-9.78,0.7
0.19,-9.78,0.7
0.19,-9.78,0.7
0.56,-10.28,0.03
0.56,-10.28,0.03
0.56,-10.28,0.03
1.09,-9.56,0.34
1.32,-8.72,-0.02
1.32,-8.72,-0.02
-0.13,-7.67,-0.12
-0.13,-7.67,-0.12
-0.13,-7.67,-0.12
0.57,-8.15,-3.36
0.57,-8.15,-3.36
0.57,-8.15,-3.36
2.67,-8.11,-2.37
2.67,-8.11,-2.37
2.67,-8.11,-2.37
0.93,-9.03,-2.53
1.35,-9.17,-2.98
1.35,-9.17,-2.98
1.69,-8.41,-3.26
1.69,-8.41,-3.26
1.69,-8.41,-3.26
1.83,-8.83,-3.3
1.83,-8.83,-3.3
1.83,-8.83,-3.3
1.95,-8.03,-3.71
1.95,-8.03,-3.71
1.95,-8.03,-3.71
2.0,-8.45,-3.62
1.9,-7.68,-3.95
1.9,-7.68,-3.95
1.93,-7.49,-4.42
2.08,-7.81,-4.55
2.08,-7.81,-4.55
2.22,-8.2,-4.21
2.22,-8.2,-4.21
2.22,-8.2,-4.21
2.17,-7.59,-4.72
2.17,-7.59,-4.72
2.17,-7.59,-4.72
2.3,-8.09,-4.33
2.3,-8.09,-4.33
2.75,-7.08,-5.33
2.75,-7.08,-5.33
2.75,-7.08,-5.33
3.07,-6.54,-5.09
3.07,-6.54,-5.09
3.07,-6.54,-5.09
3.4,-6.27,-4.69
3.4,-6.27,-4.69
3.4,-6.27,-4.69
3.32,-6.52,-5.13
3.32,-5.85,-5.3
3.32,-5.85,-5.3
3.38,-6.21,-5.13
3.38,-6.21,-5.13
3.38,-6.21,-5.13
2.74,-5.61,-5.59
2.74,-5.61,-5.59
2.74,-5.61,-5.59
3.25,-6.48,-5.9
3.25,-6.48,-5.9
3.25,-6.48,-5.9
3.49,-6.29,-5.82
3.49,-6.29,-5.82
3.49,-6.29,-5.82
3.62,-6.0,-5.98
3.62,-6.0,-5.98
3.62,-6.0,-5.98
3.34,-6.51,-6.21
3.34,-6.51,-6.21
3.34,-6.51,-6.21
3.27,-6.34,-6.27
3.27,-6.34,-6.27
3.27,-6.34,-6.27
2.95,-5.6,-6.65
2.95,-5.6,-6.65
2.95,-5.6,-6.65
3.28,-6.76,-6.35
3.28,-6.76,-6.35
3.28,-6.76,-6.35
2.96,-6.2,-6.34
2.96,-6.2,-6.34
3.22,-6.96,-6.39
3.22,-6.96,-6.39
3.22,-6.96,-6.39
3.09,-6.62,-6.22
3.09,-6.62,-6.22
3.09,-6.62,-6.22
2.65,-6.38,-6.46
2.65,-6.38,-6.46
2.65,-6.38,-6.46
2.74,-6.77,-6.31
2.74,-6.77,-6.31
2.74,-6.77,-6.31
2.75,-6.01,-6.48
2.75,-6.01,-6.48
2.75,-6.01,-6.48
2.93,-6.4,-6.31
2.93,-6.4,-6.31
3.09,-6.47,-6.23
3.0,-5.97,-6.42
3.0,-5.97,-6.42
3.0,-5.97,-6.42
2.97,-6.88,-6.53
2.97,-6.88,-6.53
2.97,-6.88,-6.53
2.7,-6.32,-6.51
2.7,-6.32,-6.51
2.48,-6.51,-6.38
2.75,-6.71,-6.29
2.75,-6.71,-6.29
2.66,-6.51,-6.36
2.55,-6.34,-6.62
2.55,-6.34,-6.62
2.55,-6.34,-6.62
2.39,-6.57,-6.33
2.39,-6.57,-6.33
2.39,-6.57,-6.33
2.5,-6.66,-6.66
2.5,-6.66,-6.66
2.5,-6.66,-6.66
2.54,-6.52,-6.43
2.54,-6.52,-6.43
2.54,-6.52,-6.43
2.58,-6.42,-6.64
2.58,-6.42,-6.64
2.58,-6.42,-6.64
2.61,-6.86,-6.35
2.61,-6.86,-6.35
2.61,-6.86,-6.35
2.49,-6.26,-6.75
2.49,-6.26,-6.75
2.49,-6.26,-6.75
2.48,-6.56,-6.45
2.48,-6.56,-6.45
2.49,-6.44,-6.49
2.59,-6.47,-6.41
2.59,-6.47,-6.41
2.59,-6.47,-6.41
2.25,-6.23,-6.59
2.25,-6.23,-6.59
2.25,-6.23,-6.59
2.5,-6.79,-6.18
2.5,-6.79,-6.18
2.5,-6.79,-6.18
2.24,-6.21,-6.73
2.24,-6.21,-6.73
2.34,-6.63,-6.6
2.19,-6.26,-6.61
2.19,-6.26,-6.61
2.19,-6.26,-6.61
2.31,-6.57,-6.6
2.31,-6.57,-6.6
2.31,-6.57,-6.6
2.29,-6.83,-6.49
2.29,-6.83,-6.49
2.29,-6.83,-6.49
2.24,-6.76,-6.34
2.11,-6.68,-6.49
2.11,-6.68,-6.49
2.2,-6.78,-6.5
2.2,-6.78,-6.5
2.2,-6.78,-6.5
2.3,-6.63,-6.4
2.3,-6.63,-6.4
2.3,-6.63,-6.4
2.16,-6.59,-6.49
2.16,-6.59,-6.49
2.1,-6.19,-6.44
2.16,-6.76,-6.36
2.25,-7.03,-6.51
2.25,-7.03,-6.51
2.13,-6.68,-6.5
2.13,-6.68,-6.5
2.13,-6.68,-6.5
2.12,-6.3,-6.47
2.12,-6.3,-6.47
2.12,-6.3,-6.47
2.01,-6.49,-6.55
2.01,-6.49,-6.55
1.98,-6.4,-6.5
1.93,-6.63,-6.57
1.96,-6.59,-6.53
1.96,-6.59,-6.53
2.11,-6.75,-6.58
2.11,-6.75,-6.58
2.11,-6.75,-6.58
2.02,-6.36,-6.57
2.02,-6.36,-6.57
2.02,-6.36,-6.57
2.18,-6.83,-6.42
2.08,-6.78,-6.42
2.08,-6.78,-6.42
1.77,-6.61,-6.66
1.77,-6.61,-6.66
1.77,-6.61,-6.66
1.96,-6.3,-6.57
1.96,-6.3,-6.57
1.96,-6.3,-6.57
1.95,-6.52,-6.68
1.95,-6.52,-6.68
1.95,-6.52,-6.68
1.74,-6.42,-6.55
1.78,-7.07,-6.42
1.78,-7.07,-6.42
1.95,-6.43,-6.58
1.95,-6.43,-6.58
1.95,-6.43,-6.58
2.06,-6.89,-6.47
2.06,-6.89,-6.47
2.06,-6.89,-6.47
1.97,-6.33,-6.57
1.97,-6.33,-6.57
1.97,-6.33,-6.57
1.91,-6.57,-6.38
1.92,-6.48,-6.55
1.99,-6.71,-6.4
1.99,-6.71,-6.4
1.99,-6.71,-6.4
2.09,-6.68,-6.54
2.09,-6.68,-6.54
2.09,-6.68,-6.54
1.78,-6.66,-6.55
1.78,-6.66,-6.55
1.78,-6.66,-6.55
1.67,-6.38,-6.6
1.95,-6.27,-6.6
1.95,-6.27,-6.6
2.03,-6.44,-6.66
2.03,-6.44,-6.66
2.03,-6.44,-6.66
2.18,-6.28,-6.47
2.18,-6.28,-6.47
2.18,-6.28,-6.47
1.91,-6.74,-6.45
1.91,-6.74,-6.45
1.91,-6.74,-6.45
1.93,-6.97,-6.31
1.79,-7.06,-6.35
1.79,-7.06,-6.35
1.74,-6.14,-6.69
1.74,-6.14,-6.69
1.74,-6.14,-6.69
2.2,-6.3,-6.5
2.2,-6.3,-6.5
2.2,-6.3,-6.5
1.7,-6.13,-6.52
1.7,-6.13,-6.52
1.7,-6.13,-6.52
2.04,-6.62,-6.24
2.04,-6.62,-6.24
2.03,-6.83,-6.68
2.03,-6.83,-6.68
2.03,-6.83,-6.68
2.02,-6.45,-6.23
2.02,-6.45,-6.23
2.02,-6.45,-6.23
2.21,-6.25,-5.97
2.21,-6.25,-5.97
2.21,-6.25,-5.97
1.51,-7.02,-6.57
1.51,-7.02,-6.57
1.51,-7.02,-6.57
1.95,-6.95,-6.63
1.95,-6.95,-6.63
1.95,-6.95,-6.63
1.39,-7.12,-6.41
1.39,-7.12,-6.41
1.39,-7.12,-6.41
1.7,-6.59,-5.62
1.7,-6.59,-5.62
1.7,-6.59,-5.62
1.9,-7.25,-6.21
1.9,-7.25,-6.21
1.57,-6.8,-6.58
1.37,-6.86,-6.21
1.37,-6.86,-6.21
1.37,-6.86,-6.21
1.93,-7.5,-6.03
1.93,-7.5,-6.03
1.93,-7.5,-6.03
1.5,-6.62,-5.69
1.72,-7.35,-5.88
1.72,-7.35,-5.88
1.59,-6.66,-5.72
1.16,-6.84,-5.95
2.53,-7.64,-5.26
2.53,-7.64,-5.26
2.53,-7.64,-5.26
1.94,-7.46,-5.5
1.94,-7.46,-5.5
1.94,-7.46,-5.5
1.78,-7.55,-5.35
1.78,-7.55,-5.35
0.84,-6.9,-5.73
1.31,-7.83,-5.54
1.31,-7.83,-5.54
1.31,-7.83,-5.54
1.86,-7.75,-5.49
1.86,-7.75,-5.49
1.86,-7.75,-5.49
2.71,-7.92,-5.31
2.71,-7.92,-5.31
2.71,-7.92,-5.31
1.7,-7.29,-5.39
1.7,-7.29,-5.39
1.7,-7.29,-5.39
1.63,-8.04,-5.63
1.63,-8.04,-5.63
1.63,-8.04,-5.63
2.61,-9.49,-4.94
2.61,-9.49,-4.94
2.61,-9.49,-4.94
0.99,-7.51,-4.96
0.99,-7.51,-4.96
0.99,-7.51,-4.96
1.68,-7.93,-5.26
2.65,-8.48,-5.31
2.65,-8.48,-5.31
2.65,-8.48,-5.31
1.38,-7.9,-5.5
1.38,-7.9,-5.5
1.38,-7.9,-5.5
1.98,-7.5,-4.89
1.98,-7.5,-4.89
1.98,-7.5,-4.89
1.2,-6.63,-5.89
1.27,-7.61,-5.58
1.27,-7.61,-5.58
0.92,-7.86,-5.34
0.92,-7.86,-5.34
0.92,-7.86,-5.34
1.33,-8.48,-5.31
1.33,-8.48,-5.31
1.33,-8.48,-5.31
1.72,-7.83,-5.96
1.72,-7.83,-5.96
1.47,-8.81,-5.21
1.74,-7.47,-4.4
1.74,-7.47,-4.4
1.78,-6.36,-5.18
1.07,-8.59,-5.75
1.07,-8.59,-5.75
1.07,-8.59,-5.75
1.15,-8.4,-5.92
1.15,-8.4,-5.92
1.15,-8.4,-5.92
1.16,-8.65,-5.49
1.16,-8.65,-5.49
1.16,-8.65,-5.49
0.03,-7.75,-6.21
0.76,-8.03,-5.35
0.76,-8.03,-5.35
0.8,-6.0,-5.36
0.8,-6.0,-5.36
0.8,-6.0,-5.36
0.34,-7.49,-5.61
0.34,-7.49,-5.61
0.34,-7.49,-5.61
1.97,-6.47,-5.96
1.97,-6.47,-5.96
1.97,-6.47,-5.96
0.97,-7.51,-6.65
0.97,-7.51,-6.65
0.77,-6.54,-6.39
1.27,-5.22,-7.38
1.27,-5.22,-7.38
1.27,-5.22,-7.38
1.49,-5.3,-7.87
1.49,-5.3,-7.87
1.49,-5.3,-7.87
3.36,-7.06,-7.29
3.36,-7.06,-7.29
0.58,-7.13,-7.13
-0.25,-4.77,-8.04
2.15,-3.64,-7.31
2.15,-3.64,-7.31
-1.0,-6.63,-7.08
-1.0,-6.63,-7.08
-1.0,-6.63,-7.08
2.37,-6.21,-7.87
2.37,-6.21,-7.87
2.37,-6.21,-7.87
0.97,-5.1,-7.82
0.97,-5.1,-7.82
0.97,-5.1,-7.82
-0.07,-5.43,-6.83
2.16,-2.04,-7.44
2.16,-2.04,-7.44
0.06,-8.07,-7.08
0.06,-8.07,-7.08
0.06,-8.07,-7.08
2.39,-3.97,-8.04
2.39,-3.97,-8.04
2.39,-3.97,-8.04
0.47,-5.94,-7.19
0.47,-5.94,-7.19
2.45,-3.48,-7.23
-0.67,-6.95,-7.4
-0.67,-6.95,-7.4
-0.67,-6.95,-7.4
1.26,-4.28,-7.33
1.26,-4.28,-7.33
1.26,-4.28,-7.33
0.53,-5.89,-6.93
0.53,-5.89,-6.93
0.53,-5.89,-6.93
0.05,-4.36,-7.24
0.05,-4.36,-7.24
0.05,-4.36,-7.24
-1.08,-5.14,-8.23
-1.08,-5.14,-8.23
-1.08,-5.14,-8.23
1.58,-4.76,-7.22
1.58,-4.76,-7.22
0.58,-6.0,-8.27
0.58,-6.0,-8.27
1.28,-5.97,-7.37
1.28,-5.97,-7.37
0.74,-6.41,-7.53
0.25,-5.84,-8.12
0.25,-5.84,-8.12
0.25,-5.84,-8.12
1.87,-5.88,-7.43
1.87,-5.88,-7.43
1.87,-5.88,-7.43
0.11,-5.64,-8.2
0.11,-5.64,-8.2
0.11,-5.64,-8.2
1.27,-6.12,-6.99
0.1,-4.39,-7.75
0.1,-4.39,-7.75
0.63,-6.35,-7.66
0.63,-6.35,-7.66
0.63,-6.35,-7.66
0.83,-4.51,-7.59
0.83,-4.51,-7.59
0.83,-4.51,-7.59
0.38,-5.33,-7.44
0.38,-5.33,-7.44
0.38,-5.33,-7.44
1.11,-4.3,-7.72
1.75,-5.42,-7.33
1.75,-5.42,-7.33
-0.02,-4.65,-7.83
-0.02,-4.65,-7.83
-0.02,-4.65,-7.83
0.84,-5.85,-7.74
0.84,-5.85,-7.74
0.84,-5.85,-7.74
0.78,-5.26,-7.5
0.78,-5.26,-7.5
0.78,-5.26,-7.5
0.89,-5.35,-7.23
0.89,-5.35,-7.23
0.89,-5.35,-7.23
0.18,-5.76,-8.03
0.18,-5.76,-8.03
0.18,-5.76,-8.03
0.9,-5.6,-7.59
0.9,-5.6,-7.59
0.9,-5.6,-7.59
0.77,-6.0,-7.67
0.77,-6.0,-7.67
0.77,-6.0,-7.67
-0.08,-4.81,-7.77
0.33,-5.48,-7.63
0.33,-5.48,-7.63
0.59,-4.76,-7.8
0.59,-4.76,-7.8
0.59,-4.76,-7.8
0.39,-6.27,-7.66
0.39,-6.27,-7.66
0.39,-6.27,-7.66
0.47,-4.37,-7.58
0.47,-4.37,-7.58
0.47,-4.37,-7.58
0.66,-5.18,-7.7
0.66,-5.18,-7.7
0.32,-5.88,-7.84
0.32,-5.88,-7.84
0.32,-5.88,-7.84
0.4,-4.7,-7.35
0.4,-4.7,-7.35
0.4,-4.7,-7.35
0.14,-5.39,-7.54
0.14,-5.39,-7.54
0.14,-5.39,-7.54
0.4,-5.16,-7.77
0.4,-5.16,-7.77
0.4,-5.16,-7.77
0.78,-4.9,-7.84
0.12,-5.41,-8.05
0.12,-5.41,-8.05
0.87,-5.11,-7.52
0.87,-5.11,-7.52
0.87,-5.11,-7.52
0.06,-5.48,-7.66
0.06,-5.48,-7.66
0.06,-5.48,-7.66
0.23,-5.64,-7.84
0.23,-5.64,-7.84
0.23,-5.64,-7.84
0.78,-4.87,-7.51
0.78,-4.87,-7.51
0.78,-4.87,-7.51
-0.02,-5.2,-7.71
-0.02,-5.2,-7.71
-0.02,-5.2,-7.71
0.57,-5.32,-7.69
0.57,-5.32,-7.69
0.57,-5.32,-7.69
0.39,-5.19,-7.91
0.39,-5.19,-7.91
0.39,-5.19,-7.91
0.25,-5.65,-7.95
0.25,-5.65,-7.95
0.25,-5.65,-7.95
0.76,-4.73,-7.75
0.76,-4.73,-7.75
0.76,-4.73,-7.75
0.44,-5.18,-7.71
0.44,-5.18,-7.71
0.44,-5.18,-7.71
0.19,-4.9,-7.57
0.19,-4.9,-7.57
0.19,-4.9,-7.57
0.19,-5.27,-8.04
0.19,-5.27,-8.04
0.19,-5.27,-8.04
0.55,-5.22,-7.61
0.55,-5.22,-7.61
0.55,-5.22,-7.61
0.11,-4.97,-7.72
0.11,-4.97,-7.72
0.11,-4.97,-7.72
0.59,-4.89,-7.77
0.59,-4.89,-7.77
0.59,-4.89,-7.77
0.09,-5.22,-7.97
0.09,-5.22,-7.97
0.09,-5.22,-7.97
0.35,-5.24,-7.61
0.35,-5.24,-7.61
0.35,-5.24,-7.61
0.52,-4.84,-8.04
0.52,-4.84,-8.04
0.52,-4.84,-8.04
0.57,-5.38,-7.67
0.57,-5.38,-7.67
0.12,-5.27,-7.91
0.15,-5.39,-7.6
0.15,-5.39,-7.6
0.15,-5.39,-7.6
0.44,-4.43,-7.51
0.44,-4.43,-7.51
0.44,-4.43,-7.51
-0.2,-5.68,-7.86
-0.2,-5.68,-7.86
-0.2,-5.68,-7.86
1.0,-4.96,-7.58
1.0,-4.96,-7.58
0.22,-5.23,-7.9
0.39,-5.45,-7.63
0.39,-5.45,-7.63
0.39,-5.45,-7.63
0.36,-4.79,-7.83
0.36,-4.79,-7.83
0.36,-4.79,-7.83
0.52,-5.51,-7.74
0.52,-5.51,-7.74
0.52,-5.51,-7.74
0.18,-5.23,-7.76
0.18,-5.23,-7.76
-0.23,-5.2,-7.98
0.71,-5.09,-7.34
0.71,-5.09,-7.34
0.71,-5.09,-7.34
-0.44,-5.54,-8.02
-0.44,-5.54,-8.02
-0.44,-5.54,-8.02
0.74,-4.8,-7.44
0.74,-4.8,-7.44
0.0,-5.52,-7.98
0.0,-5.52,-7.98
0.58,-5.33,-7.7
0.03,-5.12,-7.73
0.03,-5.12,-7.73
0.03,-5.12,-7.73
0.69,-4.97,-7.67
0.69,-4.97,-7.67
0.69,-4.97,-7.67
0.23,-5.1,-7.73
0.23,-5.1,-7.73
0.23,-5.1,-7.73
0.66,-5.06,-7.9
0.43,-5.7,-7.82
0.43,-5.7,-7.82
0.12,-5.06,-7.8
0.12,-5.06,-7.8
0.12,-5.06,-7.8
0.29,-5.48,-7.74
0.29,-5.48,-7.74
0.29,-5.48,-7.74
0.33,-4.59,-7.73
0.33,-4.59,-7.73
1.33,-4.7,-7.48
-0.3,-5.44,-8.38
-0.3,-5.44,-8.38
1.0,-5.24,-7.25
1.0,-5.24,-7.25
1.0,-5.24,-7.25
0.35,-4.98,-8.08
0.35,-4.98,-8.08
0.35,-4.98,-8.08
0.91,-4.88,-7.65
0.91,-4.88,-7.65
0.91,-4.88,-7.65
0.17,-5.74,-7.77
0.17,-5.74,-7.77
0.17,-5.74,-7.77
0.4,-5.12,-7.82
0.4,-5.12,-7.82
0.4,-5.12,-7.82
0.5,-4.93,-7.58
0.5,-4.93,-7.58
0.5,-4.93,-7.58
0.43,-5.43,-7.75
0.43,-5.43,-7.75
0.31,-4.9,-7.62
0.06,-4.51,-7.74
0.06,-4.51,-7.74
0.23,-5.35,-7.8
0.52,-4.83,-7.73
0.52,-4.83,-7.73
0.52,-4.83,-7.73
0.21,-5.43,-7.88
0.21,-5.43,-7.88
0.21,-5.43,-7.88
-0.06,-4.73,-7.58
-0.06,-4.73,-7.58
-0.06,-4.73,-7.58
0.79,-5.48,-7.75
0.79,-5.48,-7.75
0.79,-5.48,-7.75
0.24,-5.21,-7.8
0.24,-5.21,-7.8
0.24,-5.21,-7.8
0.45,-5.39,-7.71
0.45,-5.39,-7.71
0.45,-5.39,-7.71
0.6,-5.38,-7.8
0.6,-5.38,-7.8
0.6,-5.38,-7.8
0.63,-5.03,-7.65
0.63,-5.03,-7.65
0.22,-4.92,-7.7
0.19,-5.32,-7.88
0.19,-5.32,-7.88
0.19,-5.32,-7.88
0.19,-5.38,-7.78
0.19,-5.38,-7.78
0.19,-5.38,-7.78
0.46,-5.06,-7.79
0.46,-5.06,-7.79
0.34,-4.84,-7.88
0.34,-4.84,-7.88
0.34,-4.84,-7.88
-0.04,-5.48,-7.65
-0.04,-5.48,-7.65
-0.04,-5.48,-7.65
0.79,-5.02,-7.83
0.79,-5.02,-7.83
0.79,-5.02,-7.83
0.35,-5.35,-7.64
0.35,-5.35,-7.64
1.04,-5.11,-7.4
-0.13,-5.23,-8.13
-0.13,-5.23,-8.13
-0.13,-5.23,-8.13
0.8,-4.85,-7.67
0.8,-4.85,-7.67
0.8,-4.85,-7.67
0.32,-5.48,-7.89
0.32,-5.48,-7.89
0.32,-5.48,-7.89
0.54,-4.94,-7.63
0.54,-4.94,-7.63
0.54,-4.94,-7.63
0.47,-5.21,-7.72
0.47,-5.21,-7.72
0.18,-5.3,-7.66
0.23,-5.12,-7.8
0.23,-5.12,-7.8
0.23,-5.12,-7.8
0.31,-5.45,-7.71
0.31,-5.45,-7.71
0.31,-5.45,-7.71
0.24,-4.92,-7.88
0.24,-4.92,-7.88
0.24,-4.92,-7.88
1.01,-4.85,-7.31
1.01,-4.85,-7.31
1.01,-4.85,-7.31
-0.28,-5.59,-8.07
-0.28,-5.59,-8.07
-0.28,-5.59,-8.07
1.65,-4.48,-7.75
1.65,-4.48,-7.75
1.65,-4.48,-7.75
-0.19,-5.62,-8.05
-0.19,-5.62,-8.05
-0.19,-5.62,-8.05
0.73,-5.02,-7.6
-0.22,-5.6,-8.01
-0.22,-5.6,-8.01
0.92,-4.7,-7.29
0.92,-4.7,-7.29
0.92,-4.7,-7.29
-0.25,-5.19,-8.17
-0.25,-5.19,-8.17
-0.25,-5.19,-8.17
0.99,-4.87,-7.6
0.99,-4.87,-7.6
-0.01,-5.56,-7.97
0.6,-4.44,-7.59
0.6,-4.44,-7.59
0.6,-4.44,-7.59
0.01,-5.58,-7.84
0.01,-5.58,-7.84
0.01,-5.58,-7.84
0.4,-5.12,-7.7
0.4,-5.12,-7.7
0.4,-5.12,-7.7
0.96,-4.78,-7.79
0.96,-4.78,-7.79
0.79,-4.64,-7.85
0.25,-5.26,-7.68
0.25,-5.26,-7.68
0.25,-5.26,-7.68
0.81,-5.16,-7.79
0.81,-5.16,-7.79
0.81,-5.16,-7.79
0.6,-5.1,-7.78
0.6,-5.1,-7.78
0.6,-5.1,-7.78
0.14,-5.63,-7.75
0.14,-5.63,-7.75
0.3,-5.28,-7.82
0.8,-4.9,-7.54
0.8,-4.9,-7.54
0.8,-4.9,-7.54
-0.03,-5.34,-7.83
-0.03,-5.34,-7.83
-0.03,-5.34,-7.83
0.65,-5.27,-7.56
0.65,-5.27,-7.56
0.65,-5.27,-7.56
0.34,-5.3,-8.05
0.34,-5.3,-8.05
0.34,-5.3,-8.05
0.72,-4.79,-7.49
0.72,-4.79,-7.49
0.72,-4.79,-7.49
-0.18,-5.36,-7.71
-0.18,-5.36,-7.71
-0.18,-5.36,-7.71
1.12,-4.97,-7.79
1.12,-4.97,-7.79
1.12,-4.97,-7.79
0.41,-5.27,-7.91
0.41,-5.27,-7.91
0.41,-5.27,-7.91
0.59,-5.22,-7.8
0.59,-5.22,-7.8
0.31,-5.12,-7.68
0.31,-5.12,-7.68
0.31,-5.12,-7.68
0.16,-4.9,-7.63
0.16,-4.9,-7.63
0.38,-4.86,-7.69
1.62,-5.09,-7.98
1.62,-5.09,-7.98
4.0,-4.35,-9.39
-21.68,-6.86,-8.28
-21.68,-6.86,-8.28
