aX,aY,aZ
-32.6,-3.77,-11.74
7.9,-2.92,0.76
7.9,-2.92,0.76
7.9,-2.92,0.76
19.06,-6.63,-8.15
19.06,-6.63,-8.15
19.06,-6.63,-8.15
-0.99,-9.8,-10.21
-0.99,-9.8,-10.21
-0.99,-9.8,-10.21
-0.5,-5.45,-7.76
-0.5,-5.45,-7.76
-0.5,-5.45,-7.76
-0.89,-7.01,-6.66
-0.89,-7.01,-6.66
-0.89,-7.01,-6.66
0.67,-5.64,-6.64
0.67,-5.64,-6.64
0.67,-5.64,-6.64
0.76,-5.24,-7.36
0.76,-5.24,-7.36
0.76,-5.24,-7.36
1.62,-6.14,-7.77
1.62,-6.14,-7.77
1.62,-6.14,-7.77
1.1,-6.59,-7.7
1.1,-6.59,-7.7
1.1,-6.59,-7.7
0.78,-6.38,-7.4
0.78,-6.38,-7.4
0.78,-6.38,-7.4
1.03,-6.46,-7.13
1.03,-6.46,-7.13
0.9,-5.61,-7.16
1.13,-5.68,-7.01
1.13,-5.68,-7.01
1.13,-5.68,-7.01
1.31,-6.36,-6.96
1.31,-6.36,-6.96
1.31,-6.36,-6.96
1.23,-5.91,-6.92
1.23,-5.91,-6.92
1.23,-5.91,-6.92
1.47,-6.16,-6.95
1.26,-6.11,-7.0
1.26,-6.11,-7.0
1.33,-6.26,-7.15
1.15,-6.14,-7.04
1.15,-6.14,-7.04
1.41,-6.27,-6.89
1.41,-6.27,-6.89
1.41,-6.27,-6.89
1.25,-7.01,-6.81
1.25,-7.01,-6.81
1.25,-7.01,-6.81
0.94,-6.9,-7.03
0.94,-6.9,-7.03
0.94,-6.9,-7.03
1.2,-6.1,-6.68
1.2,-6.1,-6.68
1.2,-6.1,-6.68
1.47,-6.64,-6.82
1.47,-6.64,-6.82
1.47,-6.64,-6.82
1.61,-6.34,-6.85
1.61,-6.34,-6.85
1.61,-6.34,-6.85
1.61,-6.15,-6.77
1.61,-6.15,-6.77
1.51,-6.4,-6.68
1.42,-6.46,-6.69
1.42,-6.46,-6.69
1.42,-6.46,-6.69
1.58,-6.77,-6.8
1.58,-6.77,-6.8
1.58,-6.77,-6.8
1.49,-6.57,-6.86
1.49,-6.57,-6.86
1.49,-6.57,-6.86
1.45,-6.67,-6.74
1.45,-6.67,-6.74
1.45,-6.67,-6.74
1.87,-6.32,-6.58
1.87,-6.32,-6.58
1.87,-6.32,-6.58
2.02,-5.79,-6.5
2.02,-5.79,-6.5
2.02,-5.79,-6.5
1.76,-6.16,-6.57
1.76,-6.16,-6.57
1.76,-6.16,-6.57
2.01,-5.87,-6.41
2.01,-5.87,-6.41
2.01,-5.87,-6.41
1.97,-5.89,-6.24
1.97,-5.89,-6.24
1.97,-5.89,-6.24
2.1,-5.98,-5.88
2.1,-5.98,-5.88
2.1,-5.98,-5.88
2.26,-6.04,-5.59
2.26,-6.04,-5.59
2.26,-6.04,-5.59
2.15,-6.04,-5.23
2.11,-5.63,-5.23
2.11,-5.63,-5.23
2.12,-5.58,-5.12
2.12,-5.58,-5.12
2.12,-5.58,-5.12
2.58,-7.36,-4.31
2.58,-7.36,-4.31
3.29,-6.7,-3.63
3.29,-6.7,-3.63
3.29,-6.7,-3.63
4.26,-4.58,-4.36
3.79,-4.73,-4.85
3.79,-4.73,-4.85
4.96,-7.47,-3.73
4.96,-7.47,-3.73
4.96,-7.47,-3.73
6.76,-5.96,-2.84
6.76,-5.96,-2.84
6.76,-5.96,-2.84
4.58,-7.42,-2.2
4.58,-7.42,-2.2
4.93,-7.15,-0.78
5.22,-6.18,-1.11
4.29,-6.54,-1.63
4.29,-6.54,-1.63
4.23,-7.73,0.59
4.23,-7.73,0.59
4.23,-7.73,0.59
3.92,-10.11,0.21
3.92,-10.11,0.21
3.92,-10.11,0.21
4.32,-10.29,1.01
4.32,-10.29,1.01
4.32,-10.29,1.01
0.0,-11.15,7.84
0.0,-11.15,7.84
0.0,-11.15,7.84
2.16,-10.96,4.51
2.16,-10.96,4.51
2.16,-10.96,4.51
1.89,-7.34,2.62
1.89,-7.34,2.62
1.59,-8.42,4.99
1.59,-8.42,4.99
1.59,-8.42,4.99
0.63,-10.72,6.88
0.63,-10.72,6.88
0.63,-10.72,6.88
-1.07,-10.35,7.17
-1.07,-10.35,7.17
-1.07,-10.35,7.17
-1.49,-8.2,6.37
-1.49,-8.2,6.37
-1.49,-8.2,6.37
-3.29,-8.51,6.67
-3.29,-8.51,6.67
-3.29,-8.51,6.67
-4.36,-8.1,7.17
-6.34,-8.04,5.17
-6.34,-8.04,5.17
-4.79,-8.04,5.55
-4.79,-8.04,5.55
-4.79,-8.04,5.55
-4.97,-7.94,4.97
-4.97,-7.94,4.97
-4.97,-7.94,4.97
-4.34,-7.35,4.76
-4.34,-7.35,4.76
-4.34,-7.35,4.76
-2.83,-6.18,5.07
-2.83,-6.18,5.07
-2.83,-6.18,5.07
-2.38,-6.77,5.9
-2.38,-6.77,5.9
-2.38,-6.77,5.9
-2.65,-7.43,6.93
-2.65,-7.43,6.93
-2.65,-7.43,6.93
-3.06,-5.99,5.97
-3.06,-5.99,5.97
-3.06,-5.99,5.97
-2.49,-6.47,6.87
-2.49,-6.47,6.87
-2.49,-6.47,6.87
-2.23,-7.19,6.93
-2.23,-7.19,6.93
-2.23,-7.19,6.93
-2.49,-6.45,6.41
-2.49,-6.45,6.41
-2.49,-6.45,6.41
-3.59,-5.99,6.21
-3.59,-5.99,6.21
-3.59,-5.99,6.21
-4.03,-6.98,6.93
-4.03,-6.98,6.93
-3.61,-8.26,7.38
-4.19,-7.59,6.93
-4.19,-7.59,6.93
-4.27,-5.42,6.27
-4.27,-5.42,6.27
-4.27,-5.42,6.27
-3.62,-7.33,7.14
-3.62,-7.33,7.14
-3.62,-7.33,7.14
-3.06,-9.52,7.36
-2.24,-9.75,7.59
-2.24,-9.75,7.59
-2.25,-6.37,6.46
-2.25,-6.37,6.46
-2.25,-6.37,6.46
-1.96,-5.66,7.69
-1.96,-5.66,7.69
-1.96,-5.66,7.69
-3.37,-4.67,7.3
-3.37,-4.67,7.3
-3.37,-4.67,7.3
-5.4,-4.66,4.45
-4.67,-3.93,4.84
-4.67,-3.93,4.84
-4.06,-6.77,5.62
-4.06,-6.77,5.62
-4.06,-6.77,5.62
-4.18,-6.05,5.42
-4.18,-6.05,5.42
-4.18,-6.05,5.42
-4.1,-6.17,4.83
-4.1,-6.17,4.83
-4.1,-6.17,4.83
-3.2,-6.84,4.23
-3.06,-6.59,4.08
-3.06,-6.59,4.08
-4.03,-6.82,4.15
-4.03,-6.82,4.15
-4.03,-6.82,4.15
-4.95,-7.48,4.61
-4.95,-7.48,4.61
-4.95,-7.48,4.61
-5.29,-6.31,5.03
-5.29,-6.31,5.03
-5.29,-6.31,5.03
-4.84,-6.51,5.08
-4.84,-6.51,5.08
-4.27,-6.86,4.89
-6.01,-5.67,3.83
-6.01,-5.67,3.83
-6.01,-5.67,3.83
-4.76,-7.62,4.69
-4.76,-7.62,4.69
-4.76,-7.62,4.69
-4.33,-8.08,4.98
-4.33,-8.08,4.98
-3.95,-7.67,3.12
-5.74,-6.04,2.78
-5.74,-6.04,2.78
-5.74,-6.04,2.78
-7.9,-11.1,7.65
-7.9,-11.1,7.65
-7.9,-11.1,7.65
-7.45,-6.08,7.26
-7.45,-6.08,7.26
-7.45,-6.08,7.26
-7.71,-5.75,5.2
-7.71,-5.75,5.2
-7.71,-5.75,5.2
-6.14,-7.25,6.46
-6.14,-7.25,6.46
-6.14,-7.25,6.46
-6.06,-7.98,7.42
-6.06,-7.98,7.42
-6.06,-7.98,7.42
-3.41,-7.56,6.68
-3.41,-7.56,6.68
-3.41,-7.56,6.68
-0.6,-5.93,5.04
-0.6,-5.93,5.04
1.37,-5.42,7.19
1.37,-5.42,7.19
1.37,-5.42,7.19
1.08,-4.7,6.99
1.08,-4.7,6.99
1.08,-4.7,6.99
1.05,-5.21,7.77
1.05,-5.21,7.77
1.05,-5.21,7.77
0.99,-5.82,8.53
1.03,-5.42,8.26
1.03,-5.42,8.26
2.24,-5.68,8.74
2.24,-5.68,8.74
2.24,-5.68,8.74
2.7,-5.16,8.92
2.7,-5.16,8.92
2.7,-5.16,8.92
3.59,-5.55,8.23
3.59,-5.55,8.23
3.59,-5.55,8.23
2.8,-6.34,7.06
2.8,-6.34,7.06
2.8,-6.34,7.06
3.38,-5.15,6.23
3.38,-5.15,6.23
3.38,-5.15,6.23
3.26,-4.5,5.92
3.26,-4.5,5.92
3.26,-4.5,5.92
3.25,-4.9,5.74
3.25,-4.9,5.74
3.25,-4.9,5.74
3.05,-4.89,3.54
3.05,-4.89,3.54
2.59,-4.82,2.82
0.56,-7.44,2.84
0.56,-7.44,2.84
0.56,-7.44,2.84
-1.81,-9.55,4.02
-1.81,-9.55,4.02
-1.81,-9.55,4.02
-0.25,-9.07,6.22
-0.25,-9.07,6.22
-0.25,-9.07,6.22
-1.65,-11.22,6.97
-1.65,-11.22,6.97
-2.18,-10.26,5.49
-3.0,-9.2,3.21
-3.0,-9.2,3.21
-3.0,-9.2,3.21
-3.12,-10.31,3.93
-3.12,-10.31,3.93
-3.12,-10.31,3.93
-5.73,-8.46,2.95
-5.73,-8.46,2.95
-5.73,-8.46,2.95
-4.58,-7.34,3.16
-4.53,-7.62,3.38
-4.53,-7.62,3.38
-4.86,-7.92,3.48
-4.86,-7.92,3.48
-4.86,-7.92,3.48
-5.12,-7.02,3.2
-5.12,-7.02,3.2
-5.12,-7.02,3.2
-6.11,-7.91,2.99
-6.11,-7.91,2.99
-6.47,-7.99,3.01
-4.77,-7.1,2.87
-4.77,-7.1,2.87
-4.77,-7.1,2.87
-4.6,-6.73,2.89
-4.6,-6.73,2.89
-4.6,-6.73,2.89
-4.43,-6.93,3.0
-4.43,-6.93,3.0
-4.43,-6.93,3.0
-4.95,-6.72,2.74
-4.95,-6.72,2.74
-4.95,-6.72,2.74
-6.39,-7.29,3.04
-6.39,-7.29,3.04
-6.57,-7.11,3.35
-9.08,-7.59,3.96
-9.08,-7.59,3.96
-9.08,-7.59,3.96
-9.08,-6.93,3.84
-9.08,-6.93,3.84
-9.08,-6.93,3.84
-6.77,-6.02,3.25
-6.77,-6.02,3.25
-6.77,-6.02,3.25
-6.69,-5.7,3.17
-6.69,-5.7,3.17
-6.69,-5.7,3.17
-8.14,-4.03,4.02
-8.14,-4.03,4.02
-8.14,-4.03,4.02
-7.71,-3.3,3.91
-7.71,-3.3,3.91
-7.71,-3.3,3.91
-7.36,-2.89,4.07
-7.36,-2.89,4.07
-7.36,-2.89,4.07
-7.59,-3.04,4.54
-7.59,-3.04,4.54
-7.76,-2.97,4.49
-8.09,-3.34,4.36
-8.09,-3.34,4.36
-8.09,-3.34,4.36
-7.18,-4.5,4.09
-7.18,-4.5,4.09
-7.18,-4.5,4.09
-7.12,-4.88,3.5
-7.12,-4.88,3.5
-7.08,-5.06,3.17
-7.08,-5.04,2.92
-7.08,-5.04,2.92
-7.41,-5.15,2.86
-7.83,-5.68,3.43
-7.83,-5.68,3.43
-7.83,-5.68,3.43
-7.65,-5.29,3.35
-7.65,-5.29,3.35
-7.65,-5.29,3.35
-7.59,-4.5,2.73
-7.59,-4.5,2.73
-7.48,-3.74,2.15
-7.48,-3.74,2.15
-7.48,-3.74,2.15
-7.23,-3.91,2.61
-7.23,-3.91,2.61
-7.23,-3.91,2.61
-7.66,-4.97,3.52
-7.66,-4.97,3.52
-7.66,-4.97,3.52
-8.08,-4.7,3.35
-8.08,-4.7,3.35
-8.28,-4.61,3.13
-9.47,-4.78,3.2
-9.47,-4.78,3.2
-9.47,-4.78,3.2
-10.58,-2.8,1.01
-10.58,-2.8,1.01
-10.58,-2.8,1.01
-11.86,-2.4,-2.51
-11.86,-2.4,-2.51
-10.17,-1.65,-2.14
-10.17,-1.65,-2.14
-10.17,-1.65,-2.14
-8.86,-0.19,-1.72
-8.86,-0.19,-1.72
-7.6,0.31,-2.4
-7.45,0.21,-0.81
-7.45,0.21,-0.81
-7.45,0.21,-0.81
-7.82,1.13,-0.66
-7.82,1.13,-0.66
-7.82,1.13,-0.66
-8.38,1.14,0.1
-8.38,1.14,0.1
-8.38,1.14,0.1
-7.67,1.12,-0.3
-7.97,1.48,-0.47
-7.97,1.48,-0.47
-9.06,1.25,-0.64
-9.06,1.25,-0.64
-8.95,0.83,-0.61
-8.95,0.83,-0.61
-8.95,0.83,-0.61
-9.02,0.79,-0.78
-9.02,0.79,-0.78
-9.02,0.79,-0.78
-8.54,0.86,-0.84
-8.54,0.86,-0.84
-8.67,0.91,-0.9
-9.28,0.97,-0.67
-9.28,0.97,-0.67
-9.28,0.97,-0.67
-10.46,1.48,-0.33
-10.46,1.48,-0.33
-10.46,1.48,-0.33
-10.23,0.91,0.01
-10.23,0.91,0.01
-10.23,0.91,0.01
-11.31,-0.73,0.68
-11.31,-0.73,0.68
-11.56,-0.57,0.58
-10.55,-1.19,0.93
-10.55,-1.19,0.93
-10.55,-1.19,0.93
-7.77,-2.56,2.15
-7.77,-2.56,2.15
-7.77,-2.56,2.15
-5.59,-3.06,1.79
-5.59,-3.06,1.79
-5.59,-3.06,1.79
-4.26,-2.61,2.04
-2.53,-2.14,2.11
-2.53,-2.14,2.11
-0.76,-1.36,2.29
-0.76,-1.36,2.29
-0.92,-0.68,2.02
-0.92,-0.68,2.02
-0.92,-0.68,2.02
-1.5,-1.0,2.87
-1.5,-1.0,2.87
-2.66,-1.28,3.96
-2.66,-1.28,3.96
-2.66,-1.28,3.96
-2.08,-1.9,3.35
-2.08,-1.9,3.35
-2.08,-1.9,3.35
-3.18,-3.1,4.49
-3.18,-3.1,4.49
-3.18,-3.1,4.49
-4.93,-2.99,5.04
-5.22,-3.79,6.09
-5.22,-3.79,6.09
-5.38,-4.74,6.5
-5.38,-4.74,6.5
-5.38,-4.74,6.5
-9.68,-1.93,5.12
-9.68,-1.93,5.12
-9.68,-1.93,5.12
-9.86,-4.72,6.91
-9.86,-4.72,6.91
-9.86,-4.72,6.91
-13.01,-3.91,5.17
-13.01,-3.91,5.17
-14.66,-3.25,4.37
-14.34,-2.41,4.41
-14.34,-2.41,4.41
-14.34,-2.41,4.41
-14.1,-1.02,4.01
-14.1,-1.02,4.01
-14.1,-1.02,4.01
-11.78,-0.21,3.14
-11.78,-0.21,3.14
-11.78,-0.21,3.14
-10.55,-2.54,2.92
-10.92,-3.22,3.28
-10.92,-3.22,3.28
-11.84,-2.74,2.68
-11.84,-2.74,2.68
-11.84,-2.74,2.68
-11.17,-4.03,2.36
-11.17,-4.03,2.36
-11.17,-4.03,2.36
-9.95,-4.3,2.61
-9.95,-4.3,2.61
-9.95,-4.3,2.61
-9.86,-5.61,2.57
-9.29,-4.99,2.98
-9.29,-4.99,2.98
-9.84,-4.11,3.33
-10.46,-2.75,2.99
-10.46,-2.75,2.99
-8.84,-5.22,3.01
-8.84,-5.22,3.01
-8.84,-5.22,3.01
-8.64,-4.76,3.06
-8.64,-4.76,3.06
-8.64,-4.76,3.06
-8.93,-2.6,2.94
-8.93,-2.6,2.94
-8.25,-2.44,3.12
-8.42,-3.82,3.88
-8.42,-3.82,3.88
-8.42,-3.82,3.88
-8.05,-3.95,3.98
-8.05,-3.95,3.98
-8.05,-3.95,3.98
-8.56,-2.63,2.56
-8.56,-2.63,2.56
-5.24,6.77,-4.04
-4.92,7.23,-4.33
-4.92,7.23,-4.33
-4.92,7.23,-4.33
-5.23,7.79,-4.77
-5.23,7.79,-4.77
-5.23,7.79,-4.77
-5.82,8.22,-4.94
-5.82,8.22,-4.94
-5.82,8.22,-4.94
-6.43,8.5,-4.49
-6.43,8.5,-4.49
-6.43,8.5,-4.49
-6.34,8.48,-3.82
-6.34,8.48,-3.82
-6.07,8.16,-3.51
-6.0,7.59,-3.19
-6.0,7.59,-3.19
-6.0,7.59,-3.19
-5.97,7.31,-3.22
-5.97,7.31,-3.22
-5.97,7.31,-3.22
-5.86,7.02,-3.34
-5.86,7.02,-3.34
-5.95,6.96,-3.39
-6.0,6.59,-3.24
-6.0,6.59,-3.24
-6.02,6.02,-3.1
-5.99,5.24,-3.24
-5.99,5.24,-3.24
-5.99,5.24,-3.24
-5.93,4.76,-3.26
-5.93,4.76,-3.26
-5.93,4.76,-3.26
-7.11,4.13,-3.38
-6.43,3.67,-2.81
-6.43,3.67,-2.81
-6.13,3.12,-2.22
-6.13,3.12,-2.22
-6.13,3.12,-2.22
-5.63,2.49,-2.04
-5.63,2.49,-2.04
-5.63,2.49,-2.04
-5.97,2.02,-2.46
-5.97,2.02,-2.46
-5.97,2.02,-2.46
-6.52,1.68,-2.25
-7.43,1.36,-1.9
-7.43,1.36,-1.9
-10.36,1.51,-1.72
-10.36,1.51,-1.72
-10.36,1.51,-1.72
-11.11,1.8,-1.41
-11.11,1.8,-1.41
-9.91,2.38,-1.2
-9.91,2.38,-1.2
-9.91,2.38,-1.2
-9.39,1.16,-1.01
-9.39,1.16,-1.01
-9.02,0.52,-0.81
-7.69,0.07,-0.03
-7.69,0.07,-0.03
-7.69,0.07,-0.03
-8.5,-0.17,2.13
-8.5,-0.17,2.13
-8.5,-0.17,2.13
-8.16,-0.68,0.17
-8.16,-0.68,0.17
-8.16,-0.68,0.17
-9.14,-0.48,-0.2
-9.14,-0.48,-0.2
-9.32,0.08,-0.23
-9.62,0.19,0.56
-9.62,0.19,0.56
-9.62,0.19,0.56
-9.68,0.02,0.93
-9.68,0.02,0.93
-9.68,0.02,0.93
-10.03,0.69,0.76
-10.03,0.69,0.76
-10.03,0.69,0.76
-9.4,0.71,0.52
-9.4,0.71,0.52
-9.79,0.23,0.37
-8.98,-0.05,-0.19
-8.98,-0.05,-0.19
-8.98,-0.05,-0.19
-9.26,-0.1,-0.6
-9.26,-0.1,-0.6
-9.26,-0.1,-0.6
-9.28,-0.1,-0.73
-9.28,-0.1,-0.73
-9.28,-0.1,-0.73
-9.08,-0.45,-0.9
-9.08,-0.45,-0.9
-9.07,-0.34,-1.27
-8.87,-0.03,-1.86
-8.87,-0.03,-1.86
-8.87,-0.03,-1.86
-8.87,1.15,-1.66
-8.87,1.15,-1.66
-8.87,1.15,-1.66
-8.73,2.05,-1.91
-8.73,2.05,-1.91
-8.73,2.05,-1.91
-8.61,2.22,-2.03
-8.61,2.22,-2.03
-8.0,2.22,-3.23
-8.33,2.33,-3.1
-8.33,2.33,-3.1
-8.33,2.33,-3.1
-8.06,2.54,-3.19
-8.06,2.54,-3.19
-8.06,2.54,-3.19
-7.83,2.42,-3.28
-7.83,2.42,-3.28
-7.83,2.41,-3.37
-7.98,2.71,-3.48
-7.98,2.71,-3.48
-8.37,3.02,-3.64
-8.44,2.86,-3.55
-8.44,2.86,-3.55
-8.44,2.86,-3.55
-7.77,2.73,-3.6
-7.77,2.73,-3.6
-7.77,2.73,-3.6
-7.54,3.1,-3.34
-7.54,3.1,-3.34
-7.54,3.1,-3.34
-7.92,2.58,-2.94
-8.01,2.62,-3.09
-8.01,2.62,-3.09
-7.5,3.06,-3.36
-7.5,3.06,-3.36
-7.5,3.06,-3.36
-7.61,2.96,-3.43
-7.61,2.96,-3.43
-7.61,2.96,-3.43
-7.25,2.05,-3.37
-7.25,2.05,-3.37
-7.25,2.05,-3.37
-7.85,2.13,-3.53
-7.85,2.13,-3.53
-7.85,2.13,-3.53
-8.0,2.32,-3.54
-8.0,2.32,-3.54
-8.0,2.32,-3.54
-7.96,2.79,-3.19
-7.96,2.79,-3.19
-7.96,2.79,-3.19
-8.27,2.85,-3.01
-8.27,2.85,-3.01
-8.27,2.85,-3.01
-8.83,2.86,-3.13
-8.83,2.86,-3.13
-8.83,2.86,-3.13
-8.14,3.49,-3.17
-8.14,3.49,-3.17
-8.14,3.49,-3.17
-8.31,2.58,-3.18
-8.31,2.58,-3.18
-8.31,2.58,-3.18
-8.39,2.44,-3.3
-8.39,2.44,-3.3
-8.39,2.44,-3.3
-8.02,2.53,-3.25
-8.02,2.53,-3.25
-8.02,2.53,-3.25
-8.38,2.25,-3.45
-8.38,2.25,-3.45
-8.38,2.25,-3.45
-7.8,2.27,-3.39
-7.8,2.27,-3.39
-7.8,2.27,-3.39
-8.72,1.76,-3.57
-8.72,1.76,-3.57
-8.72,1.76,-3.57
-9.42,2.64,-3.45
-9.42,2.64,-3.45
-8.61,3.33,-3.3
-8.15,2.77,-3.4
-8.15,2.77,-3.4
-8.15,2.77,-3.4
-8.14,0.97,-3.36
-8.14,0.97,-3.36
-8.14,0.97,-3.36
-7.83,0.6,-3.31
-7.83,0.6,-3.31
-7.83,0.6,-3.31
-8.31,1.42,-3.06
-8.31,1.42,-3.06
-8.78,1.48,-3.0
-8.39,1.74,-3.29
-8.39,1.74,-3.29
-8.39,1.74,-3.29
-8.58,1.06,-3.54
-8.58,1.06,-3.54
-8.58,1.06,-3.54
-7.92,0.37,-3.21
-7.92,0.37,-3.21
-7.92,0.37,-3.21
-7.38,0.65,-3.19
-7.38,0.65,-3.19
-7.13,0.62,-3.04
-7.68,0.38,-2.9
-7.68,0.38,-2.9
-7.68,0.38,-2.9
-8.53,-0.22,-2.85
-8.53,-0.22,-2.85
-8.53,-0.22,-2.85
-8.52,-0.81,-3.18
-8.52,-0.81,-3.18
-8.49,-1.0,-3.3
-8.82,-1.06,-3.31
-8.71,-1.03,-3.18
-8.71,-1.03,-3.18
-7.93,-0.98,-2.74
-7.93,-0.98,-2.74
-7.93,-0.98,-2.74
-7.88,-0.92,-2.7
-7.88,-0.92,-2.7
-7.88,-0.92,-2.7
-7.65,-0.44,-2.71
-7.65,-0.44,-2.71
-7.65,-0.44,-2.71
-7.36,-1.52,-2.37
-7.76,-1.55,-2.29
-7.76,-1.55,-2.29
-7.98,-1.41,-1.94
-7.98,-1.41,-1.94
-7.98,-1.41,-1.94
-8.49,-1.86,-2.14
-8.49,-1.86,-2.14
-8.49,-1.86,-2.14
-9.0,-2.53,-1.76
-9.0,-2.53,-1.76
-9.0,-2.53,-1.76
-9.48,-2.77,-1.5
-9.48,-2.77,-1.5
-9.48,-2.77,-1.5
-8.91,-3.23,-0.97
-8.91,-3.23,-0.97
-8.91,-3.23,-0.97
-9.36,-3.5,-0.53
-9.36,-3.5,-0.53
-9.36,-3.5,-0.53
-10.8,-5.85,5.48
-10.8,-5.85,5.48
-8.85,-2.87,3.08
-8.49,-2.22,2.52
-8.49,-2.22,2.52
-8.49,-2.22,2.52
-9.13,-1.9,2.76
-9.13,-1.9,2.76
-9.13,-1.9,2.76
-8.32,-1.93,2.82
-8.32,-1.93,2.82
-8.32,-1.93,2.82
-8.17,-1.47,2.23
-8.17,-1.47,2.23
-7.93,-2.04,2.42
-8.74,-2.32,2.44
-8.74,-2.32,2.44
-8.74,-2.32,2.44
-8.26,-2.93,2.51
-8.26,-2.93,2.51
-8.26,-2.93,2.51
-9.39,-3.05,2.1
-9.39,-3.05,2.1
-9.39,-3.05,2.1
-9.11,-3.02,1.93
-9.61,-2.93,1.78
-8.97,-2.93,2.18
-8.97,-2.93,2.18
-8.97,-2.93,2.18
-8.7,-2.68,2.04
-8.7,-2.68,2.04
-8.7,-2.68,2.04
-8.64,-4.11,2.18
-8.64,-4.11,2.18
-8.64,-4.11,2.18
-9.81,-3.8,1.86
-9.81,-3.8,1.86
-10.38,-4.06,1.85
-9.09,-6.17,1.46
-9.09,-6.17,1.46
-9.09,-6.17,1.46
-7.45,-6.51,0.37
-7.45,-6.51,0.37
-7.45,-6.51,0.37
-7.68,-4.3,-0.11
-7.68,-4.3,-0.11
-7.68,-4.3,-0.11
-7.29,-3.58,-0.14
-7.29,-3.58,-0.14
-6.94,-3.88,0.09
-6.38,-4.52,0.42
-6.38,-4.52,0.42
-6.38,-4.52,0.42
-6.68,-4.87,0.42
-6.68,-4.87,0.42
-6.68,-4.87,0.42
-6.65,-4.38,0.46
-6.65,-4.38,0.46
-6.65,-4.38,0.46
-6.93,-3.9,0.46
-7.26,-4.06,0.45
-7.7,-4.53,0.12
-7.7,-4.53,0.12
-7.7,-4.53,0.12
-7.39,-4.32,-0.13
-7.39,-4.32,-0.13
-7.39,-4.32,-0.13
-6.8,-3.95,-0.04
-6.8,-3.95,-0.04
-6.8,-3.95,-0.04
-7.41,-4.23,0.0
-7.61,-4.75,0.07
-7.61,-4.75,0.07
-8.33,-5.23,0.13
-8.33,-5.23,0.13
-8.33,-5.23,0.13
-9.16,-5.11,0.21
-9.16,-5.11,0.21
-9.16,-5.11,0.21
-10.0,-5.64,0.95
-10.0,-5.64,0.95
-10.0,-5.64,0.95
-10.64,-6.34,2.34
-10.64,-6.34,2.34
-10.14,-6.48,2.91
-9.06,-6.8,3.63
-9.06,-6.8,3.63
-9.06,-6.8,3.63
-6.9,-8.31,4.84
-6.9,-8.31,4.84
-6.9,-8.31,4.84
-5.31,-8.61,4.95
-5.31,-8.61,4.95
-5.31,-8.61,4.95
-2.73,-7.52,3.75
-2.73,-7.52,3.75
-2.73,-7.52,3.75
0.38,-6.3,4.07
0.38,-6.3,4.07
0.38,-6.3,4.07
2.76,-4.12,6.72
2.76,-4.12,6.72
2.76,-4.12,6.72
2.83,-5.36,5.31
2.83,-5.36,5.31
2.83,-5.36,5.31
0.48,-6.5,5.56
0.48,-6.5,5.56
0.48,-6.5,5.56
1.51,-6.24,5.83
1.51,-6.24,5.83
1.51,-6.24,5.83
1.46,-7.62,5.7
1.46,-7.62,5.7
1.46,-7.62,5.7
1.55,-8.32,6.0
1.55,-8.32,6.0
1.55,-8.32,6.0
1.62,-10.01,7.09
1.62,-10.01,7.09
1.62,-10.01,7.09
1.35,-8.3,6.47
1.41,-7.78,5.97
1.41,-7.78,5.97
1.96,-8.72,6.83
1.96,-8.72,6.83
1.96,-8.72,6.83
3.26,-9.03,6.91
3.26,-9.03,6.91
3.26,-9.03,6.91
3.41,-7.77,5.87
3.41,-7.77,5.87
3.24,-7.91,6.38
2.82,-7.82,5.84
2.82,-7.82,5.84
2.82,-7.82,5.84
2.18,-6.98,6.06
2.18,-6.98,6.06
2.18,-6.98,6.06
1.2,-7.79,7.17
1.2,-7.79,7.17
1.2,-7.79,7.17
0.25,-6.19,7.26
0.25,-6.19,7.26
-0.25,-5.9,6.62
0.39,-7.63,7.87
0.39,-7.63,7.87
0.39,-7.63,7.87
1.58,-6.9,8.08
1.58,-6.9,8.08
1.58,-6.9,8.08
0.87,-6.76,7.02
0.87,-6.76,7.02
0.87,-6.76,7.02
1.52,-8.26,7.42
1.52,-8.26,7.42
2.18,-7.57,7.53
1.16,-6.24,5.15
1.16,-6.24,5.15
1.16,-6.24,5.15
0.47,-7.47,5.71
0.47,-7.47,5.71
0.47,-7.47,5.71
0.51,-9.72,6.38
0.51,-9.72,6.38
0.51,-9.72,6.38
1.65,-8.46,6.06
1.65,-8.46,6.06
1.65,-8.46,6.06
2.61,-7.12,6.88
2.61,-7.12,6.88
2.61,-7.12,6.88
1.89,-6.6,6.36
1.89,-6.6,6.36
1.89,-6.6,6.36
0.09,-7.17,5.92
0.09,-7.17,5.92
0.09,-7.17,5.92
-0.15,-8.21,6.33
-0.15,-8.21,6.33
-0.15,-8.21,6.33
-0.98,-9.11,6.91
-0.98,-9.11,6.91
-0.98,-9.11,6.91
-2.32,-8.34,6.08
-2.32,-8.34,6.08
-2.32,-8.34,6.08
-1.71,-6.21,4.91
-1.71,-6.21,4.91
-1.26,-5.86,4.92
-1.38,-5.67,5.52
-1.69,-5.01,5.88
-1.69,-5.01,5.88
-2.35,-4.48,5.75
-2.35,-4.48,5.75
-2.35,-4.48,5.75
-2.41,-6.17,5.63
-2.41,-6.17,5.63
-2.41,-6.17,5.63
-1.17,-7.45,7.22
-1.17,-7.45,7.22
-2.11,-8.88,7.71
-3.64,-9.73,7.44
-4.08,-9.8,7.72
-4.08,-9.8,7.72
-4.5,-8.46,7.76
-4.5,-8.46,7.76
-4.5,-8.46,7.76
-2.76,-6.06,7.23
-2.76,-6.06,7.23
-2.76,-6.06,7.23
-1.24,-6.25,8.01
-1.24,-6.25,8.01
-1.24,-6.25,8.01
-1.69,-5.44,7.56
-2.94,-5.62,6.9
-2.94,-5.62,6.9
-3.78,-6.45,6.66
-3.78,-6.45,6.66
-3.78,-6.45,6.66
-3.86,-5.93,6.31
-3.86,-5.93,6.31
-3.86,-5.93,6.31
-4.32,-6.65,6.39
-4.32,-6.65,6.39
-4.58,-6.61,5.89
-4.43,-6.84,5.3
-4.16,-7.4,4.92
-4.16,-7.4,4.92
-3.62,-7.92,4.67
-3.62,-7.92,4.67
-2.34,-5.64,4.67
-2.34,-5.64,4.67
-2.34,-5.64,4.67
-3.78,-6.43,4.51
-3.78,-6.43,4.51
-4.44,-7.09,4.3
-4.37,-7.46,4.46
-4.37,-7.46,4.46
-4.37,-7.46,4.46
-3.92,-7.11,4.31
-3.92,-7.11,4.31
-3.92,-7.11,4.31
-4.12,-8.19,4.44
-4.12,-8.19,4.44
-4.12,-8.19,4.44
-3.87,-7.93,4.76
-3.87,-7.93,4.76
-3.87,-7.93,4.76
-1.21,-10.05,7.76
-1.21,-10.05,7.76
-1.21,-10.05,7.76
1.75,-12.52,9.52
1.75,-12.52,9.52
1.75,-12.52,9.52
1.83,-10.99,9.2
1.83,-10.99,9.2
1.83,-10.99,9.2
1.06,-10.04,7.27
1.06,-10.04,7.27
1.06,-10.04,7.27
3.58,-8.37,10.22
3.58,-8.37,10.22
3.58,-8.37,10.22
3.68,-7.06,10.44
3.68,-7.06,10.44
3.68,-7.06,10.44
3.35,-6.57,9.02
3.35,-6.57,9.02
3.35,-6.57,9.02
2.61,-6.61,7.47
2.61,-6.61,7.47
2.61,-6.61,7.47
3.5,-5.41,6.26
3.5,-5.41,6.26
3.5,-5.41,6.26
3.55,-6.12,5.28
3.55,-6.12,5.28
3.55,-6.12,5.28
3.87,-4.66,4.7
3.87,-4.66,4.7
3.87,-4.66,4.7
4.18,-3.1,2.79
4.18,-3.1,2.79
3.74,-5.02,2.96
4.54,-5.72,1.84
4.54,-5.72,1.84
4.54,-5.72,1.84
11.78,-6.3,1.99
11.78,-6.3,1.99
11.78,-6.3,1.99
6.85,-5.87,0.05
6.85,-5.87,0.05
6.85,-5.87,0.05
11.21,-5.8,4.68
11.21,-5.8,4.68
10.23,-4.48,3.78
7.36,-5.29,1.36
7.36,-5.29,1.36
8.65,-6.06,3.67
8.65,-6.06,3.67
8.65,-6.06,3.67
7.13,-6.27,2.95
7.13,-6.27,2.95
7.13,-6.27,2.95
7.56,-6.7,3.27
7.56,-6.7,3.27
7.56,-6.7,3.27
5.94,-6.71,3.88
5.94,-6.71,3.88
5.94,-6.71,3.88
6.83,-5.6,3.22
6.83,-5.6,3.22
6.83,-5.6,3.22
5.39,-8.1,4.18
5.39,-8.1,4.18
5.39,-8.1,4.18
6.48,-5.96,4.28
6.48,-5.96,4.28
6.48,-5.96,4.28
5.5,-7.37,4.61
5.5,-7.37,4.61
5.5,-7.37,4.61
7.03,-7.5,5.15
7.03,-7.5,5.15
7.03,-7.5,5.15
6.8,-7.44,4.42
6.8,-7.44,4.42
6.8,-7.44,4.42
7.23,-7.44,4.46
7.23,-7.44,4.46
7.23,-7.44,4.46
7.76,-6.29,4.85
6.91,-6.25,4.75
6.91,-6.25,4.75
6.34,-6.32,4.35
6.34,-6.32,4.35
6.34,-6.32,4.35
5.85,-7.02,4.29
5.85,-7.02,4.29
5.85,-7.02,4.29
6.27,-7.48,5.23
6.27,-7.48,5.23
6.4,-6.94,4.89
5.81,-8.17,4.48
5.81,-8.17,4.48
5.81,-8.17,4.48
5.38,-7.81,4.54
5.38,-7.81,4.54
5.38,-7.81,4.54
5.33,-7.31,4.49
5.33,-7.31,4.49
5.33,-7.31,4.49
4.87,-7.27,4.31
4.87,-7.27,4.31
4.87,-7.27,4.31
4.85,-7.47,4.46
4.73,-7.29,4.39
4.73,-7.29,4.39
4.84,-7.52,4.63
4.84,-7.52,4.63
4.84,-7.52,4.63
4.87,-7.62,4.34
4.87,-7.62,4.34
4.87,-7.62,4.34
4.71,-7.25,3.99
4.71,-7.25,3.99
4.71,-7.25,3.99
4.76,-6.97,3.86
4.76,-6.97,3.86
4.76,-6.97,3.86
5.29,-7.01,3.78
5.29,-7.01,3.78
5.29,-7.01,3.78
5.89,-7.4,3.9
5.89,-7.4,3.9
5.89,-7.4,3.9
6.0,-8.91,3.71
6.0,-8.91,3.71
6.64,-9.05,3.66
5.81,-8.86,3.36
5.81,-8.86,3.36
5.81,-8.86,3.36
5.67,-8.3,3.37
5.67,-8.3,3.37
5.67,-8.3,3.37
5.11,-6.96,3.37
5.11,-6.96,3.37
5.11,-6.96,3.37
4.91,-6.24,3.89
4.91,-6.24,3.89
4.61,-6.02,4.07
4.65,-6.11,4.35
4.65,-6.11,4.35
4.65,-6.11,4.35
4.27,-6.92,3.44
4.27,-6.92,3.44
4.27,-6.92,3.44
4.74,-7.54,3.33
4.74,-7.54,3.33
5.26,-8.0,3.41
5.26,-8.0,3.41
5.17,-8.26,3.6
5.4,-8.07,3.88
5.4,-8.07,3.88
5.4,-8.07,3.88
5.27,-7.82,4.06
5.27,-7.82,4.06
5.27,-7.82,4.06
5.32,-7.77,4.17
5.32,-7.77,4.17
5.3,-7.36,4.24
5.08,-7.8,4.43
5.08,-7.8,4.43
4.89,-8.53,4.86
4.51,-8.72,4.95
4.51,-8.72,4.95
4.51,-8.72,4.95
4.44,-8.55,4.57
4.44,-8.55,4.57
4.44,-8.55,4.57
4.38,-8.79,4.68
4.38,-8.79,4.68
4.38,-8.79,4.68
5.01,-7.81,4.64
5.01,-7.81,4.64
5.01,-7.81,4.64
4.92,-7.71,4.81
4.92,-7.71,4.81
4.92,-7.71,4.81
4.93,-7.28,4.77
4.93,-7.28,4.77
4.93,-7.28,4.77
4.71,-7.16,4.45
4.71,-7.16,4.45
4.71,-7.16,4.45
4.71,-7.48,4.45
4.71,-7.48,4.45
4.71,-7.48,4.45
4.67,-7.21,4.43
4.67,-7.21,4.43
4.67,-7.21,4.43
4.69,-7.58,4.67
4.69,-7.58,4.67
4.69,-7.58,4.67
4.76,-7.35,4.72
4.76,-7.35,4.72
4.76,-7.35,4.72
4.69,-7.16,4.79
4.69,-7.16,4.79
4.69,-7.16,4.79
4.96,-7.28,4.93
4.96,-7.28,4.93
4.96,-7.28,4.93
4.88,-7.81,4.96
4.88,-7.81,4.96
4.88,-7.81,4.96
5.06,-7.78,5.25
5.06,-7.78,5.25
5.01,-7.69,5.39
4.65,-8.12,5.16
4.65,-8.12,5.16
4.65,-8.12,5.16
4.74,-7.4,5.15
4.74,-7.4,5.15
4.74,-7.4,5.15
4.58,-7.03,5.22
4.58,-7.03,5.22
4.58,-7.03,5.22
4.41,-7.14,5.2
4.41,-7.14,5.2
4.47,-7.2,5.25
4.67,-7.38,5.33
4.67,-7.38,5.33
4.67,-7.38,5.33
4.71,-7.71,5.02
4.71,-7.71,5.02
4.71,-7.71,5.02
4.44,-8.1,4.96
4.44,-8.1,4.96
4.44,-8.1,4.96
4.54,-7.5,4.82
4.54,-7.5,4.82
4.64,-7.39,4.67
4.19,-8.17,4.93
4.19,-8.17,4.93
4.19,-8.17,4.93
3.62,-8.16,4.46
3.62,-8.16,4.46
3.62,-8.16,4.46
3.87,-7.87,4.57
3.87,-7.87,4.57
3.87,-7.87,4.57
3.47,-7.54,4.64
3.47,-7.54,4.64
3.1,-7.0,4.63
3.21,-6.97,4.73
3.46,-7.25,4.83
3.46,-7.25,4.83
3.52,-7.0,4.59
3.52,-7.0,4.59
3.52,-7.0,4.59
3.85,-7.44,4.97
3.85,-7.44,4.97
3.85,-7.44,4.97
5.04,-7.54,6.47
5.04,-7.54,6.47
4.34,-7.8,6.18
3.2,-5.85,5.27
3.2,-5.85,5.27
3.2,-5.85,5.27
4.5,-5.54,5.13
4.5,-5.54,5.13
4.5,-5.54,5.13
3.25,-6.05,5.78
3.25,-6.05,5.78
3.25,-6.05,5.78
3.49,-7.74,7.55
3.49,-7.74,7.55
3.29,-7.17,7.64
2.39,-6.61,6.88
2.39,-6.61,6.88
2.39,-6.61,6.88
2.68,-7.5,7.58
2.68,-7.5,7.58
2.68,-7.5,7.58
2.26,-6.29,6.89
2.26,-6.29,6.89
2.26,-6.29,6.89
1.86,-7.7,7.4
1.86,-7.7,7.4
1.86,-7.7,7.4
2.32,-6.89,7.02
2.32,-6.89,7.02
1.8,-6.68,7.29
1.25,-8.43,7.96
1.25,-8.43,7.96
1.38,-7.53,7.37
1.38,-7.53,7.37
1.38,-7.53,7.37
0.18,-7.92,7.72
0.18,-7.92,7.72
0.18,-7.92,7.72
0.37,-7.64,8.19
0.56,-6.81,7.71
0.56,-6.81,7.71
0.3,-6.5,7.43
0.3,-6.5,7.43
0.3,-6.5,7.43
-0.35,-7.55,7.96
-0.35,-7.55,7.96
-0.35,-7.55,7.96
-0.21,-6.59,7.41
-0.21,-6.59,7.41
-0.46,-6.42,7.21
-1.48,-6.92,7.31
-1.48,-6.92,7.31
-1.48,-6.92,7.31
-1.65,-6.67,6.96
-1.65,-6.67,6.96
-1.65,-6.67,6.96
-2.35,-7.13,7.28
-2.35,-7.13,7.28
-2.35,-7.13,7.28
-2.73,-7.98,7.0
-3.29,-8.69,5.89
-3.29,-8.69,5.89
-4.75,-8.2,5.32
-4.75,-8.2,5.32
-5.51,-6.93,4.66
-5.51,-6.93,4.66
-5.51,-6.93,4.66
-6.71,-6.2,4.27
-6.71,-6.2,4.27
-6.71,-6.2,4.27
-6.56,-6.26,4.12
-6.18,-6.2,4.06
-6.18,-6.2,4.06
-5.64,-5.76,4.01
-5.64,-5.76,4.01
-5.64,-5.76,4.01
-5.16,-5.78,4.18
-5.16,-5.78,4.18
-5.16,-5.78,4.18
-4.57,-5.65,4.4
-4.57,-5.65,4.4
-4.57,-5.65,4.4
-3.63,-5.82,4.78
-3.63,-5.82,4.78
-3.06,-6.1,5.09
-2.55,-6.92,5.63
-2.55,-6.92,5.63
-2.55,-6.92,5.63
-1.85,-6.46,5.63
-1.85,-6.46,5.63
-1.85,-6.46,5.63
-1.41,-6.87,5.91
-1.41,-6.87,5.91
-1.41,-6.87,5.91
-1.9,-8.44,6.56
-1.9,-8.44,6.56
-1.98,-8.54,6.64
-3.48,-7.32,7.08
-3.48,-7.32,7.08
-3.48,-7.32,7.08
-4.14,-7.73,7.72
-4.14,-7.73,7.72
-4.14,-7.73,7.72
-4.96,-5.95,6.72
-4.96,-5.95,6.72
-4.96,-5.95,6.72
-5.06,-5.3,6.04
-5.06,-5.3,6.04
-5.41,-5.07,5.99
-5.86,-5.15,5.39
-5.86,-5.15,5.39
-5.86,-5.15,5.39
-5.86,-4.97,4.92
-5.86,-4.97,4.92
-5.86,-4.97,4.92
-6.09,-6.45,4.61
-6.09,-6.45,4.61
-6.09,-6.45,4.61
-6.51,-5.56,3.1
-6.51,-5.56,3.1
-4.92,-6.41,4.01
-3.69,-6.35,7.08
-3.69,-6.35,7.08
-3.69,-6.35,7.08
-3.07,-7.61,7.38
-3.07,-7.61,7.38
-3.07,-7.61,7.38
-2.53,-5.17,7.43
-2.53,-5.17,7.43
-2.53,-5.17,7.43
-2.75,-7.37,7.26
-2.75,-7.37,7.26
-2.75,-7.37,7.26
-3.92,-7.61,6.32
-3.92,-7.61,6.32
-3.92,-7.61,6.32
-4.45,-9.04,5.77
-4.45,-9.04,5.77
-4.45,-9.04,5.77
-5.17,-6.75,5.3
-5.17,-6.75,5.3
-5.75,-6.34,5.27
-5.78,-4.41,4.53
-5.78,-4.41,4.53
-5.78,-4.41,4.53
-5.67,-5.21,5.06
-5.67,-5.21,5.06
-5.67,-5.21,5.06
-5.5,-4.85,5.21
-5.5,-4.85,5.21
-5.5,-4.85,5.21
-4.95,-5.46,5.41
-4.95,-5.46,5.41
-4.95,-5.46,5.41
-3.68,-6.21,5.53
-3.68,-6.21,5.53
-3.68,-6.21,5.53
-3.41,-5.71,5.21
-3.41,-5.71,5.21
-3.41,-5.71,5.21
-3.55,-6.02,4.78
-3.55,-6.02,4.78
-3.55,-6.02,4.78
-4.61,-6.61,4.33
-4.61,-6.61,4.33
-4.61,-6.61,4.33
-6.79,-6.55,3.57
-6.79,-6.55,3.57
-6.79,-6.55,3.57
-8.25,-6.09,4.79
-8.25,-6.09,4.79
-8.25,-6.09,4.79
-5.88,-7.03,8.56
-5.88,-7.03,8.56
-5.88,-7.03,8.56
-5.23,-5.42,6.93
-5.23,-5.42,6.93
-5.23,-5.42,6.93
-4.64,-2.74,5.64
-4.64,-2.74,5.64
-2.69,-2.42,7.96
-1.99,-7.63,7.77
-1.99,-7.63,7.77
-1.99,-7.63,7.77
-0.85,-5.6,8.62
-0.85,-5.6,8.62
-0.85,-5.6,8.62
-1.62,-5.77,7.14
-1.62,-5.77,7.14
-1.62,-5.77,7.14
-2.98,-8.07,7.95
-2.95,-9.45,8.97
-2.95,-9.45,8.97
-2.34,-8.29,8.66
-2.34,-8.29,8.66
-2.34,-8.29,8.66
-0.29,-7.35,8.13
-0.29,-7.35,8.13
-0.29,-7.35,8.13
1.57,-5.64,9.07
1.57,-5.64,9.07
0.91,-6.14,8.65
-1.67,-6.93,6.46
-1.67,-6.93,6.46
-1.67,-6.93,6.46
-3.06,-5.29,4.09
-3.06,-5.29,4.09
-3.06,-5.29,4.09
-4.37,-5.66,3.95
-4.37,-5.66,3.95
-4.37,-5.66,3.95
-3.65,-6.3,4.53
-3.65,-6.3,4.53
-3.65,-6.3,4.53
-2.86,-6.37,4.79
-2.86,-6.37,4.79
-2.2,-5.71,5.29
-1.72,-6.99,6.97
-1.72,-6.99,6.97
-1.72,-6.99,6.97
-0.21,-7.22,8.2
-0.21,-7.22,8.2
-0.21,-7.22,8.2
-1.4,-6.47,6.73
-1.4,-6.47,6.73
-1.4,-6.47,6.73
-2.92,-6.34,6.24
-2.92,-6.34,6.24
-3.38,-6.15,6.67
-3.79,-8.03,6.62
-3.79,-8.03,6.62
-3.79,-8.03,6.62
-3.95,-7.98,6.33
-3.95,-7.98,6.33
-4.35,-6.08,5.51
-4.35,-6.08,5.51
-4.35,-6.08,5.51
-5.13,-5.67,4.82
-5.13,-5.67,4.82
-5.75,-5.44,4.79
-6.57,-5.2,4.72
-6.57,-5.2,4.72
-6.57,-5.2,4.72
-6.42,-4.4,6.48
-6.42,-4.4,6.48
-6.42,-4.4,6.48
-6.37,-6.16,7.69
-6.37,-6.16,7.69
-6.37,-6.16,7.69
-5.0,-5.04,6.84
-5.0,-5.04,6.84
-4.85,-5.28,6.54
-4.09,-5.83,6.09
-4.09,-5.83,6.09
-4.09,-5.83,6.09
-2.95,-5.05,8.61
-2.95,-5.05,8.61
-2.95,-5.05,8.61
-2.34,-4.87,8.35
-2.34,-4.87,8.35
-2.15,-4.32,8.74
-1.25,-4.76,9.3
-1.25,-4.76,9.3
-0.57,-4.89,9.03
-2.02,-6.55,7.41
-2.02,-6.55,7.41
-2.02,-6.55,7.41
-3.72,-5.26,5.86
-3.72,-5.26,5.86
-3.56,-6.28,7.94
-3.56,-6.28,7.94
-3.56,-6.28,7.94
-3.51,-5.3,9.1
-3.54,-4.48,8.79
-3.54,-4.48,8.79
-3.49,-4.86,8.18
-3.49,-4.86,8.18
-3.49,-4.86,8.18
-3.46,-4.86,7.4
-3.46,-4.86,7.4
-3.46,-4.86,7.4
-3.91,-4.82,6.24
-3.91,-4.82,6.24
-3.91,-4.82,6.24
-4.35,-5.05,6.36
-4.5,-5.31,6.77
-4.5,-5.31,6.77
-3.74,-5.64,8.01
-3.74,-5.64,8.01
-3.74,-5.64,8.01
-3.59,-5.05,7.8
-3.59,-5.05,7.8
-3.59,-5.05,7.8
-3.4,-5.18,6.91
-3.4,-5.18,6.91
-3.25,-5.49,6.71
-3.19,-5.51,6.71
-3.2,-5.51,6.95
-3.2,-5.51,6.95
-3.4,-5.74,7.66
-3.4,-5.74,7.66
-3.4,-5.74,7.66
-3.83,-5.39,8.14
-3.83,-5.39,8.14
-3.83,-5.39,8.14
-3.5,-5.46,7.55
-3.5,-5.46,7.55
-3.39,-5.79,7.49
-3.39,-6.22,6.69
-3.39,-6.22,6.69
-3.39,-6.22,6.69
-1.79,-5.17,8.09
-1.79,-5.17,8.09
-1.79,-5.17,8.09
-2.96,-4.81,8.67
-2.96,-4.81,8.67
-2.96,-4.81,8.67
-2.18,-5.07,7.79
-2.18,-5.07,7.79
-2.18,-5.07,7.79
-1.71,-7.09,8.19
-1.71,-7.09,8.19
-1.71,-7.09,8.19
-1.58,-6.63,7.48
-1.58,-6.63,7.48
-2.02,-7.14,7.2
-2.02,-7.14,7.2
-2.02,-7.14,7.2
-2.1,-5.98,6.8
-2.1,-5.98,6.8
-2.1,-5.98,6.8
-1.85,-5.29,6.42
-1.85,-5.29,6.42
-1.85,-5.29,6.42
-2.55,-6.4,5.69
-2.55,-6.4,5.69
-2.55,-6.4,5.69
-2.07,-7.88,6.21
-2.07,-7.88,6.21
-2.07,-7.88,6.21
-1.49,-7.11,6.33
-1.49,-7.11,6.33
-1.49,-7.11,6.33
-2.38,-6.35,6.63
-2.38,-6.35,6.63
-2.38,-6.35,6.63
-3.01,-7.71,6.4
-3.01,-7.71,6.4
-3.01,-7.71,6.4
-2.43,-6.86,6.28
-2.43,-6.86,6.28
-2.43,-6.86,6.28
-2.66,-7.4,6.78
-2.66,-7.4,6.78
-2.66,-7.4,6.78
-1.6,-6.65,7.62
-1.6,-6.65,7.62
-1.6,-6.65,7.62
-3.43,-6.41,6.64
-3.43,-6.41,6.64
-3.43,-6.41,6.64
-3.1,-6.87,5.78
-3.1,-6.87,5.78
-3.1,-6.87,5.78
-1.2,-7.43,6.8
-1.12,-7.63,7.06
-1.12,-7.63,7.06
-2.77,-6.27,5.91
-2.77,-6.27,5.91
-2.77,-6.27,5.91
-1.79,-6.79,6.05
-1.79,-6.79,6.05
-1.79,-6.79,6.05
-0.22,-7.0,6.27
-0.22,-7.0,6.27
-0.22,-7.0,6.27
-0.16,-8.1,6.39
-1.3,-8.09,6.33
-1.3,-8.09,6.33
-1.3,-8.09,6.33
-2.27,-5.99,6.44
-2.27,-5.99,6.44
-2.27,-5.99,6.44
-3.59,-6.75,6.36
-3.59,-6.75,6.36
-3.59,-6.75,6.36
-3.4,-7.25,7.16
-3.4,-7.25,7.16
-3.4,-7.25,7.16
-2.97,-6.42,6.5
-2.97,-6.42,6.5
-2.97,-6.42,6.5
-2.6,-6.11,5.94
-2.6,-6.11,5.94
-2.6,-6.11,5.94
-2.5,-4.49,5.89
-2.5,-4.49,5.89
-2.5,-4.49,5.89
-3.58,-7.07,8.35
-3.58,-7.07,8.35
-3.16,-6.82,8.28
-3.3,-5.87,5.55
-3.3,-5.87,5.55
-3.3,-5.87,5.55
-2.13,-7.74,6.35
-2.13,-7.74,6.35
-2.13,-7.74,6.35
-1.8,-7.81,7.16
-1.8,-7.81,7.16
-1.8,-7.81,7.16
-0.29,-7.97,8.53
-0.29,-7.97,8.53
-1.27,-7.55,8.24
-2.82,-7.21,7.23
-2.82,-7.21,7.23
-2.82,-7.21,7.23
-3.09,-6.63,6.16
-3.09,-6.63,6.16
-3.09,-6.63,6.16
-3.13,-6.37,6.47
-3.13,-6.37,6.47
-3.13,-6.37,6.47
-5.1,-6.17,6.16
-5.1,-6.17,6.16
-5.4,-5.86,6.08
-5.01,-5.96,6.36
-5.01,-5.96,6.36
-5.01,-5.96,6.36
-3.51,-5.99,6.92
-3.51,-5.99,6.92
-3.51,-5.99,6.92
-1.44,-5.49,6.73
-1.44,-5.49,6.73
-1.44,-5.49,6.73
-1.35,-5.54,6.78
-0.84,-6.2,5.39
-0.84,-6.2,5.39
-1.62,-6.94,5.27
-1.62,-6.94,5.27
-1.62,-6.94,5.27
-2.15,-9.12,5.44
-2.15,-9.12,5.44
-2.15,-9.12,5.44
-3.45,-9.27,5.84
-3.45,-9.27,5.84
-3.45,-9.27,5.84
-1.84,-7.82,5.69
-1.84,-7.82,5.69
-2.05,-6.18,6.52
-2.05,-6.18,6.52
-2.05,-6.18,6.52
-3.07,-6.47,7.32
-3.07,-6.47,7.32
-3.07,-6.47,7.32
-3.32,-6.06,7.15
-3.32,-6.06,7.15
-3.32,-6.06,7.15
-2.66,-5.44,6.97
-2.66,-5.44,6.97
-2.46,-5.75,6.39
-3.19,-8.96,6.78
-3.19,-8.96,6.78
-3.19,-8.96,6.78
-2.27,-5.66,5.59
-2.27,-5.66,5.59
-2.27,-5.66,5.59
-3.63,-5.21,6.27
-3.63,-5.21,6.27
-3.63,-5.21,6.27
-3.4,-7.44,8.01
-2.82,-7.66,8.11
-2.82,-7.66,8.11
-2.29,-6.01,6.59
-2.29,-6.01,6.59
-2.29,-6.01,6.59
-4.57,-5.16,5.19
-4.57,-5.16,5.19
-4.57,-5.16,5.19
-4.73,-7.23,6.4
-4.73,-7.23,6.4
-5.05,-8.45,7.48
-3.56,-6.26,7.98
-3.56,-6.26,7.98
-2.76,-5.87,7.48
-2.76,-5.87,7.48
-2.76,-5.87,7.48
-4.11,-5.2,5.37
-4.11,-5.2,5.37
-4.11,-5.2,5.37
-5.43,-6.54,5.54
-5.43,-6.54,5.54
-5.43,-6.54,5.54
-3.74,-8.13,7.06
-4.81,-8.12,7.06
-4.81,-8.12,7.06
-5.84,-5.61,7.37
-5.84,-5.61,7.37
-5.84,-5.61,7.37
-2.57,-6.1,6.73
-2.57,-6.1,6.73
-2.57,-6.1,6.73
0.2,-7.81,4.75
-1.73,-7.57,4.47
-1.73,-7.57,4.47
-3.38,-7.36,5.58
-3.38,-7.36,5.58
-3.38,-7.36,5.58
-1.63,-7.71,5.44
-1.63,-7.71,5.44
-1.63,-7.71,5.44
-2.56,-9.17,5.57
-2.56,-9.17,5.57
-2.56,-9.17,5.57
-3.6,-7.29,5.61
-3.6,-7.29,5.61
-3.6,-7.29,5.61
-4.91,-8.09,5.68
-4.91,-8.09,5.68
-4.91,-8.09,5.68
-4.1,-7.99,5.51
-4.1,-7.99,5.51
-4.1,-7.99,5.51
-3.21,-6.19,4.81
-3.21,-6.19,4.81
-3.21,-6.19,4.81
-2.7,-6.63,4.92
-2.7,-6.63,4.92
-2.21,-5.95,4.85
-0.37,-3.7,3.41
-0.37,-3.7,3.41
-0.37,-3.7,3.41
-1.37,-2.21,2.83
-1.37,-2.21,2.83
-1.37,-2.21,2.83
-3.07,-6.21,6.43
-3.07,-6.21,6.43
-3.07,-6.21,6.43
-3.51,-10.68,9.15
-4.17,-11.22,9.47
-4.17,-11.22,9.47
-4.17,-9.28,9.21
-4.17,-9.28,9.21
-4.17,-9.28,9.21
-4.25,-8.5,8.36
-4.25,-8.5,8.36
-4.25,-8.5,8.36
-4.24,-7.8,6.75
-4.24,-7.8,6.75
-4.24,-7.8,6.75
-4.0,-7.58,6.61
-4.0,-7.58,6.61
-4.0,-7.58,6.61
-5.17,-11.03,7.45
-5.17,-11.03,7.45
-5.17,-11.03,7.45
-4.59,-11.7,5.89
-4.59,-11.7,5.89
-4.59,-11.7,5.89
-3.86,-12.72,4.52
-3.86,-12.72,4.52
-3.86,-12.72,4.52
-1.81,-11.23,4.12
-1.47,-8.96,3.7
-1.47,-8.96,3.7
-1.1,-3.23,3.64
-1.1,-3.23,3.64
-1.1,-3.23,3.64
0.0,2.61,2.99
0.0,2.61,2.99
0.0,2.61,2.99
-0.14,3.5,5.41
-0.14,3.5,5.41
-0.14,3.5,5.41
-3.82,-3.7,5.8
-3.82,-3.7,5.8
-3.82,-3.7,5.8
-2.61,0.35,4.88
-2.61,0.35,4.88
-2.61,0.35,4.88
-4.91,-3.19,6.19
-4.91,-3.19,6.19
-4.91,-3.19,6.19
-6.68,-6.94,8.23
-6.68,-6.94,8.23
-6.68,-6.94,8.23
-6.02,-6.59,7.36
-6.02,-6.59,7.36
-6.02,-6.59,7.36
-6.08,-11.9,10.72
-4.02,-9.38,11.3
-4.02,-9.38,11.3
-5.69,-5.21,9.67
-5.69,-5.21,9.67
-5.69,-5.21,9.67
-4.28,-5.09,8.47
-4.28,-5.09,8.47
-4.28,-5.09,8.47
-3.37,-4.62,8.48
-3.37,-4.62,8.48
-3.37,-4.62,8.48
-2.15,-4.1,8.98
-2.15,-4.1,8.98
-2.15,-4.1,8.98
-1.7,-4.08,8.88
-1.7,-4.08,8.88
-1.7,-4.08,8.88
-1.19,-3.33,7.91
-1.19,-3.33,7.91
-1.19,-3.33,7.91
-1.37,-6.14,8.58
-1.37,-6.14,8.58
-1.37,-6.14,8.58
-0.98,-6.25,8.65
-0.98,-6.25,8.65
-0.98,-6.25,8.65
-0.09,-3.18,8.25
-0.09,-3.18,8.25
-0.09,-3.18,8.25
-0.72,-5.1,9.99
-0.72,-5.1,9.99
-0.94,-4.2,10.16
-1.22,-3.65,7.97
-1.22,-3.65,7.97
-1.22,-3.65,7.97
-1.98,-3.84,9.0
-1.98,-3.84,9.0
-1.98,-3.84,9.0
-3.09,-7.38,9.03
-3.09,-7.38,9.03
-3.09,-7.38,9.03
-3.55,-6.94,11.16
-3.55,-6.94,11.16
-3.55,-6.94,11.16
-4.46,-3.96,9.97
-4.56,-3.62,9.54
-4.27,-3.04,8.18
-4.27,-3.04,8.18
-4.27,-3.04,8.18
-2.66,-1.93,8.06
-2.66,-1.93,8.06
-2.66,-1.93,8.06
-3.8,-6.91,9.06
-3.8,-6.91,9.06
-3.8,-6.91,9.06
-3.51,-5.1,8.4
-3.51,-5.1,8.4
-2.87,-4.82,7.94
-2.24,-5.27,5.51
-2.24,-5.27,5.51
-2.24,-5.27,5.51
-3.18,-5.9,4.63
-3.18,-5.9,4.63
-3.44,-7.9,6.25
-3.44,-7.9,6.25
-3.44,-7.9,6.25
-3.1,-7.59,5.78
-3.1,-7.59,5.78
-2.92,-6.62,6.06
-3.26,-5.85,7.25
-3.26,-5.85,7.25
-3.26,-5.85,7.25
-2.96,-5.06,7.63
-2.96,-5.06,7.63
-2.96,-5.06,7.63
-2.51,-4.85,7.14
-2.51,-4.85,7.14
-2.51,-4.85,7.14
-2.32,-4.33,6.41
-2.32,-4.33,6.41
-2.83,-5.91,7.09
-3.88,-6.77,8.14
-4.19,-6.66,8.42
-4.19,-6.66,8.42
-4.63,-5.86,7.66
-4.63,-5.86,7.66
-4.63,-5.86,7.66
-4.16,-6.91,8.2
-4.16,-6.91,8.2
-4.16,-6.91,8.2
-3.85,-6.49,6.41
-3.68,-5.95,7.24
-3.68,-5.95,7.24
-3.44,-7.0,8.91
-3.44,-7.0,8.91
-3.44,-7.0,8.91
-2.81,-6.81,6.51
-2.81,-6.81,6.51
-2.81,-6.81,6.51
-2.41,-7.05,7.48
-2.41,-7.05,7.48
-2.41,-7.05,7.48
-1.68,-7.79,7.23
-1.68,-7.79,7.23
-1.68,-7.79,7.23
-1.65,-7.3,7.18
-1.65,-7.3,7.18
-1.65,-7.3,7.18
-0.61,-7.21,6.86
-0.61,-7.21,6.86
-0.61,-7.21,6.86
-0.58,-7.18,5.82
-0.58,-7.18,5.82
0.06,-5.55,5.46
0.79,-4.21,5.19
0.79,-4.21,5.19
0.53,-5.16,4.93
0.35,-8.72,5.77
0.35,-8.72,5.77
0.35,-8.72,5.77
0.67,-9.03,5.86
0.67,-9.03,5.86
0.67,-9.03,5.86
1.82,-7.28,4.55
1.82,-7.28,4.55
1.82,-7.28,4.55
-0.8,-4.13,0.52
-0.8,-4.13,0.52
-0.8,-4.13,0.52
-1.13,-8.27,0.18
-1.13,-8.27,0.18
-1.13,-8.27,0.18
0.1,-11.23,2.73
0.1,-11.23,2.73
0.1,-11.23,2.73
0.19,-11.17,2.01
0.19,-11.17,2.01
-0.42,-11.22,1.12
-0.23,-10.7,0.67
-0.23,-10.7,0.67
0.27,-11.02,0.82
0.18,-11.33,2.1
0.18,-11.33,2.1
0.18,-11.33,2.1
-0.81,-9.22,1.52
-0.81,-9.22,1.52
-0.81,-9.22,1.52
-0.63,-9.71,1.46
-0.63,-9.71,1.46
-0.63,-9.71,1.46
-0.87,-9.58,1.53
-0.87,-9.58,1.53
-0.87,-9.58,1.53
-1.47,-9.47,1.0
-1.47,-9.47,1.0
-1.47,-9.47,1.0
-1.96,-9.9,0.87
-1.96,-9.9,0.87
-1.96,-9.9,0.87
-2.21,-10.28,0.85
-2.21,-10.28,0.85
-2.21,-10.28,0.85
-1.77,-9.49,-0.11
-1.77,-9.49,-0.11
-1.77,-9.49,-0.11
-1.83,-9.99,0.61
-1.83,-9.99,0.61
-1.83,-9.99,0.61
-1.66,-9.03,0.81
-1.66,-9.03,0.81
-1.66,-9.03,0.81
-1.27,-8.79,0.94
-1.27,-8.79,0.94
-1.36,-9.04,1.12
-1.66,-9.23,1.21
-1.59,-8.53,0.72
-1.59,-8.53,0.72
-1.63,-8.03,0.52
-1.63,-8.03,0.52
-1.53,-8.46,0.32
-1.53,-8.46,0.32
-1.53,-8.46,0.32
-1.96,-8.67,0.64
-1.96,-8.67,0.64
-2.23,-8.97,-0.39
-2.23,-8.97,-0.39
-2.23,-8.97,-0.39
-2.22,-8.87,-1.23
-2.22,-8.87,-1.23
-2.22,-8.87,-1.23
-1.36,-9.92,-0.76
-1.36,-9.92,-0.76
-1.36,-9.92,-0.76
-1.34,-11.27,-0.44
-1.34,-11.27,-0.44
-1.34,-11.27,-0.44
-1.4,-11.38,-0.63
-1.4,-10.46,-0.46
-1.4,-10.46,-0.46
-2.1,-9.43,0.51
-2.1,-9.43,0.51
-2.1,-9.43,0.51
-3.1,-8.33,0.2
-3.1,-8.33,0.2
-3.1,-8.33,0.2
-3.94,-6.97,-0.73
-3.94,-6.97,-0.73
-3.94,-6.97,-0.73
-3.98,-9.38,-2.29
-3.98,-9.38,-2.29
-3.98,-9.38,-2.29
-5.18,-11.48,-3.57
-5.18,-11.48,-3.57
-5.18,-11.48,-3.57
-6.31,-16.59,-3.54
-6.31,-16.59,-3.54
-6.31,-16.59,-3.54
-4.05,-14.27,-4.55
-3.09,-13.36,-4.37
-3.09,-13.36,-4.37
-2.35,-13.02,-3.76
-2.35,-13.02,-3.76
-1.69,-12.45,-3.16
-0.89,-10.89,-2.18
-0.89,-10.89,-2.18
-0.89,-10.89,-2.18
-0.63,-8.01,-1.88
-0.63,-8.01,-1.88
-0.63,-8.01,-1.88
-0.02,-6.14,-1.57
0.61,-6.23,-1.29
0.84,-5.78,-1.87
1.29,-5.49,-2.35
1.29,-5.49,-2.35
2.53,-4.88,-2.16
2.53,-4.88,-2.16
2.53,-4.88,-2.16
2.7,-2.47,0.26
2.7,-2.47,0.26
2.7,-2.47,0.26
4.11,-2.49,-2.0
4.11,-2.49,-2.0
4.11,-2.49,-2.0
3.88,-2.27,-0.97
3.88,-2.27,-0.97
3.88,-2.27,-0.97
4.3,-3.16,-0.85
4.3,-3.16,-0.85
4.3,-3.16,-0.85
4.3,-3.65,-0.07
4.3,-3.65,-0.07
4.3,-3.65,-0.07
4.64,-5.29,0.73
4.64,-5.29,0.73
4.64,-5.29,0.73
3.82,-6.7,1.18
3.82,-6.7,1.18
3.82,-6.7,1.18
4.22,-7.27,1.05
4.22,-7.27,1.05
4.22,-7.27,1.05
2.58,-9.24,4.95
2.58,-9.24,4.95
2.58,-9.24,4.95
2.87,-9.68,5.25
2.87,-9.68,5.25
2.87,-9.68,5.25
2.55,-10.17,4.4
2.55,-10.17,4.4
2.55,-10.17,4.4
-0.57,-9.92,4.76
-0.57,-9.92,4.76
-0.57,-9.92,4.76
0.04,-9.95,4.78
0.04,-9.95,4.78
0.04,-9.95,4.78
-1.67,-10.97,6.24
-1.67,-10.97,6.24
-2.36,-13.72,6.34
-0.57,-8.16,5.86
-0.57,-8.16,5.86
-0.57,-8.16,5.86
-1.64,-11.72,8.22
-1.64,-11.72,8.22
-1.64,-11.72,8.22
-1.48,-8.61,5.96
-1.48,-8.61,5.96
-1.48,-8.61,5.96
-0.71,-9.65,8.21
-0.71,-9.65,8.21
-0.62,-8.78,6.79
-2.53,-7.15,5.89
-2.53,-7.15,5.89
-2.53,-7.15,5.89
-1.18,-9.14,5.67
-1.18,-9.14,5.67
-1.18,-9.14,5.67
-1.64,-8.12,5.97
-1.64,-8.12,5.97
-2.04,-8.37,6.46
-2.45,-8.12,6.24
-2.45,-8.12,6.24
-2.75,-7.44,5.79
-2.0,-8.8,6.57
-2.0,-8.8,6.57
-2.0,-8.8,6.57
-1.39,-7.95,6.59
-1.39,-7.95,6.59
-1.39,-7.95,6.59
-2.55,-7.38,6.45
-2.55,-7.38,6.45
-2.55,-7.38,6.45
-2.31,-7.41,6.69
-2.11,-7.27,6.63
-1.77,-7.33,6.68
-1.77,-7.33,6.68
-1.77,-7.33,6.68
-1.62,-7.2,6.81
-1.62,-7.2,6.81
-1.62,-7.2,6.81
-1.66,-6.97,6.64
-1.66,-6.97,6.64
-1.66,-6.97,6.64
-1.16,-7.03,6.71
-1.16,-7.03,6.71
-1.16,-7.03,6.71
-0.87,-6.49,6.46
-0.87,-6.49,6.46
-0.87,-6.49,6.46
-0.11,-7.27,6.88
-0.11,-7.27,6.88
-0.11,-7.27,6.88
0.19,-6.8,6.38
0.19,-6.8,6.38
0.19,-6.8,6.38
0.25,-6.46,6.18
0.25,-6.46,6.18
0.25,-6.46,6.18
-0.25,-7.02,5.64
-0.25,-7.02,5.64
-0.25,-7.02,5.64
-1.76,-5.99,4.96
-1.76,-5.99,4.96
-1.76,-5.99,4.96
-3.82,-7.36,6.57
-3.82,-7.36,6.57
-3.82,-7.36,6.57
-4.66,-7.01,5.25
-4.66,-7.01,5.25
-4.64,-7.34,5.41
-5.78,-7.63,5.65
-5.78,-7.63,5.65
-5.78,-7.63,5.65
-6.81,-7.2,3.95
-6.81,-7.2,3.95
-6.81,-7.2,3.95
-4.62,-8.41,5.46
-4.62,-8.41,5.46
-4.62,-8.41,5.46
-4.03,-7.03,5.55
-4.03,-7.03,5.55
-3.86,-6.87,5.32
-4.05,-6.76,5.42
-4.05,-6.76,5.42
-4.05,-6.76,5.42
-4.46,-6.91,5.32
-4.46,-6.91,5.32
-3.9,-7.18,5.88
-3.9,-7.18,5.88
-3.99,-7.32,5.68
-4.12,-6.97,5.4
-4.12,-6.97,5.4
-4.12,-6.97,5.4
-4.71,-6.33,4.72
-4.71,-6.33,4.72
-4.71,-6.33,4.72
-4.37,-7.24,5.5
-4.37,-7.24,5.5
-4.37,-7.24,5.5
-4.88,-6.44,5.25
-4.88,-6.44,5.25
-4.88,-6.44,5.25
-4.73,-5.78,5.32
-4.73,-5.78,5.32
-4.73,-5.78,5.32
-4.7,-6.65,5.45
-4.7,-6.65,5.45
-4.7,-6.65,5.45
-4.19,-6.72,5.43
-4.19,-6.72,5.43
-4.19,-6.72,5.43
-4.88,-6.7,5.37
-4.88,-6.7,5.37
-4.61,-7.11,5.52
-4.71,-6.51,5.51
-4.71,-6.51,5.51
-4.71,-6.51,5.51
-4.92,-6.89,5.73
-4.92,-6.89,5.73
-4.43,-6.43,6.09
-4.43,-6.43,6.09
-4.43,-6.43,6.09
-4.44,-5.85,5.51
-4.44,-5.85,5.51
-4.44,-5.85,5.51
-4.77,-6.83,5.52
-4.77,-6.83,5.52
-5.07,-6.3,5.06
-4.88,-5.58,4.97
-4.88,-5.58,4.97
-4.88,-5.58,4.97
-4.53,-6.77,5.9
-4.53,-6.77,5.9
-4.53,-6.77,5.9
-4.5,-5.9,5.37
-4.5,-5.9,5.37
-4.5,-5.9,5.37
-4.56,-6.16,5.56
-4.56,-6.16,5.56
-4.8,-6.33,5.71
-4.67,-5.9,5.63
-4.67,-5.9,5.63
-4.67,-5.9,5.63
-4.84,-6.3,5.79
-4.84,-6.3,5.79
-4.84,-6.3,5.79
-4.85,-6.01,5.55
-4.85,-5.98,5.6
-4.85,-5.98,5.6
-4.52,-6.11,5.67
-4.52,-6.11,5.67
-4.52,-6.11,5.67
-5.02,-5.84,5.58
-5.02,-5.84,5.58
-5.02,-5.84,5.58
-4.93,-5.93,5.33
-4.93,-5.93,5.33
-4.93,-5.93,5.33
-5.04,-5.84,5.72
-5.04,-5.84,5.72
-5.04,-5.84,5.72
-4.96,-6.11,5.81
-4.73,-5.83,5.62
-4.73,-5.83,5.62
-4.82,-6.06,5.49
-4.82,-6.06,5.49
-4.82,-6.06,5.49
-4.72,-5.98,5.59
-4.72,-5.98,5.59
-4.72,-5.98,5.59
-5.01,-6.09,5.79
-5.01,-6.09,5.79
-5.01,-6.09,5.79
-5.11,-6.02,5.61
-5.11,-6.02,5.61
-5.22,-6.09,5.52
-5.22,-5.99,5.53
-5.22,-5.99,5.53
-5.22,-5.99,5.53
-4.86,-6.1,5.72
-4.86,-6.1,5.72
-4.86,-6.1,5.72
-5.23,-5.91,5.39
-5.23,-5.91,5.39
-5.03,-6.01,5.51
-4.98,-6.58,6.08
-4.98,-6.58,6.08
-4.98,-6.58,6.08
-5.52,-6.53,5.32
-5.52,-6.53,5.32
-5.52,-6.53,5.32
-5.17,-5.52,4.91
-5.17,-5.52,4.91
-5.17,-5.52,4.91
-5.46,-6.21,6.23
-5.46,-6.21,6.23
-5.72,-7.5,6.57
-4.36,-6.29,5.79
-4.36,-6.29,5.79
-4.36,-6.29,5.79
-4.15,-6.58,6.19
-4.15,-6.58,6.19
-4.15,-6.58,6.19
-3.79,-6.93,5.91
-3.79,-6.93,5.91
-3.79,-6.93,5.91
-3.52,-5.75,5.66
-3.52,-5.75,5.66
-3.52,-5.75,5.66
-4.2,-8.31,6.98
-3.36,-8.05,7.03
-3.36,-8.05,7.03
-2.77,-5.29,6.27
-2.77,-5.29,6.27
-2.77,-5.29,6.27
-3.23,-5.7,6.42
-3.23,-5.7,6.42
-3.23,-5.7,6.42
-2.0,-6.47,6.8
-1.98,-6.63,6.59
-1.98,-6.63,6.59
-1.25,-6.19,6.69
-1.25,-6.19,6.69
-1.25,-6.19,6.69
-0.76,-5.55,6.75
-0.76,-5.55,6.75
-0.76,-5.55,6.75
-1.24,-5.63,6.37
-1.24,-5.63,6.37
-1.24,-5.63,6.37
-1.93,-6.42,6.85
-2.28,-6.41,7.03
-2.28,-6.41,7.03
-2.39,-6.39,7.03
-2.39,-6.39,7.03
-2.39,-6.39,7.03
-2.37,-6.24,6.59
-2.37,-6.24,6.59
-2.37,-6.24,6.59
-2.52,-6.08,7.44
-2.52,-6.08,7.44
-2.52,-6.08,7.44
-3.15,-6.42,7.7
-3.04,-6.31,7.6
-2.8,-6.05,7.5
-2.8,-6.05,7.5
-2.8,-6.05,7.5
-3.07,-6.37,7.48
-3.07,-6.37,7.48
-3.07,-6.37,7.48
-3.4,-6.07,7.69
-3.4,-6.07,7.69
-3.48,-6.13,7.73
-3.22,-6.2,7.57
-3.22,-6.2,7.57
-3.3,-6.1,6.97
-3.19,-6.18,6.8
-3.19,-6.18,6.8
-3.19,-6.18,6.8
-3.13,-6.49,6.76
-3.13,-6.49,6.76
-3.13,-6.49,6.76
-2.91,-6.17,6.27
-2.91,-6.17,6.27
-2.81,-6.12,6.27
-2.46,-6.22,6.41
-2.46,-6.22,6.41
-2.46,-6.22,6.41
-2.49,-6.57,6.12
-2.49,-6.57,6.12
-2.49,-6.57,6.12
-2.54,-6.14,6.25
-2.54,-6.14,6.25
-2.54,-6.14,6.25
-2.42,-7.07,6.45
-2.42,-7.07,6.45
-2.42,-7.07,6.45
-2.36,-6.66,6.65
-2.36,-6.66,6.65
-2.28,-7.02,6.83
-2.28,-6.67,6.68
-2.28,-6.67,6.68
-2.28,-6.67,6.68
-2.3,-6.86,6.69
-2.3,-6.86,6.69
-2.3,-6.86,6.69
-2.36,-7.05,6.55
-2.36,-7.05,6.55
-2.43,-6.5,6.67
-2.43,-6.5,6.67
-2.43,-6.5,6.67
-2.35,-6.78,6.81
-2.35,-6.78,6.81
-2.35,-6.78,6.81
-2.41,-6.49,6.84
-2.41,-6.49,6.84
-2.41,-6.49,6.84
-2.48,-6.36,6.87
-2.48,-6.36,6.87
-2.48,-6.36,6.87
-2.79,-6.48,6.78
-2.79,-6.48,6.78
-2.84,-6.21,6.65
-3.09,-6.14,6.67
-3.09,-6.14,6.67
-3.09,-6.14,6.67
-2.58,-6.34,6.52
-2.58,-6.34,6.52
-2.58,-6.34,6.52
-2.61,-6.3,6.32
-2.61,-6.3,6.32
-2.61,-6.3,6.32
-2.86,-6.57,6.33
-2.86,-6.57,6.33
-2.86,-6.57,6.33
-3.06,-6.92,6.61
-3.06,-6.92,6.61
-3.06,-6.92,6.61
-3.28,-6.56,6.48
-3.28,-6.56,6.48
-3.28,-6.56,6.48
-2.32,-6.34,6.62
-2.32,-6.34,6.62
-2.32,-6.34,6.62
-2.28,-6.38,6.91
-2.28,-6.38,6.91
-2.11,-6.63,6.89
-3.33,-6.08,6.37
-3.33,-6.08,6.37
-3.33,-6.08,6.37
-3.34,-6.69,6.68
-3.34,-6.69,6.68
-3.34,-6.69,6.68
-3.36,-6.55,6.52
-3.36,-6.55,6.52
-3.36,-6.55,6.52
-2.9,-6.41,6.73
-2.9,-6.41,6.73
-2.78,-6.49,6.69
-2.68,-6.42,6.47
-2.68,-6.42,6.47
-2.68,-6.42,6.47
-2.24,-7.22,6.72
-2.24,-7.22,6.72
-2.24,-7.22,6.72
-2.68,-7.6,6.89
-2.68,-7.6,6.89
-2.68,-7.6,6.89
-2.36,-7.1,6.58
-2.36,-7.1,6.58
-3.12,-7.25,6.4
-3.14,-6.56,6.09
-3.14,-6.56,6.09
-3.14,-6.56,6.09
-2.98,-6.63,6.58
-2.98,-6.63,6.58
-2.98,-6.63,6.58
-2.95,-6.41,6.91
-2.95,-6.41,6.91
-2.95,-6.41,6.91
-3.18,-6.29,6.63
-3.18,-6.29,6.63
-3.18,-6.29,6.63
-3.08,-6.26,6.32
-3.08,-6.26,6.32
-3.08,-6.26,6.32
-2.69,-6.32,6.47
-2.69,-6.32,6.47
-2.69,-6.32,6.47
-2.7,-6.73,7.06
-2.7,-6.73,7.06
-2.7,-6.73,7.06
-3.04,-6.65,6.91
-2.96,-6.86,6.57
-2.96,-6.86,6.57
-3.3,-7.07,5.42
-3.3,-7.07,5.42
-3.3,-7.07,5.42
-3.31,-7.11,6.06
-3.31,-7.11,6.06
-2.88,-6.56,6.52
-2.88,-6.56,6.52
-2.81,-6.06,6.51
-2.84,-5.86,6.55
-2.84,-5.86,6.55
-2.84,-5.86,6.55
-3.21,-5.34,6.27
-3.21,-5.34,6.27
-3.21,-5.34,6.27
-3.11,-5.59,6.52
-3.11,-5.59,6.52
-3.11,-5.59,6.52
-3.18,-6.41,6.99
-3.18,-6.41,6.99
-3.18,-6.41,6.99
-2.68,-7.32,7.97
-2.68,-7.32,7.97
-2.68,-7.32,7.97
-2.63,-6.11,7.54
-2.63,-6.11,7.54
-2.63,-6.11,7.54
-2.96,-5.66,6.93
-2.96,-5.66,6.93
-2.96,-5.66,6.93
-3.31,-6.21,6.84
-3.23,-6.59,6.87
-3.23,-6.59,6.87
-2.86,-6.28,6.32
-2.86,-6.28,6.32
-2.86,-6.28,6.32
-2.75,-6.34,6.33
-2.75,-6.34,6.33
-2.75,-6.34,6.33
-2.59,-7.23,7.17
-2.59,-7.23,7.17
-2.59,-7.23,7.17
-2.49,-6.47,6.56
-2.49,-6.47,6.56
-2.72,-6.35,6.29
-2.9,-6.88,6.79
-2.9,-6.88,6.79
-2.9,-6.88,6.79
-2.54,-6.65,7.12
-2.54,-6.65,7.12
-2.54,-6.65,7.12
-2.78,-5.97,6.35
-2.78,-5.97,6.35
-2.78,-5.97,6.35
-2.82,-6.45,6.59
-2.82,-6.45,6.59
-2.99,-6.65,6.72
-2.96,-6.46,6.57
-2.96,-6.46,6.57
-2.96,-6.46,6.57
-2.9,-6.52,6.68
-2.9,-6.52,6.68
-2.9,-6.52,6.68
-2.83,-6.6,7.0
-2.83,-6.6,7.0
-2.83,-6.6,7.0
-3.04,-6.34,6.75
-3.04,-6.22,6.74
-3.04,-6.22,6.74
-3.13,-6.51,6.95
-3.13,-6.51,6.95
-3.13,-6.51,6.95
-2.97,-6.56,7.22
-2.97,-6.56,7.22
-2.97,-6.56,7.22
-2.77,-6.65,6.91
-2.77,-6.65,6.91
-2.77,-6.65,6.91
-3.03,-7.24,7.21
-3.03,-7.24,7.21
-3.03,-7.24,7.21
-2.97,-6.8,6.88
-2.97,-6.8,6.88
-2.51,-6.95,6.97
-2.51,-6.95,6.97
-2.51,-6.95,6.97
-2.88,-6.86,6.94
-2.88,-6.86,6.94
-2.88,-6.86,6.94
-3.24,-5.69,6.7
-3.24,-5.69,6.7
-3.24,-5.69,6.7
-2.69,-7.14,6.55
-2.69,-7.14,6.55
-2.69,-7.14,6.55
-2.49,-6.11,5.69
-2.49,-6.11,5.69
-2.49,-6.11,5.69
-2.4,-7.13,6.82
-2.4,-7.13,6.82
-2.4,-7.13,6.82
-2.0,-8.01,6.9
-2.0,-8.01,6.9
-2.26,-7.14,6.22
-1.97,-6.44,6.14
-1.97,-6.44,6.14
-1.97,-6.44,6.14
-2.29,-7.9,7.01
-2.29,-7.9,7.01
-2.29,-7.9,7.01
-2.21,-7.6,6.95
-2.21,-7.6,6.95
-2.21,-7.6,6.95
-1.78,-7.2,6.82
-1.78,-7.2,6.82
-1.67,-7.7,6.55
-1.64,-7.58,6.36
-1.64,-7.58,6.36
-1.64,-7.58,6.36
-1.74,-7.71,5.76
-1.74,-7.71,5.76
-1.74,-7.71,5.76
-1.54,-7.31,5.78
-1.54,-7.31,5.78
-1.54,-7.31,5.78
-1.91,-7.99,5.42
-1.91,-7.99,5.42
-2.08,-7.41,5.26
-1.77,-8.26,6.05
-1.77,-8.26,6.05
-1.77,-8.26,6.05
-1.71,-8.23,6.35
-1.71,-8.23,6.35
-1.71,-8.23,6.35
-1.93,-7.73,5.44
-1.93,-7.73,5.44
-1.93,-7.73,5.44
-1.47,-7.86,4.73
-1.47,-7.86,4.73
-1.47,-7.86,4.73
-1.47,-8.76,4.62
-1.47,-8.76,4.62
-1.47,-8.76,4.62
-1.36,-8.9,4.79
-1.36,-8.9,4.79
-1.36,-8.9,4.79
-1.33,-9.18,4.65
-1.33,-9.18,4.65
-1.33,-9.18,4.65
-1.43,-9.25,4.33
-1.43,-9.25,4.33
-1.43,-9.25,4.33
-1.26,-10.04,4.26
-1.36,-9.99,4.3
-1.36,-9.99,4.3
-1.46,-9.31,3.99
-1.46,-9.31,3.99
-1.46,-9.31,3.99
-1.61,-10.43,3.37
-1.61,-10.43,3.37
-1.61,-10.43,3.37
-1.34,-9.6,3.03
-1.34,-9.6,3.03
-1.21,-9.02,2.54
-1.11,-10.2,2.72
-1.11,-10.2,2.72
-1.11,-10.2,2.72
-1.14,-9.16,2.17
-1.14,-9.16,2.17
-1.14,-9.16,2.17
-1.32,-9.74,1.43
-1.32,-9.74,1.43
-1.23,-9.3,1.25
-0.78,-9.22,1.36
-0.78,-9.22,1.36
-0.82,-10.48,1.39
-0.62,-9.02,1.35
-0.62,-9.02,1.35
-0.62,-9.02,1.35
-0.34,-9.49,0.3
-0.34,-9.49,0.3
-0.34,-9.49,0.3
-0.45,-8.12,-0.36
-0.45,-8.12,-0.36
-0.45,-8.12,-0.36
-0.85,-8.07,-0.55
-0.85,-8.07,-0.55
0.34,-8.72,-0.66
0.55,-9.45,-1.58
0.55,-9.45,-1.58
0.55,-9.45,-1.58
0.02,-10.1,0.6
0.02,-10.1,0.6
0.02,-10.1,0.6
1.82,-7.67,-3.59
1.82,-7.67,-3.59
1.36,-8.03,-3.46
1.8,-8.68,-3.26
1.8,-8.68,-3.26
1.8,-8.68,-3.26
1.93,-8.22,-3.14
1.93,-8.22,-3.14
1.93,-8.22,-3.14
2.26,-8.25,-3.7
2.26,-8.25,-3.7
2.26,-8.25,-3.7
2.34,-7.96,-3.52
2.34,-7.96,-3.52
2.34,-7.96,-3.52
2.13,-7.8,-4.38
2.13,-7.8,-4.38
2.13,-7.8,-4.38
2.64,-7.73,-4.82
2.64,-7.73,-4.82
2.64,-7.73,-4.82
2.48,-7.02,-4.7
2.48,-7.02,-4.7
2.48,-7.02,-4.7
1.92,-7.32,-4.83
1.92,-7.32,-4.83
1.92,-7.32,-4.83
2.45,-6.9,-4.97
2.45,-6.9,-4.97
2.45,-6.9,-4.97
3.2,-6.26,-5.25
3.2,-6.26,-5.25
3.2,-6.26,-5.25
3.12,-7.23,-5.08
3.12,-7.23,-5.08
3.12,-7.23,-5.08
2.65,-5.8,-5.23
2.65,-5.8,-5.23
2.65,-5.8,-5.23
2.67,-6.58,-4.95
2.54,-5.89,-5.03
2.54,-5.89,-5.03
2.74,-6.29,-5.49
2.74,-6.29,-5.49
2.74,-6.29,-5.49
3.31,-6.4,-5.7
3.31,-6.4,-5.7
3.31,-6.4,-5.7
2.91,-5.98,-5.7
2.91,-5.98,-5.7
3.27,-5.78,-5.67
3.39,-6.12,-5.83
3.39,-6.12,-5.83
3.25,-5.87,-5.91
2.79,-6.05,-6.41
2.79,-6.05,-6.41
2.79,-6.05,-6.41
3.17,-6.06,-6.39
3.17,-6.06,-6.39
3.61,-6.54,-6.4
3.61,-6.54,-6.4
3.21,-7.01,-6.54
3.14,-6.98,-5.63
3.14,-6.98,-5.63
3.14,-6.98,-5.63
2.94,-6.93,-6.26
2.94,-6.93,-6.26
2.94,-6.93,-6.26
3.18,-6.95,-6.45
3.18,-6.95,-6.45
3.18,-6.95,-6.45
2.86,-7.48,-6.17
2.86,-7.48,-6.17
2.86,-7.48,-6.17
2.51,-6.35,-5.9
2.51,-6.35,-5.9
2.51,-6.35,-5.9
2.68,-7.15,-6.16
2.68,-7.15,-6.16
2.68,-7.15,-6.16
2.46,-5.83,-6.19
2.46,-5.83,-6.19
2.46,-5.83,-6.19
3.09,-6.71,-6.32
3.09,-6.71,-6.32
2.82,-6.5,-6.41
2.81,-7.32,-6.08
2.81,-7.32,-6.08
2.81,-7.32,-6.08
2.74,-6.18,-6.11
2.74,-6.18,-6.11
2.74,-6.18,-6.11
2.4,-6.27,-6.28
2.4,-6.27,-6.28
2.4,-6.27,-6.28
2.27,-6.4,-6.41
2.27,-6.4,-6.41
2.27,-6.4,-6.41
2.23,-6.72,-6.17
2.23,-6.72,-6.17
2.23,-6.72,-6.17
2.37,-7.63,-6.04
2.37,-7.63,-6.04
2.37,-7.63,-6.04
2.41,-7.15,-6.15
2.41,-7.15,-6.15
2.41,-7.15,-6.15
2.96,-7.91,-5.73
2.61,-7.3,-5.94
2.61,-7.3,-5.94
2.94,-7.32,-5.92
2.94,-7.32,-5.92
2.94,-7.32,-5.92
2.58,-7.32,-6.03
2.58,-7.32,-6.03
2.58,-7.32,-6.03
2.26,-7.15,-6.35
2.26,-7.15,-6.35
2.26,-7.15,-6.35
2.19,-7.0,-6.22
2.19,-7.0,-6.22
2.19,-7.0,-6.22
2.24,-6.44,-5.91
2.24,-6.44,-5.91
2.24,-6.44,-5.91
2.0,-6.62,-6.27
2.0,-6.62,-6.27
2.0,-6.62,-6.27
2.15,-7.08,-6.46
2.15,-7.08,-6.46
2.15,-7.08,-6.46
2.11,-7.1,-6.54
2.11,-7.1,-6.54
2.11,-7.1,-6.54
2.1,-6.82,-5.98
2.1,-6.82,-5.98
2.1,-6.82,-5.98
2.02,-6.94,-6.3
2.02,-6.94,-6.3
2.02,-6.94,-6.3
2.12,-6.95,-6.18
2.12,-6.95,-6.18
2.12,-6.95,-6.18
2.06,-7.14,-6.19
2.06,-7.14,-6.19
2.06,-7.14,-6.19
1.97,-6.96,-6.08
2.01,-7.07,-6.12
2.01,-7.07,-6.12
2.09,-6.79,-5.8
2.09,-6.79,-5.8
2.09,-6.79,-5.8
2.19,-7.05,-5.97
2.19,-7.05,-5.97
2.19,-7.05,-5.97
2.15,-7.12,-6.25
2.15,-7.12,-6.25
2.15,-7.12,-6.25
2.02,-7.26,-5.97
2.02,-7.26,-5.97
2.02,-7.26,-5.97
1.71,-6.59,-6.26
1.71,-6.59,-6.26
1.71,-6.59,-6.26
1.91,-7.56,-5.9
1.91,-7.56,-5.9
1.91,-7.56,-5.9
1.94,-7.05,-6.15
1.94,-7.05,-6.15
1.94,-7.05,-6.15
2.09,-6.77,-6.01
2.09,-6.77,-6.01
2.09,-6.77,-6.01
2.03,-6.79,-6.24
2.03,-6.79,-6.24
2.03,-6.79,-6.24
1.91,-7.28,-6.04
1.91,-7.28,-6.04
1.91,-7.28,-6.04
1.64,-6.81,-6.34
1.64,-6.81,-6.34
1.64,-6.81,-6.34
2.15,-7.17,-6.15
2.15,-7.17,-6.15
2.15,-7.17,-6.15
1.92,-6.65,-6.43
1.92,-6.65,-6.43
1.92,-6.65,-6.43
1.93,-6.91,-6.02
1.93,-6.91,-6.02
1.93,-6.91,-6.02
1.83,-6.92,-6.01
1.83,-6.92,-6.01
1.88,-7.27,-6.16
1.76,-6.66,-6.34
1.76,-6.66,-6.34
1.76,-6.66,-6.34
1.88,-7.01,-6.25
1.88,-7.01,-6.25
1.88,-7.01,-6.25
1.7,-6.89,-6.2
1.7,-6.89,-6.2
1.7,-6.89,-6.2
1.8,-7.17,-6.19
1.8,-7.17,-6.19
1.82,-6.9,-6.1
2.11,-7.23,-6.03
2.11,-7.23,-6.03
1.98,-6.7,-6.02
1.98,-6.7,-6.02
1.98,-6.7,-6.02
1.95,-7.01,-5.94
1.95,-7.01,-5.94
1.95,-7.01,-5.94
1.76,-6.99,-5.98
1.76,-6.99,-5.98
1.69,-7.33,-6.02
1.84,-6.8,-6.07
1.84,-6.8,-6.07
1.84,-6.8,-6.07
1.68,-6.82,-5.94
1.68,-6.82,-5.94
1.68,-6.82,-5.94
1.61,-6.77,-6.02
1.61,-6.77,-6.02
1.61,-6.77,-6.02
1.82,-7.33,-6.09
1.82,-7.33,-6.09
1.8,-6.93,-6.12
1.8,-6.93,-6.12
1.8,-6.93,-6.12
1.82,-7.55,-5.95
1.82,-7.55,-5.95
1.82,-7.55,-5.95
2.17,-7.32,-5.6
2.17,-7.32,-5.6
2.16,-7.48,-5.55
1.94,-6.91,-6.03
1.94,-6.91,-6.03
1.94,-6.74,-6.14
1.65,-6.91,-5.68
1.65,-6.91,-5.68
1.65,-6.91,-5.68
1.0,-6.8,-6.2
1.0,-6.8,-6.2
1.0,-6.8,-6.2
1.88,-7.29,-5.91
1.88,-7.29,-5.91
1.27,-7.38,-6.08
1.01,-7.25,-5.92
1.21,-7.5,-5.87
1.21,-7.5,-5.87
1.66,-6.95,-6.02
1.66,-6.95,-6.02
1.66,-6.95,-6.02
1.42,-6.54,-6.37
1.42,-6.54,-6.37
1.68,-7.21,-5.44
1.68,-7.21,-5.44
1.68,-7.21,-5.44
1.52,-7.99,-5.67
1.54,-7.98,-5.63
1.54,-7.98,-5.63
1.76,-8.05,-5.04
1.76,-8.05,-5.04
1.76,-8.05,-5.04
0.95,-6.89,-5.27
0.95,-6.89,-5.27
0.95,-6.89,-5.27
1.27,-6.83,-6.05
1.27,-6.83,-6.05
1.27,-6.83,-6.05
1.31,-7.0,-5.31
1.31,-7.0,-5.31
1.31,-7.0,-5.31
1.05,-7.85,-5.18
1.05,-7.85,-5.18
1.05,-7.85,-5.18
1.33,-8.25,-5.85
1.33,-8.25,-5.85
1.33,-8.25,-5.85
1.58,-7.63,-5.22
1.58,-7.63,-5.22
1.91,-7.6,-4.91
1.58,-7.45,-5.24
1.58,-7.45,-5.24
1.58,-7.45,-5.24
1.2,-7.2,-5.13
1.2,-7.2,-5.13
1.2,-7.2,-5.13
1.21,-7.2,-5.24
1.21,-7.2,-5.24
1.21,-7.2,-5.24
1.47,-8.48,-5.05
1.47,-8.48,-5.05
1.47,-8.48,-5.05
1.44,-8.43,-5.18
1.44,-8.43,-5.18
1.44,-8.43,-5.18
1.44,-7.6,-5.56
1.44,-7.6,-5.56
1.44,-7.6,-5.56
1.04,-6.61,-5.32
1.04,-6.61,-5.32
1.04,-6.61,-5.32
2.05,-8.28,-4.86
2.05,-8.28,-4.86
1.94,-8.5,-4.92
1.94,-8.5,-4.92
2.07,-8.57,-4.88
1.81,-7.18,-5.06
1.81,-7.18,-5.06
1.81,-7.18,-5.06
1.25,-7.92,-5.22
1.25,-7.92,-5.22
1.25,-7.92,-5.22
-0.09,-8.65,-5.55
-0.09,-8.65,-5.55
-0.09,-8.65,-5.55
2.95,-9.33,-4.6
2.95,-9.33,-4.6
1.98,-8.34,-4.71
0.33,-8.89,-5.38
0.33,-8.89,-5.38
0.33,-8.89,-5.38
0.72,-7.77,-5.21
0.72,-7.77,-5.21
0.72,-7.77,-5.21
1.82,-7.44,-5.05
1.82,-7.44,-5.05
1.82,-7.44,-5.05
1.59,-7.39,-5.85
1.59,-7.39,-5.85
1.58,-8.46,-5.24
1.16,-8.0,-5.54
1.16,-8.0,-5.54
1.16,-8.0,-5.54
1.76,-8.37,-5.72
1.76,-8.37,-5.72
1.76,-8.37,-5.72
0.46,-8.77,-6.01
0.46,-8.77,-6.01
0.46,-8.77,-6.01
0.86,-8.31,-5.58
-0.21,-8.4,-6.0
-0.21,-8.4,-6.0
0.91,-8.11,-5.7
0.91,-8.11,-5.7
0.91,-8.11,-5.7
1.3,-6.79,-5.94
1.3,-6.79,-5.94
1.3,-6.79,-5.94
1.19,-5.46,-7.06
0.86,-6.37,-6.21
0.86,-6.37,-6.21
3.01,-6.01,-5.99
3.01,-6.01,-5.99
3.01,-6.01,-5.99
0.38,-4.97,-6.58
0.38,-4.97,-6.58
0.38,-4.97,-6.58
-1.82,-7.61,-6.11
1.88,-3.43,-7.7
1.88,-3.43,-7.7
1.88,-3.43,-7.7
-0.65,-8.04,-6.36
-0.65,-8.04,-6.36
1.87,-3.38,-6.63
-1.68,-6.7,-6.72
-1.68,-6.7,-6.72
-1.68,-6.7,-6.72
0.95,-5.16,-7.22
0.95,-5.16,-7.22
0.95,-5.16,-7.22
-0.49,-5.91,-7.99
-0.49,-5.91,-7.99
0.53,-6.8,-7.59
1.46,-4.9,-7.75
1.46,-4.9,-7.75
1.46,-4.9,-7.75
-0.81,-6.65,-7.63
-0.81,-6.65,-7.63
-0.81,-6.65,-7.63
0.02,-5.51,-7.29
0.02,-5.51,-7.29
0.02,-5.51,-7.29
-1.09,-6.37,-6.59
-1.09,-6.37,-6.59
0.16,-4.26,-7.4
1.05,-5.28,-7.63
-0.37,-7.56,-7.39
-0.37,-7.56,-7.39
0.69,-4.61,-7.34
0.69,-4.61,-7.34
0.69,-4.61,-7.34
-1.82,-7.78,-7.13
-1.82,-7.78,-7.13
-1.82,-7.78,-7.13
1.14,-4.98,-6.96
1.14,-4.98,-6.96
-0.17,-6.65,-6.87
0.39,-3.81,-7.14
0.39,-3.81,-7.14
0.39,-3.81,-7.14
-0.55,-6.39,-7.45
-0.55,-6.39,-7.45
-0.55,-6.39,-7.45
0.98,-4.66,-7.34
0.98,-4.66,-7.34
0.98,-4.66,-7.34
-0.32,-5.84,-8.34
-0.32,-5.84,-8.34
0.51,-6.55,-8.12
0.57,-4.02,-7.21
0.57,-4.02,-7.21
0.57,-4.02,-7.21
-0.86,-7.42,-8.05
-0.86,-7.42,-8.05
-0.86,-7.42,-8.05
0.86,-5.38,-6.78
0.86,-5.38,-6.78
0.86,-5.38,-6.78
-1.04,-5.34,-7.48
-1.04,-5.34,-7.48
0.72,-5.38,-6.99
-0.87,-6.16,-7.02
-0.87,-6.16,-7.02
-0.87,-6.16,-7.02
0.31,-5.81,-7.79
0.31,-5.81,-7.79
0.31,-5.81,-7.79
-0.11,-5.63,-7.47
-0.11,-5.63,-7.47
-0.11,-5.63,-7.47
0.57,-5.67,-7.22
0.57,-5.67,-7.22
0.57,-5.67,-7.22
-0.45,-5.24,-7.18
-0.45,-5.24,-7.18
-0.45,-5.24,-7.18
0.52,-5.42,-7.65
0.52,-5.42,-7.65
0.52,-5.42,-7.65
-0.53,-5.96,-7.3
-0.53,-5.96,-7.3
-0.53,-5.96,-7.3
-0.87,-5.67,-7.59
-0.87,-5.67,-7.59
-0.87,-5.67,-7.59
0.04,-5.43,-7.05
0.04,-5.43,-7.05
0.04,-5.43,-7.05
0.05,-5.84,-7.6
0.05,-5.84,-7.6
0.05,-5.84,-7.6
-0.23,-5.74,-7.4
-0.23,-5.74,-7.4
-0.23,-5.74,-7.4
0.33,-5.55,-7.59
0.33,-5.55,-7.59
0.33,-5.55,-7.59
0.03,-5.76,-7.66
0.03,-5.76,-7.66
0.03,-5.76,-7.66
-0.29,-5.9,-7.37
-0.29,-5.9,-7.37
-0.29,-5.9,-7.37
-0.55,-5.06,-7.29
-0.55,-5.06,-7.29
-0.55,-5.06,-7.29
-0.3,-5.39,-7.59
-0.3,-5.39,-7.59
-0.3,-5.39,-7.59
-0.3,-6.53,-7.42
-0.3,-6.53,-7.42
-0.3,-6.53,-7.42
0.39,-5.14,-7.33
0.39,-5.14,-7.33
-0.12,-5.82,-7.25
-0.12,-5.82,-7.25
-0.12,-5.82,-7.25
-0.12,-4.94,-7.42
-0.12,-4.94,-7.42
-0.79,-6.37,-7.78
0.97,-4.98,-7.32
0.97,-4.98,-7.32
0.97,-4.98,-7.32
-0.86,-5.84,-7.66
-0.86,-5.84,-7.66
-0.86,-5.84,-7.66
0.25,-5.14,-7.47
0.25,-5.14,-7.47
0.25,-5.14,-7.47
-0.56,-5.59,-7.63
-0.56,-5.59,-7.63
-0.56,-5.59,-7.63
-0.36,-5.72,-7.32
-0.36,-5.72,-7.32
-0.36,-5.72,-7.32
-0.36,-5.47,-7.71
-0.36,-5.47,-7.71
-0.36,-5.47,-7.71
-0.14,-5.69,-7.45
-0.14,-5.69,-7.45
-0.14,-5.69,-7.45
-0.37,-5.53,-7.49
-0.34,-5.48,-7.3
-0.34,-5.48,-7.3
-0.57,-5.53,-7.39
-0.57,-5.53,-7.39
-0.57,-5.53,-7.39
0.05,-5.9,-7.39
0.05,-5.9,-7.39
0.05,-5.9,-7.39
-0.12,-5.47,-7.74
-0.12,-5.47,-7.74
-0.12,-5.47,-7.74
-0.22,-5.66,-7.16
-0.12,-5.16,-7.3
-0.12,-5.16,-7.3
-0.6,-6.18,-7.38
-0.6,-6.18,-7.38
-0.6,-6.18,-7.38
0.42,-5.14,-7.53
0.42,-5.14,-7.53
0.42,-5.14,-7.53
-0.7,-5.55,-7.22
-0.7,-5.55,-7.22
-0.7,-5.55,-7.22
-0.02,-5.94,-7.56
-0.02,-5.94,-7.56
-0.02,-5.94,-7.56
-0.5,-5.75,-7.72
-0.5,-5.75,-7.72
-0.5,-5.75,-7.72
-0.18,-5.55,-7.51
-0.18,-5.55,-7.51
-0.18,-5.55,-7.51
-0.21,-5.48,-7.22
-0.21,-5.48,-7.22
-0.21,-5.48,-7.22
-0.01,-5.57,-7.56
-0.01,-5.57,-7.56
-0.27,-5.64,-7.62
-0.16,-5.88,-7.59
-0.16,-5.88,-7.59
-0.2,-5.49,-7.38
-0.2,-5.49,-7.38
-0.2,-5.49,-7.38
-0.35,-5.27,-7.36
-0.35,-5.27,-7.36
-0.35,-5.27,-7.36
-0.4,-5.62,-7.49
-0.26,-5.78,-7.59
-0.26,-5.78,-7.59
-0.82,-5.67,-7.54
-0.82,-5.67,-7.54
-0.82,-5.67,-7.54
0.42,-5.33,-7.24
0.42,-5.33,-7.24
0.42,-5.33,-7.24
-0.9,-5.75,-7.7
-0.9,-5.75,-7.7
-0.9,-5.75,-7.7
0.36,-5.57,-7.39
-0.03,-5.5,-7.31
-0.03,-5.5,-7.31
-0.27,-5.46,-7.48
-0.27,-5.46,-7.48
-0.27,-5.46,-7.48
-0.44,-5.78,-7.42
-0.44,-5.78,-7.42
-0.44,-5.78,-7.42
-0.12,-5.34,-7.6
-0.12,-5.34,-7.6
-0.12,-5.37,-7.36
0.12,-5.38,-7.23
-0.94,-5.94,-7.49
-0.94,-5.94,-7.49
0.27,-5.38,-7.24
0.27,-5.38,-7.24
0.27,-5.38,-7.24
-0.86,-5.77,-7.67
-0.86,-5.77,-7.67
-0.86,-5.77,-7.67
0.14,-5.44,-7.52
0.14,-5.44,-7.52
0.14,-5.44,-7.52
-0.29,-5.76,-7.66
-0.29,-5.76,-7.66
-0.29,-5.76,-7.66
0.05,-5.04,-7.36
0.05,-5.04,-7.36
0.05,-5.04,-7.36
-0.27,-5.93,-7.31
-0.27,-5.93,-7.31
-0.27,-5.93,-7.31
-0.12,-5.32,-7.47
-0.12,-5.32,-7.47
-0.67,-5.7,-7.46
0.17,-5.38,-7.59
0.17,-5.38,-7.59
0.17,-5.38,-7.59
-0.67,-5.66,-7.45
-0.67,-5.66,-7.45
-0.67,-5.66,-7.45
-0.12,-5.46,-7.37
-0.12,-5.46,-7.37
-0.12,-5.46,-7.37
-0.79,-5.38,-7.59
0.19,-5.41,-7.49
0.19,-5.41,-7.49
-0.44,-5.72,-7.6
-0.44,-5.72,-7.6
-0.44,-5.72,-7.6
0.21,-5.05,-7.31
0.21,-5.05,-7.31
0.21,-5.05,-7.31
-0.96,-5.61,-7.72
-0.96,-5.61,-7.72
-0.96,-5.61,-7.72
0.05,-5.38,-7.15
0.05,-5.38,-7.15
-0.54,-5.95,-7.46
-0.97,-5.95,-7.81
-0.05,-5.29,-7.38
-0.05,-5.29,-7.38
-0.28,-5.25,-7.48
-0.28,-5.25,-7.48
-0.28,-5.25,-7.48
-0.36,-5.84,-7.49
-0.36,-5.84,-7.49
-0.36,-5.84,-7.49
-0.1,-5.31,-7.44
-0.1,-5.31,-7.44
-0.44,-5.54,-7.77
0.33,-5.43,-7.26
0.33,-5.43,-7.26
0.33,-5.43,-7.26
-0.6,-5.58,-7.88
-0.6,-5.58,-7.88
-0.6,-5.58,-7.88
-0.14,-5.22,-7.26
-0.14,-5.22,-7.26
-0.14,-5.22,-7.26
-1.03,-5.55,-7.4
-1.03,-5.55,-7.4
-0.67,-5.98,-7.95
-0.67,-5.98,-7.95
-0.67,-5.98,-7.95
0.51,-5.46,-7.09
0.51,-5.46,-7.09
0.51,-5.46,-7.09
-0.69,-5.21,-7.84
-0.69,-5.21,-7.84
-0.69,-5.21,-7.84
-0.26,-6.35,-7.04
-0.26,-6.35,-7.04
-0.28,-5.79,-6.92
-0.89,-5.64,-7.84
-0.89,-5.64,-7.84
-0.89,-5.64,-7.84
0.03,-5.14,-7.23
0.03,-5.14,-7.23
0.03,-5.14,-7.23
-0.33,-5.89,-7.65
-0.33,-5.89,-7.65
-0.33,-5.89,-7.65
-0.05,-5.43,-7.14
-0.05,-5.43,-7.14
-0.73,-5.6,-7.56
-0.28,-5.2,-7.23
-0.28,-5.2,-7.23
-0.28,-5.2,-7.23
-0.23,-5.57,-7.81
-0.23,-5.57,-7.81
-0.23,-5.57,-7.81
-0.12,-5.89,-7.24
-0.12,-5.89,-7.24
-0.12,-5.89,-7.24
-0.36,-5.4,-7.16
-0.36,-5.4,-7.16
-0.36,-5.4,-7.16
-0.46,-5.32,-7.55
-0.46,-5.32,-7.55
-0.46,-5.32,-7.55
-0.23,-6.1,-7.19
-0.23,-6.1,-7.19
-0.23,-6.1,-7.19
-0.34,-5.63,-7.63
-0.34,-5.63,-7.63
-0.34,-5.63,-7.63
-0.07,-5.7,-7.09
-0.07,-5.7,-7.09
-0.35,-5.52,-7.42
-0.14,-5.95,-7.59
-0.14,-5.95,-7.59
-0.14,-5.95,-7.59
-0.33,-5.32,-7.34
-0.33,-5.32,-7.34
-0.33,-5.32,-7.34
-0.34,-5.73,-7.55
-0.34,-5.73,-7.55
-0.34,-5.73,-7.55
-0.52,-5.24,-7.19
-0.52,-5.24,-7.19
-0.52,-5.24,-7.19
-0.16,-5.64,-7.37
-0.16,-5.64,-7.37
-0.16,-5.64,-7.37
-0.4,-5.43,-7.68
-0.4,-5.43,-7.68
-0.4,-5.43,-7.68
-0.49,-5.63,-7.47
-0.49,-5.63,-7.47
-0.49,-5.63,-7.47
0.0,-5.02,-7.45
0.0,-5.02,-7.45
-0.85,-5.93,-7.59
0.15,-5.0,-7.29
0.15,-5.0,-7.29
0.15,-5.0,-7.29
-0.56,-6.0,-7.75
-0.56,-6.0,-7.75
-0.56,-6.0,-7.75
0.13,-5.22,-7.28
0.13,-5.22,-7.28
-0.5,-5.22,-7.64
-0.61,-6.02,-7.64
-0.61,-6.02,-7.64
-0.17,-5.89,-7.22
-0.58,-5.32,-7.53
-0.58,-5.32,-7.53
-0.58,-5.32,-7.53
-0.31,-5.81,-7.41
-0.31,-5.81,-7.41
-0.31,-5.81,-7.41
0.01,-5.0,-7.36
0.01,-5.0,-7.36
0.01,-5.0,-7.36
-1.14,-5.81,-7.68
0.01,-5.32,-7.18
0.01,-5.32,-7.18
-0.59,-5.55,-7.63
-0.59,-5.55,-7.63
-0.59,-5.55,-7.63
0.03,-5.38,-7.21
0.03,-5.38,-7.21
0.03,-5.38,-7.21
-0.64,-5.75,-7.8
-0.64,-5.75,-7.8
-0.64,-5.75,-7.8
0.07,-5.38,-7.38
0.07,-5.38,-7.38
-0.33,-5.86,-7.49
-0.27,-5.38,-7.22
-0.27,-5.38,-7.22
-0.27,-5.38,-7.22
-0.64,-5.71,-7.6
-0.64,-5.71,-7.6
-0.64,-5.71,-7.6
0.34,-5.26,-7.21
0.34,-5.26,-7.21
0.34,-5.26,-7.21
-0.46,-5.6,-7.53
-0.46,-5.6,-7.53
-0.46,-5.6,-7.53
-0.59,-5.45,-7.45
-0.59,-5.45,-7.45
-0.59,-5.45,-7.45
-0.34,-5.19,-7.41
-0.34,-5.19,-7.41
-0.34,-5.19,-7.41
-0.16,-5.49,-7.5
-0.16,-5.49,-7.5
-0.16,-5.49,-7.5
-0.47,-5.7,-7.43
-0.47,-5.7,-7.43
-0.13,-5.86,-7.44
-0.16,-5.75,-7.72
-0.16,-5.75,-7.72
-0.16,-5.75,-7.72
0.05,-5.01,-7.2
0.05,-5.01,-7.2
0.05,-5.01,-7.2
-0.83,-5.83,-7.71
-0.83,-5.83,-7.71
-0.83,-5.83,-7.71
0.29,-4.95,-7.27
0.29,-4.95,-7.27
-0.9,-5.55,-7.88
0.29,-5.14,-7.11
0.29,-5.14,-7.11
0.29,-5.14,-7.11
-0.52,-5.39,-7.74
-0.52,-5.39,-7.74
-0.52,-5.39,-7.74
0.03,-5.87,-7.37
0.03,-5.87,-7.37
0.03,-5.87,-7.37
-0.18,-5.86,-7.53
-0.18,-5.86,-7.53
-0.18,-5.86,-7.53
-0.21,-4.79,-7.59
-0.21,-4.79,-7.59
-0.21,-4.79,-7.59
-0.17,-5.87,-7.1
-0.17,-5.87,-7.1
-0.17,-5.87,-7.1
-0.4,-5.12,-7.85
-0.4,-5.12,-7.85
-0.4,-5.12,-7.85
-0.11,-5.38,-7.5
-0.11,-5.38,-7.5
-0.11,-5.38,-7.5
-0.94,-6.06,-7.57
-0.94,-6.06,-7.57
0.54,-4.65,-7.4
0.54,-4.65,-7.4
0.54,-4.65,-7.4
0.01,-5.8,-7.37
0.01,-5.8,-7.37
0.07,-5.17,-7.21
-0.5,-5.46,-7.74
-0.21,-5.77,-7.93
-0.21,-5.77,-7.93
0.09,-5.83,-7.3
0.09,-5.83,-7.3
0.09,-5.83,-7.3
0.1,-4.86,-7.59
0.1,-4.86,-7.59
0.1,-4.86,-7.59
-0.27,-5.91,-7.32
-0.27,-5.91,-7.32
-0.27,-5.91,-7.32
-0.65,-6.23,-7.64
-0.65,-6.23,-7.64
-0.65,-6.23,-7.64
0.26,-5.26,-7.5
0.26,-5.26,-7.5
0.26,-5.26,-7.5
-0.24,-5.44,-7.84
-0.24,-5.44,-7.84
-0.24,-5.44,-7.84
0.17,-5.19,-7.05
0.17,-5.19,-7.05
0.17,-5.19,-7.05
-0.38,-5.69,-7.6
-0.38,-5.69,-7.6
-0.38,-5.69,-7.6
-0.16,-5.44,-7.63
-0.16,-5.44,-7.63
-0.16,-5.44,-7.63
0.24,-5.79,-7.49
0.24,-5.79,-7.49
0.24,-5.79,-7.49
-0.18,-5.15,-7.86
-0.18,-5.15,-7.86
-0.12,-5.5,-7.66
-0.04,-5.33,-7.53
-0.04,-5.33,-7.53
-0.04,-5.33,-7.53
0.16,-5.46,-7.33
0.16,-5.46,-7.33
0.16,-5.46,-7.33
-0.2,-4.92,-7.88
-0.2,-4.92,-7.88
-0.2,-4.92,-7.88
-0.48,-6.64,-7.28
-0.48,-6.64,-7.28
-0.57,-6.1,-7.12
0.16,-4.76,-7.52
0.16,-4.76,-7.52
0.16,-4.76,-7.52
-0.38,-5.59,-7.34
-0.38,-5.59,-7.34
-0.38,-5.59,-7.34
0.32,-5.8,-7.5
0.32,-5.8,-7.5
0.32,-5.8,-7.5
-0.56,-5.39,-7.73
-0.56,-5.39,-7.73
0.21,-5.14,-7.59
-0.72,-5.87,-7.74
-0.72,-5.87,-7.74
-0.72,-5.87,-7.74
1.0,-4.64,-7.39
1.0,-4.64,-7.39
-0.95,-6.32,-7.73
-0.95,-6.32,-7.73
-0.95,-6.32,-7.73
-0.18,-5.22,-7.25
-0.18,-5.22,-7.25
-0.18,-5.22,-7.25
0.18,-5.04,-7.14
0.18,-5.04,-7.14
0.18,-5.04,-7.14
-0.27,-5.62,-7.67
-0.27,-5.62,-7.67
-0.27,-5.62,-7.67
-0.41,-5.84,-7.49
-0.41,-5.84,-7.49
-0.41,-5.84,-7.49
-0.26,-5.36,-7.77
-0.26,-5.36,-7.77
-0.26,-5.36,-7.77
-0.55,-5.39,-7.48
-0.55,-5.39,-7.48
-0.55,-5.39,-7.48
0.45,-6.06,-7.52
0.45,-6.06,-7.52
0.45,-6.06,-7.52
-0.55,-5.33,-7.76
-0.55,-5.33,-7.76
-0.55,-5.33,-7.76
0.53,-5.34,-7.45
0.53,-5.34,-7.45
-0.66,-6.46,-7.28
-0.59,-5.04,-7.44
0.39,-4.09,-7.49
0.39,-4.09,-7.49
-0.9,-6.17,-7.62
-0.9,-6.17,-7.62
-0.9,-6.17,-7.62
-0.01,-5.49,-7.62
-0.01,-5.49,-7.62
-0.01,-5.49,-7.62
0.4,-4.82,-7.67
0.4,-4.82,-7.67
-0.34,-4.98,-7.93
-1.09,-6.36,-7.36
0.08,-5.3,-7.12
0.08,-5.3,-7.12
-0.45,-5.84,-7.72
-0.45,-5.84,-7.72
-0.45,-5.84,-7.72
0.09,-5.38,-7.56
0.09,-5.38,-7.56
0.09,-5.38,-7.56
0.19,-5.48,-7.52
0.19,-5.48,-7.52
0.19,-5.48,-7.52
-0.41,-5.81,-7.57
-0.41,-5.81,-7.57
-0.41,-5.81,-7.57
-0.44,-5.2,-7.37
-0.44,-5.2,-7.37
-0.44,-5.2,-7.37
0.04,-5.78,-7.67
0.04,-5.78,-7.67
0.04,-5.78,-7.67
-0.16,-5.71,-7.34
-0.16,-5.71,-7.34
-0.16,-5.71,-7.34
-0.3,-5.76,-7.32
-0.3,-5.76,-7.32
-0.3,-5.76,-7.32
0.07,-4.87,-7.71
0.07,-4.87,-7.71
0.07,-4.87,-7.71
-0.45,-6.02,-7.31
-0.45,-6.02,-7.31
-0.45,-6.02,-7.31
-0.41,-5.13,-7.74
-0.41,-5.13,-7.74
-0.41,-5.13,-7.74
-0.19,-5.03,-7.71
-0.19,-5.03,-7.71
-0.19,-5.03,-7.71
-0.09,-5.77,-7.27
-0.09,-5.77,-7.27
-0.09,-5.77,-7.27
-0.01,-4.99,-7.82
-0.01,-4.99,-7.82
-0.01,-4.99,-7.82
-0.34,-5.82,-7.29
-0.34,-5.82,-7.29
-0.51,-5.29,-7.51
0.53,-5.33,-7.54
0.53,-5.33,-7.54
0.53,-5.33,-7.54
-0.71,-5.78,-7.86
-0.71,-5.78,-7.86
-0.71,-5.78,-7.86
0.22,-5.28,-7.39
0.22,-5.28,-7.39
-0.17,-5.02,-7.54
-0.17,-5.02,-7.54
0.45,-5.06,-7.64
-0.59,-6.04,-7.71
-0.59,-6.04,-7.71
-0.59,-6.04,-7.71
0.47,-5.22,-7.21
0.47,-5.22,-7.21
0.47,-5.22,-7.21
-0.53,-5.58,-7.78
-0.53,-5.58,-7.78
0.29,-4.91,-7.45
0.31,-5.59,-7.06
0.31,-5.59,-7.06
-0.32,-5.67,-7.61
0.04,-5.49,-7.43
0.04,-5.49,-7.43
0.04,-5.49,-7.43
0.07,-5.44,-7.95
0.07,-5.44,-7.95
0.07,-5.44,-7.95
0.19,-5.41,-7.01
0.19,-5.41,-7.01
0.19,-5.41,-7.01
-0.78,-5.8,-7.79
-0.78,-5.8,-7.79
0.05,-6.0,-7.39
-0.08,-5.28,-7.72
-0.08,-5.28,-7.72
-0.08,-5.28,-7.72
0.3,-5.47,-7.49
0.3,-5.47,-7.49
0.3,-5.47,-7.49
-0.6,-5.37,-7.39
-0.6,-5.37,-7.39
-0.6,-5.37,-7.39
0.25,-5.22,-7.38
0.25,-5.22,-7.38
-0.3,-5.94,-7.24
0.59,-4.93,-7.63
0.59,-4.93,-7.63
0.59,-4.93,-7.63
0.18,-5.81,-7.97
0.18,-5.81,-7.97
0.18,-5.81,-7.97
3.35,-3.4,-10.34
3.35,-3.4,-10.34
