aX,aY,aZ
-28.04,2.36,-6.52
14.61,-6.46,4.97
14.61,-6.46,4.97
14.61,-6.46,4.97
16.62,-1.65,-8.26
16.62,-1.65,-8.26
16.62,-1.65,-8.26
4.25,-8.04,-9.8
4.25,-8.04,-9.8
4.25,-8.04,-9.8
2.8,-4.81,-7.71
2.8,-4.81,-7.71
2.2,-4.34,-7.62
-0.28,-6.26,-7.64
-0.28,-6.26,-7.64
-0.28,-6.26,-7.64
1.02,-5.44,-7.04
1.02,-5.44,-7.04
1.02,-5.44,-7.04
2.37,-4.99,-7.59
2.37,-4.99,-7.59
2.21,-5.31,-8.06
2.37,-5.68,-7.8
2.37,-5.68,-7.8
1.93,-4.74,-8.26
1.93,-4.74,-8.26
1.93,-4.74,-8.26
1.48,-5.54,-7.43
1.48,-5.54,-7.43
1.48,-5.54,-7.43
1.74,-5.54,-7.36
1.74,-5.54,-7.36
1.28,-5.57,-7.58
1.08,-5.42,-7.66
1.08,-5.42,-7.66
1.25,-5.1,-7.38
1.78,-5.47,-7.33
1.78,-5.47,-7.33
1.78,-5.47,-7.33
1.1,-5.32,-7.88
1.1,-5.32,-7.88
1.1,-5.32,-7.88
1.85,-5.54,-7.25
1.85,-5.54,-7.25
1.85,-5.54,-7.25
1.62,-5.5,-7.81
1.62,-5.5,-7.81
1.62,-5.5,-7.81
1.65,-5.74,-7.17
1.65,-5.74,-7.17
1.65,-5.74,-7.17
1.92,-5.68,-7.59
1.92,-5.68,-7.59
1.92,-5.68,-7.59
1.56,-5.25,-7.58
1.56,-5.25,-7.58
1.85,-5.12,-7.46
2.13,-5.45,-7.33
2.13,-5.45,-7.33
1.81,-5.78,-7.54
1.74,-5.49,-7.46
1.74,-5.49,-7.46
1.74,-5.49,-7.46
1.67,-5.73,-7.21
1.67,-5.73,-7.21
1.67,-5.73,-7.21
1.3,-5.86,-7.46
1.3,-5.86,-7.46
1.17,-6.16,-7.38
1.32,-5.98,-7.22
1.54,-5.72,-7.14
1.54,-5.72,-7.14
1.98,-5.76,-7.27
1.98,-5.76,-7.27
1.98,-5.76,-7.27
2.28,-5.77,-7.5
2.28,-5.77,-7.5
2.28,-5.77,-7.5
2.43,-5.57,-7.65
2.43,-5.57,-7.65
2.43,-5.57,-7.65
2.15,-5.63,-7.34
2.15,-5.63,-7.34
2.15,-5.63,-7.34
2.1,-5.46,-7.45
2.1,-5.46,-7.45
2.1,-5.46,-7.45
2.18,-5.16,-7.38
2.18,-5.16,-7.38
2.18,-5.16,-7.38
1.99,-5.72,-7.38
1.99,-5.72,-7.38
1.99,-5.72,-7.38
2.03,-5.42,-7.52
2.03,-5.42,-7.52
2.03,-5.42,-7.52
2.22,-5.3,-7.34
2.22,-5.3,-7.34
2.22,-5.3,-7.34
1.81,-5.46,-7.23
1.81,-5.46,-7.23
1.81,-5.46,-7.23
1.65,-5.29,-7.02
1.65,-5.29,-7.02
1.65,-5.3,-6.85
1.57,-5.37,-6.92
1.56,-5.24,-6.96
1.56,-5.24,-6.96
1.95,-5.17,-6.73
1.95,-5.17,-6.73
1.95,-5.17,-6.73
2.31,-4.83,-6.94
2.31,-4.83,-6.94
2.31,-4.83,-6.94
1.98,-5.61,-7.41
1.98,-5.61,-7.41
1.98,-5.61,-7.41
2.83,-6.57,-6.84
2.83,-6.57,-6.84
2.83,-6.57,-6.84
3.23,-7.1,-6.64
3.23,-7.1,-6.64
3.23,-7.1,-6.64
1.81,-6.91,-6.4
1.81,-6.91,-6.4
1.81,-6.91,-6.4
2.93,-6.25,-5.77
2.93,-6.25,-5.77
2.93,-6.25,-5.77
2.11,-4.85,-5.4
2.11,-4.85,-5.4
2.11,-4.85,-5.4
1.6,-5.53,-4.85
1.6,-5.53,-4.85
1.6,-5.53,-4.85
1.82,-5.32,-4.19
1.82,-5.32,-4.19
1.82,-5.32,-4.19
2.5,-6.73,-4.01
2.5,-6.73,-4.01
2.5,-6.73,-4.01
3.16,-7.03,-3.69
3.16,-7.03,-3.69
3.16,-7.03,-3.69
3.83,-7.72,-2.8
3.83,-7.72,-2.8
3.83,-7.72,-2.8
4.95,-7.45,-1.76
4.95,-7.45,-1.76
4.95,-7.45,-1.76
4.6,-8.92,-1.83
4.6,-8.92,-1.83
4.6,-8.92,-1.83
4.29,-9.44,-0.48
4.29,-9.44,-0.48
4.29,-9.44,-0.48
3.59,-9.33,0.01
3.59,-9.33,0.01
3.59,-9.33,0.01
2.7,-11.12,0.5
2.7,-11.12,0.5
2.7,-11.12,0.5
2.27,-11.09,0.72
2.27,-11.09,0.72
1.75,-11.06,0.63
0.67,-10.34,3.36
0.67,-10.34,3.36
0.67,-10.34,3.36
0.24,-10.04,0.83
0.24,-10.04,0.83
0.24,-10.04,0.83
1.19,-10.71,2.59
1.19,-10.71,2.59
1.82,-9.81,2.11
1.82,-9.81,2.11
1.82,-9.81,2.11
1.39,-9.58,0.72
1.39,-9.58,0.72
-0.66,-10.67,1.13
-0.66,-10.67,1.13
-0.66,-10.67,1.13
-2.1,-9.82,1.85
-2.1,-9.82,1.85
-2.1,-9.82,1.85
-3.64,-10.78,2.24
-3.64,-10.78,2.24
-5.02,-10.69,1.69
-3.85,-10.01,2.15
-3.85,-10.01,2.15
-3.01,-9.97,2.73
-3.01,-9.97,2.73
-3.01,-9.97,2.73
-2.71,-9.84,2.45
-2.71,-9.84,2.45
-2.71,-9.84,2.45
-1.45,-8.38,1.57
-1.45,-8.38,1.57
-1.61,-8.79,1.59
-1.04,-9.46,2.17
-1.04,-9.46,2.17
-1.04,-9.46,2.17
-0.99,-8.94,1.83
-0.99,-8.94,1.83
-0.99,-8.94,1.83
-1.06,-9.07,2.47
-1.06,-9.07,2.47
-1.06,-9.07,2.47
-0.64,-11.07,2.88
-1.15,-12.1,2.57
-1.15,-12.1,2.57
-1.82,-12.12,1.27
-1.82,-12.12,1.27
-1.82,-12.12,1.27
-1.38,-14.27,1.76
-1.38,-14.27,1.76
-1.38,-14.27,1.76
-2.44,-13.82,1.47
-2.44,-13.82,1.47
-2.44,-13.82,1.47
-1.97,-13.73,1.68
-1.97,-13.73,1.68
-1.8,-13.77,2.08
-1.75,-11.85,1.83
-1.75,-11.85,1.83
-1.75,-11.85,1.83
-1.66,-10.68,1.75
-1.66,-10.68,1.75
-1.66,-10.68,1.75
-1.61,-9.18,0.58
-1.61,-9.18,0.58
-1.25,-8.69,0.22
-0.94,-8.63,-0.05
-0.74,-8.82,-0.3
-0.74,-8.82,-0.3
-0.26,-8.66,-0.43
-0.26,-8.66,-0.43
-0.26,-8.66,-0.43
1.16,-5.33,-9.39
1.16,-5.33,-9.39
1.16,-5.33,-9.39
1.22,-6.38,-3.96
1.22,-6.38,-3.96
0.93,-6.53,-4.16
0.71,-6.12,-4.32
1.1,-5.17,-4.64
1.2,-3.73,-5.14
1.2,-3.73,-5.14
1.2,-3.73,-5.14
1.47,-4.84,-5.04
1.47,-4.84,-5.04
1.47,-4.84,-5.04
0.79,-3.52,-6.41
0.79,-3.52,-6.41
1.17,-2.71,-6.76
1.77,-2.92,-6.86
1.8,-3.72,-6.72
1.8,-3.72,-6.72
2.09,-4.14,-7.08
2.09,-4.14,-7.08
2.09,-4.14,-7.08
2.09,-3.14,-7.0
2.09,-3.14,-7.0
2.09,-3.14,-7.0
2.45,-3.95,-6.57
2.45,-3.95,-6.57
2.91,-3.76,-6.42
3.35,-4.01,-6.36
3.35,-4.01,-6.36
3.35,-4.01,-6.36
3.41,-4.42,-5.57
3.41,-4.42,-5.57
3.41,-4.42,-5.57
4.57,-5.19,-5.44
4.57,-5.19,-5.44
4.57,-5.19,-5.44
5.11,-4.63,-4.76
5.11,-4.63,-4.76
5.11,-4.63,-4.76
4.08,-4.05,-2.17
4.08,-4.05,-2.17
4.08,-4.05,-2.17
3.46,-4.98,-0.99
3.46,-4.98,-0.99
3.46,-4.98,-0.99
2.54,-4.14,0.04
2.54,-4.14,0.04
2.54,-4.14,0.04
2.95,-2.63,0.36
2.95,-2.63,0.36
2.95,-2.63,0.36
3.41,-5.89,1.18
3.41,-5.89,1.18
3.41,-5.89,1.18
0.93,-5.86,0.47
0.93,-5.86,0.47
0.93,-5.86,0.47
4.05,-6.42,5.21
4.05,-6.42,5.21
4.05,-6.42,5.21
-1.22,-13.63,7.08
-3.61,-13.4,5.57
-3.61,-13.4,5.57
-3.26,-13.71,5.73
-3.17,-14.32,5.6
-3.17,-14.32,5.6
-3.63,-13.91,5.74
-3.63,-13.91,5.74
-3.63,-13.91,5.74
-2.97,-14.61,6.14
-2.97,-14.61,6.14
-2.97,-14.61,6.14
-3.59,-11.99,5.62
-3.59,-11.99,5.62
-3.59,-11.99,5.62
-4.22,-11.27,5.46
-4.22,-11.27,5.46
-4.22,-11.27,5.46
-3.78,-9.4,5.37
-3.78,-9.4,5.37
-3.78,-9.4,5.37
-3.39,-9.42,5.37
-3.39,-9.42,5.37
-3.39,-9.42,5.37
-3.16,-7.97,5.32
-3.16,-7.97,5.32
-3.04,-7.76,5.42
-2.94,-7.61,5.46
-2.94,-7.61,5.46
-2.94,-7.61,5.46
-3.03,-7.47,5.45
-3.03,-7.47,5.45
-3.03,-7.47,5.45
-2.93,-7.25,5.51
-2.93,-7.25,5.51
-2.93,-7.25,5.51
-2.69,-7.37,5.65
-2.69,-7.37,5.65
-2.69,-7.37,5.65
-2.37,-7.6,6.01
-2.37,-7.6,6.01
-2.37,-7.6,6.01
-2.26,-7.53,5.91
-2.26,-7.53,5.91
-2.26,-7.53,5.91
-1.91,-6.41,5.11
-1.91,-6.41,5.11
-1.91,-6.41,5.11
-2.47,-6.93,5.58
-2.47,-6.93,5.58
-2.47,-6.93,5.58
-2.83,-7.06,5.68
-2.83,-7.06,5.68
-3.24,-7.47,5.66
-3.24,-7.28,5.35
-3.24,-7.28,5.35
-3.24,-7.28,5.35
-3.56,-8.1,5.94
-3.56,-8.1,5.94
-3.6,-7.26,5.59
-3.6,-7.26,5.59
-3.6,-7.26,5.59
-2.89,-7.56,6.09
-2.57,-7.32,6.14
-2.57,-7.32,6.14
-1.84,-7.14,5.59
-1.84,-7.14,5.59
-1.84,-7.14,5.59
-2.43,-6.01,4.94
-2.43,-6.01,4.94
-2.43,-6.01,4.94
-2.84,-7.01,5.72
-2.84,-7.01,5.72
-2.84,-7.01,5.72
-3.71,-6.51,5.59
-3.5,-6.6,5.97
-3.5,-6.6,5.97
-3.51,-6.81,5.06
-3.51,-6.81,5.06
-3.51,-6.81,5.06
-6.64,-6.88,5.25
-6.64,-6.88,5.25
-6.64,-6.88,5.25
-3.92,-6.64,6.34
-3.92,-6.64,6.34
-3.92,-6.64,6.34
-4.45,-5.56,6.61
-4.45,-5.56,6.61
-4.45,-5.56,6.61
-6.23,-5.21,5.78
-6.23,-5.21,5.78
-6.23,-5.21,5.78
-5.38,-5.8,6.01
-5.38,-5.8,6.01
-5.38,-5.8,6.01
-5.02,-6.11,5.58
-5.02,-6.11,5.58
-5.02,-6.11,5.58
-5.21,-5.25,5.38
-5.21,-5.25,5.38
-5.21,-5.25,5.38
-4.7,-5.62,5.63
-4.7,-5.62,5.63
-4.7,-5.62,5.63
-5.05,-6.03,5.84
-5.05,-6.03,5.84
-5.05,-6.03,5.84
-5.52,-5.3,5.69
-5.52,-5.3,5.69
-5.52,-5.3,5.69
-5.37,-5.89,6.03
-5.37,-5.89,6.03
-5.37,-5.89,6.03
-5.56,-5.66,5.63
-5.56,-5.66,5.63
-5.56,-5.66,5.63
-5.19,-5.93,5.98
-5.19,-5.93,5.98
-5.19,-5.93,5.98
-5.27,-5.4,5.79
-5.27,-5.4,5.79
-5.27,-5.4,5.79
-5.42,-5.53,5.87
-5.42,-5.53,5.87
-5.42,-5.53,5.87
-5.49,-5.31,5.69
-5.49,-5.31,5.69
-5.49,-5.31,5.69
-5.49,-5.5,5.8
-5.49,-5.5,5.8
-5.4,-5.44,5.77
-5.46,-5.59,5.78
-5.46,-5.59,5.78
-5.44,-5.6,5.76
-5.58,-5.36,5.72
-5.58,-5.36,5.72
-5.58,-5.36,5.72
-5.16,-5.69,6.1
-5.16,-5.69,6.1
-5.16,-5.69,6.1
-5.49,-5.44,5.55
-5.49,-5.44,5.55
-5.49,-5.44,5.55
-6.04,-5.84,5.67
-6.04,-5.84,5.67
-6.04,-5.84,5.67
-6.12,-5.85,5.38
-6.12,-5.85,5.38
-6.12,-5.85,5.38
-5.77,-4.99,5.57
-5.77,-4.99,5.57
-5.77,-4.99,5.57
-6.05,-5.97,5.96
-6.05,-5.97,5.96
-6.05,-5.97,5.96
-4.47,-6.45,6.68
-4.44,-6.05,6.66
-4.44,-6.05,6.66
-3.9,-6.03,6.37
-3.9,-6.03,6.37
-3.9,-6.03,6.37
-3.93,-7.31,6.25
-3.93,-7.31,6.25
-3.93,-7.31,6.25
-3.68,-5.72,6.64
-3.68,-5.72,6.64
-3.68,-5.72,6.64
-3.4,-6.11,7.27
-2.95,-6.8,7.55
-2.95,-6.8,7.55
-2.7,-5.01,6.37
-2.7,-5.01,6.37
-2.7,-5.01,6.37
-3.15,-5.06,6.53
-3.15,-5.06,6.53
-3.15,-5.06,6.53
-2.76,-6.0,6.79
-2.76,-6.0,6.79
-2.76,-6.0,6.79
-2.32,-5.48,6.9
-2.54,-5.66,6.98
-2.54,-5.66,6.98
-2.74,-5.96,7.44
-2.74,-5.96,7.44
-2.74,-5.96,7.44
-2.51,-5.92,7.33
-2.51,-5.92,7.33
-2.51,-5.92,7.33
-2.76,-5.86,6.91
-2.76,-5.86,6.91
-2.76,-5.86,6.91
-2.67,-5.36,7.06
-2.81,-5.52,7.29
-2.81,-5.52,7.29
-3.21,-6.06,7.2
-3.21,-6.06,7.2
-3.21,-6.06,7.2
-3.08,-5.67,7.0
-3.08,-5.67,7.0
-3.08,-5.67,7.0
-2.89,-6.11,7.34
-2.89,-6.11,7.34
-2.89,-6.11,7.34
-3.11,-6.04,6.96
-3.11,-6.04,6.96
-3.11,-6.04,6.96
-2.57,-6.2,7.35
-2.57,-6.2,7.35
-3.07,-6.19,7.25
-3.07,-6.19,7.25
-3.07,-6.19,7.25
-3.16,-5.8,7.36
-3.16,-5.8,7.36
-3.16,-5.8,7.36
-3.25,-6.02,7.31
-3.25,-6.02,7.31
-3.35,-5.18,6.88
-3.53,-5.8,7.11
-3.53,-5.8,7.11
-3.53,-5.8,7.11
-3.16,-5.68,7.16
-3.16,-5.68,7.16
-3.16,-5.68,7.16
-3.12,-5.91,7.13
-3.12,-5.91,7.13
-3.12,-5.91,7.13
-3.15,-6.19,6.81
-3.15,-6.19,6.81
-3.29,-5.87,6.81
-3.29,-5.87,6.81
-3.29,-5.87,6.81
-2.92,-5.91,7.15
-2.92,-5.91,7.15
-2.92,-5.91,7.15
-2.88,-5.86,7.17
-2.88,-5.86,7.17
-2.77,-5.81,7.3
-2.9,-6.11,7.46
-2.9,-6.11,7.46
-3.23,-6.26,7.26
-3.48,-5.49,6.63
-3.48,-5.49,6.63
-3.48,-5.49,6.63
-3.51,-5.55,7.23
-3.51,-5.55,7.23
-3.51,-5.55,7.23
-3.3,-5.68,7.22
-3.3,-5.68,7.22
-3.19,-5.39,7.22
-3.25,-5.35,7.41
-3.32,-5.55,7.48
-3.32,-5.55,7.48
-3.17,-5.49,6.6
-3.17,-5.49,6.6
-3.17,-5.49,6.6
-3.21,-5.78,6.74
-3.21,-5.78,6.74
-3.21,-5.78,6.74
-3.52,-5.39,6.87
-3.52,-5.59,6.93
-3.52,-5.59,6.93
-3.21,-5.25,7.0
-3.21,-5.25,7.0
-3.21,-5.25,7.0
-3.5,-4.72,6.75
-3.5,-4.72,6.75
-3.5,-4.72,6.75
-3.47,-5.17,7.17
-3.47,-5.17,7.17
-3.49,-5.93,7.37
-3.49,-5.93,7.37
-3.49,-5.93,7.37
-3.8,-5.98,7.27
-3.8,-5.98,7.27
-3.73,-5.76,7.34
-3.17,-5.5,7.52
-3.17,-5.5,7.52
-3.17,-5.5,7.52
-3.06,-5.59,7.78
-3.06,-5.59,7.78
-3.06,-5.59,7.78
-2.78,-6.1,8.1
-2.78,-6.1,8.1
-2.78,-6.1,8.1
-2.56,-5.69,7.8
-2.77,-5.61,7.66
-2.77,-5.61,7.66
-3.28,-5.65,7.39
-3.28,-5.65,7.39
-3.28,-5.65,7.39
-3.52,-5.55,7.24
-3.52,-5.55,7.24
-3.52,-5.55,7.24
-3.43,-6.12,7.77
-3.43,-6.12,7.77
-3.18,-6.28,7.95
-2.78,-5.9,7.87
-2.78,-5.9,7.87
-2.78,-5.9,7.87
-2.74,-6.11,7.71
-2.74,-6.11,7.71
-2.74,-6.11,7.71
-2.8,-5.74,7.39
-2.8,-5.74,7.39
-2.8,-5.74,7.39
-3.36,-5.75,7.12
-3.36,-5.75,7.12
-3.35,-5.92,6.9
-3.06,-5.67,6.73
-3.0,-5.39,6.57
-3.48,-5.64,6.52
-3.48,-5.64,6.52
-3.48,-5.64,6.52
-3.56,-5.85,6.67
-3.56,-5.85,6.67
-3.56,-5.85,6.67
-3.56,-5.24,6.87
-3.56,-5.24,6.87
-3.57,-5.32,7.02
-3.43,-5.59,7.24
-3.43,-5.59,7.24
-3.43,-5.59,7.24
-3.41,-5.34,6.66
-3.41,-5.34,6.66
-3.41,-5.34,6.66
-3.22,-5.99,7.25
-3.22,-5.99,7.25
-3.22,-5.99,7.25
-3.46,-6.31,7.69
-3.46,-6.31,7.69
-3.54,-6.22,7.67
-3.4,-5.6,7.35
-3.4,-5.6,7.35
-3.4,-5.6,7.35
-3.11,-5.58,7.11
-3.11,-5.58,7.11
-3.11,-5.58,7.11
-3.3,-5.82,7.12
-3.3,-5.82,7.12
-3.3,-5.82,7.12
-3.51,-5.83,7.31
-3.51,-5.83,7.31
-3.51,-5.83,7.31
-3.65,-5.69,7.27
-3.65,-5.69,7.27
-3.65,-5.69,7.27
-3.22,-5.65,6.97
-3.22,-5.65,6.97
-3.22,-5.65,6.97
-3.2,-5.71,6.93
-3.2,-5.71,6.93
-3.2,-5.71,6.93
-3.23,-6.18,7.34
-3.23,-6.18,7.34
-3.23,-5.99,7.35
-3.53,-5.69,7.21
-3.53,-5.69,7.21
-3.53,-5.69,7.21
-3.52,-5.62,7.03
-3.52,-5.62,7.03
-3.52,-5.62,7.03
-3.36,-5.46,7.07
-3.36,-5.46,7.07
-3.36,-5.46,7.07
-3.83,-5.77,7.21
-3.68,-5.78,7.25
-3.68,-5.78,7.25
-3.77,-5.61,7.1
-3.77,-5.61,7.1
-3.77,-5.61,7.1
-3.75,-6.34,7.38
-3.75,-6.34,7.38
-3.75,-6.34,7.38
-3.48,-5.17,6.98
-3.48,-5.17,6.98
-4.05,-5.37,6.88
-3.75,-5.95,6.88
-3.75,-5.95,6.88
-3.12,-6.24,7.06
-3.32,-6.42,7.46
-3.32,-6.42,7.46
-3.32,-6.42,7.46
-3.05,-5.98,7.51
-3.05,-5.98,7.51
-3.05,-5.98,7.51
-3.03,-6.45,7.39
-3.03,-6.45,7.39
-3.03,-6.45,7.39
-2.81,-6.44,7.82
-2.81,-6.44,7.82
-2.81,-6.44,7.82
-2.17,-6.87,8.16
-2.17,-6.87,8.16
-2.17,-6.87,8.16
-1.76,-6.16,7.91
-1.76,-6.16,7.91
-1.76,-6.16,7.91
-2.49,-5.55,7.04
-2.49,-5.55,7.04
-2.49,-5.55,7.04
-2.46,-7.43,7.61
-2.46,-7.43,7.61
-2.46,-7.43,7.61
-2.33,-6.3,7.19
-2.33,-6.3,7.19
-2.33,-6.3,7.19
-1.94,-6.74,7.54
-1.94,-6.74,7.54
-1.94,-6.74,7.54
-1.66,-7.07,8.1
-1.66,-7.07,8.1
-1.8,-7.2,7.46
-2.36,-7.65,6.8
-2.36,-7.65,6.8
-2.36,-7.65,6.8
-1.85,-6.69,6.23
-1.85,-6.69,6.23
-1.85,-6.69,6.23
-0.89,-8.14,6.65
-0.89,-8.14,6.65
-0.89,-8.14,6.65
-0.47,-7.39,6.33
-0.47,-7.39,6.33
-0.47,-7.39,6.33
-1.25,-7.64,6.11
-1.25,-7.64,6.11
-1.25,-7.64,6.11
-2.06,-8.42,6.0
-2.06,-8.42,6.0
-2.06,-8.42,6.0
-2.56,-8.01,5.48
-2.56,-8.01,5.48
-2.56,-8.01,5.48
-1.41,-9.32,5.46
-1.41,-9.32,5.46
-1.08,-9.2,5.32
-0.51,-7.96,5.23
-0.51,-7.96,5.23
-0.51,-7.96,5.23
-0.28,-9.13,4.62
-0.28,-9.13,4.62
-0.28,-9.13,4.62
-0.63,-9.93,3.74
-0.63,-9.93,3.74
-0.63,-9.93,3.74
-1.11,-8.79,3.6
-1.11,-8.79,3.6
-1.11,-8.79,3.6
-0.55,-8.98,3.44
-0.55,-8.98,3.44
-0.55,-8.98,3.44
-0.34,-10.02,2.68
-0.34,-10.02,2.68
-0.34,-10.02,2.68
-0.59,-9.47,2.19
-0.59,-9.47,2.19
-0.59,-9.47,2.19
-0.95,-9.6,1.51
-0.95,-9.6,1.51
-0.95,-9.6,1.51
-0.25,-10.05,1.54
-0.25,-10.05,1.54
-0.04,-10.43,1.75
-0.24,-9.09,1.19
-0.24,-9.09,1.19
-0.24,-9.09,1.19
0.01,-8.82,0.36
0.01,-8.82,0.36
0.01,-8.82,0.36
0.26,-8.59,-0.19
0.26,-8.59,-0.19
-0.96,-9.16,-0.22
-0.11,-9.87,-0.27
-0.11,-9.87,-0.27
0.48,-9.29,-0.73
1.14,-10.2,-0.37
1.14,-10.2,-0.37
1.14,-10.2,-0.37
1.14,-9.18,-0.68
1.14,-9.18,-0.68
1.14,-9.18,-0.68
1.61,-9.72,-0.32
1.61,-9.72,-0.32
1.61,-9.72,-0.32
2.61,-7.86,-2.32
2.61,-7.86,-2.32
1.81,-7.71,-2.76
1.65,-8.55,-3.11
1.65,-8.55,-3.11
1.65,-8.55,-3.11
1.8,-7.35,-2.94
1.8,-7.35,-2.94
1.8,-7.35,-2.94
1.35,-7.69,-4.11
1.35,-7.69,-4.11
1.35,-7.69,-4.11
2.17,-8.1,-4.54
2.17,-8.1,-4.54
1.84,-7.7,-4.5
2.38,-6.87,-4.08
2.38,-6.87,-4.08
2.38,-6.87,-4.08
1.98,-7.02,-4.57
1.98,-7.02,-4.57
1.98,-7.02,-4.57
2.51,-7.46,-5.04
2.51,-7.46,-5.04
2.51,-7.46,-5.04
2.44,-7.48,-5.0
2.84,-7.62,-4.78
2.84,-7.62,-4.78
2.88,-8.51,-4.84
2.88,-8.51,-4.84
2.88,-8.51,-4.84
3.24,-7.46,-4.75
3.24,-7.46,-4.75
3.24,-7.46,-4.75
2.21,-7.39,-4.77
2.21,-7.39,-4.77
2.21,-7.39,-4.77
2.49,-6.82,-5.45
2.05,-6.55,-5.36
2.05,-6.55,-5.36
2.16,-6.56,-4.87
2.16,-6.56,-4.87
2.16,-6.56,-4.87
3.18,-5.91,-5.27
3.18,-5.91,-5.27
3.18,-5.91,-5.27
3.29,-6.91,-5.45
3.29,-6.91,-5.45
3.48,-6.69,-5.48
3.45,-5.78,-5.44
3.45,-5.78,-5.44
3.45,-5.78,-5.44
2.42,-6.1,-6.32
2.42,-6.1,-6.32
2.42,-6.1,-6.32
2.95,-6.81,-5.67
2.95,-6.81,-5.67
2.95,-6.81,-5.67
2.88,-6.05,-6.17
2.78,-6.79,-6.48
2.78,-6.79,-6.48
2.57,-7.02,-6.3
2.57,-7.02,-6.3
2.57,-7.02,-6.3
2.41,-6.38,-5.67
2.41,-6.38,-5.67
2.41,-6.38,-5.67
2.97,-6.68,-6.4
2.97,-6.68,-6.4
2.84,-7.2,-6.01
2.84,-7.2,-6.01
2.84,-7.2,-6.01
2.63,-6.04,-5.95
2.63,-6.04,-5.95
2.29,-6.8,-6.31
2.29,-6.8,-6.31
2.29,-6.8,-6.31
2.56,-6.66,-6.12
2.56,-6.66,-6.12
2.56,-6.66,-6.12
2.26,-6.17,-6.32
2.26,-6.17,-6.32
2.49,-6.84,-6.21
2.69,-7.16,-6.02
2.69,-7.16,-6.02
2.69,-7.16,-6.02
2.6,-7.04,-6.31
2.6,-7.04,-6.31
2.6,-7.04,-6.31
2.61,-6.64,-6.51
2.61,-6.64,-6.51
2.61,-6.64,-6.51
2.13,-6.67,-5.99
2.13,-6.67,-5.99
2.26,-6.37,-6.18
1.91,-6.6,-6.58
1.91,-6.6,-6.58
1.91,-6.6,-6.58
2.22,-6.95,-6.5
2.22,-6.95,-6.5
2.22,-6.95,-6.5
1.86,-6.85,-6.56
1.86,-6.85,-6.56
1.86,-6.85,-6.56
2.06,-7.01,-6.31
2.06,-7.01,-6.31
2.06,-7.01,-6.31
2.15,-6.55,-6.18
2.15,-6.55,-6.18
2.15,-6.55,-6.18
2.16,-6.83,-6.37
2.16,-6.83,-6.37
2.16,-6.83,-6.37
2.18,-7.06,-6.26
2.18,-7.06,-6.26
2.18,-7.06,-6.26
2.14,-6.79,-6.25
2.14,-6.79,-6.25
2.2,-7.02,-6.15
2.11,-6.62,-6.31
2.11,-6.62,-6.31
2.11,-6.62,-6.31
1.69,-6.54,-6.57
1.69,-6.54,-6.57
1.69,-6.54,-6.57
1.62,-6.8,-6.44
1.62,-6.8,-6.44
1.62,-6.8,-6.44
1.81,-6.33,-6.54
1.81,-6.33,-6.54
1.81,-6.33,-6.54
1.93,-6.6,-6.37
1.93,-6.6,-6.37
1.93,-6.6,-6.37
2.09,-6.67,-6.32
2.09,-6.67,-6.32
2.09,-6.67,-6.32
1.89,-7.05,-6.59
1.89,-7.05,-6.59
1.89,-7.05,-6.59
1.93,-6.63,-6.44
1.93,-6.63,-6.44
1.93,-6.63,-6.44
1.9,-6.49,-6.37
1.9,-6.49,-6.37
1.9,-6.49,-6.37
1.94,-6.7,-6.55
1.94,-6.7,-6.55
1.94,-6.7,-6.55
1.88,-6.72,-6.17
1.88,-6.72,-6.17
1.88,-6.72,-6.17
1.63,-6.88,-6.34
1.63,-6.88,-6.34
1.64,-6.98,-6.57
1.76,-6.98,-6.4
1.76,-6.98,-6.4
1.76,-6.98,-6.4
1.7,-6.46,-6.33
1.7,-6.46,-6.33
1.7,-6.46,-6.33
1.47,-6.35,-6.65
1.47,-6.35,-6.65
1.47,-6.35,-6.65
1.69,-7.18,-6.46
1.7,-6.85,-6.34
1.4,-6.3,-6.44
1.4,-6.3,-6.44
1.4,-6.3,-6.44
1.38,-6.45,-6.77
1.38,-6.45,-6.77
1.38,-6.45,-6.77
1.53,-6.67,-6.63
1.53,-6.67,-6.63
1.53,-6.67,-6.63
1.53,-6.86,-6.28
1.53,-6.86,-6.28
1.52,-6.84,-6.35
1.7,-6.87,-6.48
1.7,-6.87,-6.48
1.7,-6.87,-6.48
1.51,-6.99,-6.32
1.51,-6.99,-6.32
1.51,-6.99,-6.32
1.31,-6.55,-6.43
1.31,-6.55,-6.43
1.41,-6.79,-6.41
1.53,-6.94,-6.54
1.46,-6.69,-6.64
1.46,-6.69,-6.64
1.57,-6.9,-6.26
1.57,-6.9,-6.26
1.57,-6.9,-6.26
1.4,-6.46,-6.49
1.4,-6.46,-6.49
1.4,-6.46,-6.49
1.32,-7.01,-6.4
1.32,-7.01,-6.4
1.32,-7.01,-6.4
1.47,-6.57,-6.5
1.47,-6.57,-6.5
1.33,-6.75,-6.49
1.3,-6.91,-6.41
1.3,-6.91,-6.41
1.3,-6.91,-6.41
1.48,-6.56,-6.4
1.48,-6.56,-6.4
1.48,-6.56,-6.4
1.11,-6.74,-6.68
1.11,-6.74,-6.68
1.11,-6.74,-6.68
1.29,-6.62,-6.38
1.29,-6.62,-6.38
1.31,-6.85,-6.13
1.12,-6.64,-6.69
1.12,-6.64,-6.69
1.12,-6.64,-6.69
1.65,-6.9,-6.26
1.65,-6.9,-6.26
1.65,-6.9,-6.26
1.54,-6.73,-6.41
1.54,-6.73,-6.41
1.54,-6.73,-6.41
1.28,-6.73,-6.41
1.38,-6.84,-6.37
1.38,-6.84,-6.37
1.36,-6.51,-6.43
1.36,-6.51,-6.43
1.36,-6.51,-6.43
1.32,-7.04,-6.62
1.32,-7.04,-6.62
1.32,-7.04,-6.62
1.27,-6.56,-6.46
1.27,-6.56,-6.46
1.27,-6.56,-6.46
1.15,-6.7,-6.46
1.15,-6.7,-6.46
1.15,-6.7,-6.46
1.19,-7.01,-6.3
1.19,-7.01,-6.3
1.19,-7.01,-6.3
1.11,-7.13,-6.37
1.11,-7.13,-6.37
1.11,-7.13,-6.37
1.18,-6.91,-6.4
1.18,-6.91,-6.4
1.18,-6.91,-6.4
1.16,-6.41,-6.62
1.16,-6.41,-6.62
1.29,-6.28,-6.47
1.49,-6.88,-6.24
1.49,-6.88,-6.24
1.49,-6.88,-6.24
0.86,-7.08,-6.82
0.86,-7.08,-6.82
0.86,-7.08,-6.82
1.24,-6.89,-6.4
1.24,-6.89,-6.4
1.24,-6.89,-6.4
1.21,-6.25,-6.56
1.21,-6.25,-6.56
1.21,-6.25,-6.56
1.18,-6.67,-6.15
1.18,-6.67,-6.15
1.18,-6.67,-6.15
1.4,-6.67,-6.63
1.4,-6.67,-6.63
1.4,-6.67,-6.63
1.93,-6.71,-6.54
1.93,-6.71,-6.54
1.93,-6.71,-6.54
1.66,-6.8,-6.18
1.44,-7.42,-6.0
1.44,-7.42,-6.0
1.12,-7.04,-6.16
1.12,-7.04,-6.16
1.12,-7.04,-6.16
1.22,-6.46,-6.33
1.22,-6.46,-6.33
1.22,-6.46,-6.33
1.23,-6.81,-5.91
1.23,-6.81,-5.91
0.97,-6.93,-6.13
0.97,-6.99,-6.57
0.97,-6.99,-6.57
0.97,-6.99,-6.57
1.32,-6.78,-6.3
1.32,-6.78,-6.3
1.32,-6.78,-6.3
1.46,-6.23,-6.07
1.46,-6.23,-6.07
1.46,-6.23,-6.07
1.0,-6.67,-6.17
1.0,-6.67,-6.17
0.96,-6.95,-6.05
0.76,-7.06,-6.08
0.76,-7.06,-6.08
0.76,-7.06,-6.08
0.93,-6.95,-6.14
0.93,-6.95,-6.14
0.93,-6.95,-6.14
1.07,-7.12,-5.99
1.07,-7.12,-5.99
1.07,-7.12,-5.99
0.9,-6.22,-6.41
0.9,-6.22,-6.41
0.9,-6.22,-6.41
1.05,-7.84,-5.47
1.05,-7.84,-5.47
1.05,-7.84,-5.47
1.05,-6.5,-5.69
1.05,-6.5,-5.69
1.05,-6.5,-5.69
1.36,-7.84,-5.7
1.36,-7.84,-5.7
1.36,-7.84,-5.7
1.12,-7.39,-5.16
1.12,-7.39,-5.16
1.12,-7.39,-5.16
1.17,-7.69,-5.28
1.17,-7.69,-5.28
1.07,-7.38,-5.93
0.58,-7.24,-5.74
0.58,-7.24,-5.74
0.58,-7.24,-5.74
0.54,-8.32,-5.21
0.54,-8.32,-5.21
0.54,-8.32,-5.21
2.2,-7.97,-5.13
2.2,-7.97,-5.13
2.2,-7.97,-5.13
2.03,-8.31,-5.44
2.38,-8.78,-5.38
2.38,-8.78,-5.38
0.75,-8.16,-5.62
2.47,-8.15,-4.63
2.47,-8.15,-4.63
2.47,-8.15,-4.63
1.38,-8.5,-5.43
1.38,-8.5,-5.43
1.87,-7.06,-5.75
2.1,-6.91,-5.13
1.25,-6.99,-5.07
1.25,-6.99,-5.07
1.59,-6.79,-5.19
1.59,-6.79,-5.19
1.59,-6.79,-5.19
1.71,-8.14,-5.18
1.71,-8.14,-5.18
1.71,-8.14,-5.18
0.69,-7.8,-5.2
0.69,-7.8,-5.2
0.69,-7.8,-5.2
1.58,-6.59,-5.28
1.58,-6.59,-5.28
1.81,-7.71,-4.99
0.67,-8.31,-5.61
0.67,-8.31,-5.61
0.67,-8.31,-5.61
1.15,-7.62,-5.0
1.15,-7.62,-5.0
1.15,-7.62,-5.0
1.49,-9.52,-5.17
1.49,-9.52,-5.17
1.04,-8.91,-4.99
1.52,-8.16,-4.97
1.52,-8.16,-4.97
1.52,-8.16,-4.97
1.72,-7.36,-5.25
1.72,-7.36,-5.25
1.72,-7.36,-5.25
1.7,-9.74,-5.35
1.7,-9.74,-5.35
1.7,-9.74,-5.35
1.57,-8.2,-4.96
1.57,-8.2,-4.96
1.57,-8.2,-4.96
0.78,-8.75,-5.17
0.78,-8.75,-5.17
0.78,-8.75,-5.17
0.03,-8.9,-5.68
0.03,-8.9,-5.68
0.03,-8.9,-5.68
0.66,-8.17,-5.35
0.66,-8.17,-5.35
0.66,-8.17,-5.35
0.56,-7.93,-5.06
0.56,-7.93,-5.06
0.15,-6.83,-5.46
1.81,-8.09,-6.11
1.81,-8.09,-6.11
1.81,-8.09,-6.11
1.21,-6.33,-6.63
1.21,-6.33,-6.63
1.21,-6.33,-6.63
-0.26,-6.66,-6.05
-0.26,-6.66,-6.05
-0.26,-6.66,-6.05
2.35,-5.73,-6.55
2.35,-5.73,-6.55
2.35,-5.73,-6.55
-1.72,-7.19,-7.55
-1.72,-7.19,-7.55
-1.72,-7.19,-7.55
4.15,-4.91,-6.15
4.15,-4.91,-6.15
4.15,-4.91,-6.15
-1.02,-6.7,-7.27
-1.02,-6.7,-7.27
-1.02,-6.7,-7.27
0.63,-3.99,-6.28
0.63,-3.99,-6.28
-0.16,-3.37,-7.37
-0.75,-7.53,-6.32
-0.75,-7.53,-6.32
-0.75,-7.53,-6.32
0.51,-3.95,-7.86
0.51,-3.95,-7.86
0.51,-3.95,-7.86
0.55,-7.35,-7.17
0.55,-7.35,-7.17
1.52,-4.72,-6.91
-1.2,-5.44,-7.18
-1.2,-5.44,-7.18
-0.78,-6.71,-6.97
-0.62,-5.64,-7.02
-0.62,-5.64,-7.02
-0.62,-5.64,-7.02
0.23,-6.48,-7.45
0.23,-6.48,-7.45
0.23,-6.48,-7.45
-1.63,-5.42,-7.42
-1.63,-5.42,-7.42
-0.89,-5.71,-7.34
0.67,-5.66,-7.0
0.67,-5.66,-7.0
-0.12,-6.17,-7.39
0.23,-5.99,-8.27
0.23,-5.99,-8.27
0.23,-5.99,-8.27
-1.42,-6.03,-6.85
-1.42,-6.03,-6.85
-1.42,-6.03,-6.85
0.86,-4.49,-6.82
0.86,-4.49,-6.82
0.17,-7.07,-6.82
-1.8,-5.87,-7.26
-1.8,-5.87,-7.26
-0.89,-4.77,-7.27
-0.3,-5.98,-7.35
-0.3,-5.98,-7.35
-0.3,-5.98,-7.35
-0.44,-6.37,-7.75
-0.44,-6.37,-7.75
-0.44,-6.37,-7.75
0.38,-5.24,-7.28
0.38,-5.24,-7.28
0.38,-5.24,-7.28
-1.09,-5.27,-6.89
1.05,-4.88,-6.69
1.05,-4.88,-6.69
-1.45,-6.41,-7.63
-1.45,-6.41,-7.63
-1.45,-6.41,-7.63
0.03,-6.14,-6.87
0.03,-6.14,-6.87
0.03,-6.14,-6.87
-0.18,-5.58,-7.31
-0.18,-5.58,-7.31
-0.18,-5.58,-7.31
-1.74,-5.77,-7.21
-1.74,-5.77,-7.21
-1.74,-5.77,-7.21
0.67,-5.78,-6.76
0.67,-5.78,-6.76
0.67,-5.78,-6.76
-1.52,-6.3,-7.86
-1.52,-6.3,-7.86
-1.52,-6.3,-7.86
1.24,-5.78,-6.91
1.24,-5.78,-6.91
1.24,-5.78,-6.91
0.32,-5.59,-6.94
0.32,-5.59,-6.94
0.32,-5.59,-6.94
-1.51,-6.0,-7.86
-1.51,-6.0,-7.86
-1.51,-6.0,-7.86
0.4,-6.08,-6.75
0.4,-6.08,-6.75
0.4,-6.08,-6.75
-0.98,-5.19,-7.73
-0.98,-5.19,-7.73
-0.34,-5.94,-7.68
-0.93,-5.84,-7.18
-0.93,-5.84,-7.18
-0.93,-5.84,-7.18
0.43,-5.4,-6.94
0.43,-5.4,-6.94
0.43,-5.4,-6.94
-1.15,-5.92,-7.51
-1.15,-5.92,-7.51
-1.15,-5.92,-7.51
0.06,-5.62,-7.39
0.06,-5.62,-7.39
-0.42,-5.55,-7.25
-0.42,-5.55,-7.25
-0.42,-5.55,-7.25
-1.09,-5.45,-6.88
-1.09,-5.45,-6.88
-1.09,-5.45,-6.88
-0.39,-5.67,-7.59
-0.39,-5.67,-7.59
-0.39,-5.67,-7.59
-0.79,-6.2,-7.33
-0.79,-6.2,-7.33
-0.28,-5.69,-7.59
-0.37,-6.21,-7.36
-0.37,-6.21,-7.36
-0.37,-6.21,-7.36
-0.87,-4.73,-7.13
-0.87,-4.73,-7.13
-0.87,-4.73,-7.13
-0.64,-6.11,-7.49
-0.64,-6.11,-7.49
-0.64,-6.11,-7.49
-0.96,-5.77,-7.42
-0.96,-5.77,-7.42
-0.96,-5.77,-7.42
-1.49,-5.72,-7.14
-1.49,-5.72,-7.14
-1.49,-5.72,-7.14
0.17,-5.18,-7.29
0.17,-5.18,-7.29
0.17,-5.18,-7.29
-0.85,-6.24,-7.62
-0.85,-6.24,-7.62
-0.85,-6.24,-7.62
-0.23,-5.18,-7.49
-0.23,-5.18,-7.49
-0.23,-5.18,-7.49
-0.72,-4.69,-7.32
-0.72,-4.69,-7.32
-0.72,-4.69,-7.32
-0.48,-5.96,-7.29
-0.48,-5.96,-7.29
-0.48,-5.96,-7.29
-0.4,-5.77,-7.38
-0.4,-5.77,-7.38
-0.4,-5.77,-7.38
-0.68,-5.88,-7.93
-0.68,-5.88,-7.93
-0.68,-5.88,-7.93
-0.5,-5.15,-7.09
-0.5,-5.15,-7.09
-0.5,-5.15,-7.09
-0.42,-5.7,-7.27
-0.42,-5.7,-7.27
-0.42,-5.7,-7.27
-0.91,-5.97,-7.7
-0.91,-5.97,-7.7
-0.91,-5.97,-7.7
-0.59,-5.65,-7.18
-0.59,-5.65,-7.18
-0.59,-5.65,-7.18
-0.67,-4.88,-7.4
-1.2,-5.87,-7.86
-1.2,-5.87,-7.86
0.33,-5.18,-7.17
0.33,-5.18,-7.17
0.33,-5.18,-7.17
-0.85,-6.27,-7.52
-0.85,-6.27,-7.52
-0.85,-6.27,-7.52
-0.94,-5.03,-7.63
-0.94,-5.03,-7.63
-0.82,-5.64,-7.62
-0.17,-6.0,-7.55
0.05,-5.65,-7.19
0.05,-5.65,-7.19
-2.3,-5.38,-7.3
-2.3,-5.38,-7.3
-2.3,-5.38,-7.3
0.9,-5.15,-7.31
0.9,-5.15,-7.31
0.9,-5.15,-7.31
-1.96,-6.6,-7.69
-1.96,-6.6,-7.69
-0.03,-5.62,-7.2
-2.43,-5.96,-7.34
-2.43,-5.96,-7.34
-2.43,-5.96,-7.34
0.96,-4.94,-7.11
0.96,-4.94,-7.11
0.96,-4.94,-7.11
-1.71,-5.9,-7.76
-1.71,-5.9,-7.76
-1.71,-5.9,-7.76
0.44,-5.18,-7.47
0.44,-5.18,-7.47
-1.48,-5.9,-7.25
0.41,-5.21,-7.41
0.41,-5.21,-7.41
0.41,-5.21,-7.41
-1.79,-5.89,-7.39
-1.79,-5.89,-7.39
-1.79,-5.89,-7.39
0.31,-5.4,-7.36
0.31,-5.4,-7.36
0.31,-5.4,-7.36
-1.38,-5.42,-7.53
-1.38,-5.42,-7.53
-0.59,-5.31,-7.81
-0.64,-6.15,-6.99
-0.64,-6.15,-6.99
-0.64,-6.15,-6.99
-0.66,-5.59,-7.72
-0.66,-5.59,-7.72
-0.66,-5.59,-7.72
-0.79,-5.36,-7.32
-0.79,-5.36,-7.32
-0.79,-5.36,-7.32
-0.07,-5.01,-7.14
-0.07,-5.01,-7.14
-1.67,-6.32,-7.56
0.52,-5.12,-7.36
0.52,-5.12,-7.36
0.52,-5.12,-7.36
-1.32,-6.36,-7.5
-1.32,-6.36,-7.5
-1.32,-6.36,-7.5
0.2,-4.54,-7.01
0.2,-4.54,-7.01
0.2,-4.54,-7.01
-0.91,-5.81,-7.77
-0.91,-5.81,-7.77
0.8,-5.55,-7.07
-2.06,-5.62,-7.79
-2.06,-5.62,-7.79
-2.06,-5.62,-7.79
-0.04,-5.92,-6.8
-0.04,-5.92,-6.8
-0.04,-5.92,-6.8
-1.3,-5.6,-7.84
-1.3,-5.6,-7.84
-1.3,-5.6,-7.84
0.06,-5.59,-7.24
0.06,-5.59,-7.24
-1.74,-5.53,-7.28
0.1,-5.51,-7.51
0.1,-5.51,-7.51
0.1,-5.51,-7.51
-0.92,-5.75,-7.32
-0.92,-5.75,-7.32
-0.92,-5.75,-7.32
-0.59,-5.33,-7.45
-0.59,-5.33,-7.45
-0.59,-5.33,-7.45
-0.01,-4.72,-7.76
-0.01,-4.72,-7.76
-0.01,-4.72,-7.76
-0.73,-6.28,-7.35
-0.73,-6.28,-7.35
-0.73,-6.28,-7.35
-1.35,-5.2,-7.89
-1.35,-5.2,-7.89
-1.35,-5.2,-7.89
0.33,-5.49,-6.83
0.33,-5.49,-6.83
0.33,-5.49,-6.83
-1.21,-5.63,-7.82
-1.21,-5.63,-7.82
-1.21,-5.63,-7.82
-0.38,-4.86,-7.53
-0.38,-4.86,-7.53
-0.54,-5.66,-7.45
-0.54,-5.66,-7.45
-0.54,-5.66,-7.45
-0.71,-5.56,-7.4
-0.71,-5.56,-7.4
-1.29,-5.83,-7.84
-0.34,-5.51,-7.43
-0.34,-5.51,-7.43
0.09,-5.23,-6.76
-1.28,-5.55,-7.83
-1.28,-5.55,-7.83
-1.28,-5.55,-7.83
-0.25,-5.77,-7.25
-0.25,-5.77,-7.25
-0.25,-5.77,-7.25
-0.5,-4.99,-7.57
-0.5,-4.99,-7.57
-0.5,-4.99,-7.57
-0.72,-5.72,-7.18
-0.72,-5.72,-7.18
-0.7,-4.97,-7.51
-0.87,-6.01,-7.36
-0.87,-6.01,-7.36
-0.87,-6.01,-7.36
-0.19,-4.79,-7.46
-0.19,-4.79,-7.46
-0.19,-4.79,-7.46
-0.48,-6.14,-7.32
-0.48,-6.14,-7.32
-0.48,-6.14,-7.32
-1.32,-5.97,-7.84
-1.32,-5.97,-7.84
-1.32,-5.97,-7.84
0.42,-4.65,-7.21
0.42,-4.65,-7.21
0.42,-4.65,-7.21
-1.35,-6.32,-7.72
-1.35,-6.32,-7.72
-1.35,-6.32,-7.72
0.04,-4.97,-7.1
0.04,-4.97,-7.1
0.04,-4.97,-7.1
0.26,-5.67,-7.43
0.26,-5.67,-7.43
0.26,-5.67,-7.43
-1.02,-5.33,-7.54
-1.02,-5.33,-7.54
-1.02,-5.33,-7.54
0.69,-5.21,-7.1
0.69,-5.21,-7.1
0.69,-5.21,-7.1
-2.17,-5.39,-7.96
-2.17,-5.39,-7.96
-2.17,-5.39,-7.96
0.3,-5.25,-6.94
0.3,-5.25,-6.94
0.06,-4.73,-7.11
-1.11,-6.43,-7.85
-1.11,-6.43,-7.85
-1.11,-6.43,-7.85
-0.41,-5.51,-7.34
-0.41,-5.51,-7.34
-0.41,-5.51,-7.34
-0.94,-5.86,-7.5
-0.94,-5.86,-7.5
0.57,-5.39,-6.79
0.18,-4.69,-7.29
0.18,-4.69,-7.29
-1.82,-5.77,-7.83
0.45,-4.84,-7.15
0.45,-4.84,-7.15
0.45,-4.84,-7.15
-1.27,-6.45,-7.7
-1.27,-6.45,-7.7
-1.27,-6.45,-7.7
-0.34,-4.99,-7.2
-0.34,-4.99,-7.2
-0.34,-4.99,-7.2
-0.54,-5.48,-7.46
-0.54,-5.48,-7.46
-0.34,-5.87,-7.53
-0.34,-5.87,-7.53
-0.34,-5.87,-7.53
-0.3,-5.18,-7.45
-0.3,-5.18,-7.45
-0.3,-5.18,-7.45
-0.74,-5.53,-7.43
-0.74,-5.53,-7.43
-0.74,-5.53,-7.43
-0.11,-5.76,-7.22
-0.11,-5.76,-7.22
-0.11,-5.76,-7.22
-0.88,-5.37,-7.93
-0.88,-5.37,-7.93
-0.88,-5.37,-7.93
-0.22,-5.79,-7.07
0.24,-5.66,-7.07
0.11,-4.82,-7.47
0.11,-4.82,-7.47
-1.21,-6.32,-7.38
-1.21,-6.32,-7.38
-1.21,-6.32,-7.38
0.37,-4.76,-7.48
0.37,-4.76,-7.48
0.37,-4.76,-7.48
-2.06,-6.14,-7.61
-2.06,-6.14,-7.61
0.82,-4.78,-7.02
0.68,-4.87,-7.12
0.68,-4.87,-7.12
-1.36,-5.95,-7.74
0.54,-4.87,-7.2
0.54,-4.87,-7.2
0.54,-4.87,-7.2
-1.28,-5.6,-7.72
-1.28,-5.6,-7.72
-1.28,-5.6,-7.72
-0.25,-5.68,-7.44
-0.25,-5.68,-7.44
-0.65,-5.45,-7.74
-0.65,-5.45,-7.74
-0.65,-5.45,-7.74
-0.24,-5.01,-7.04
-0.24,-5.01,-7.04
-0.24,-5.01,-7.04
-0.81,-5.47,-7.83
-0.81,-5.47,-7.83
-0.81,-5.47,-7.83
0.05,-5.07,-7.55
0.05,-5.07,-7.55
0.5,-4.99,-7.87
1.82,-5.05,-5.91
1.82,-5.05,-5.91
1.82,-5.05,-5.91
-13.71,-6.4,-2.51
-13.71,-6.4,-2.51
-13.71,-6.4,-2.51
16.12,-1.27,-8.12
16.12,-1.27,-8.12
16.12,-1.27,-8.12
0.43,-6.54,-12.29
0.43,-6.54,-12.29
4.48,-9.92,-8.85
4.76,-7.42,-7.66
0.87,-5.72,-8.06
0.87,-5.72,-8.06
-0.19,-6.08,-6.84
-0.19,-6.08,-6.84
-0.19,-6.08,-6.84
0.16,-5.84,-6.29
0.16,-5.84,-6.29
0.16,-5.84,-6.29
1.21,-4.22,-7.22
1.21,-4.22,-7.22
0.9,-4.53,-7.34
1.57,-5.58,-6.98
1.57,-5.58,-6.98
1.57,-5.58,-6.98
1.43,-5.28,-7.2
1.43,-5.28,-7.2
1.43,-5.28,-7.2
0.94,-5.17,-7.15
0.94,-5.17,-7.15
1.18,-5.93,-6.73
1.18,-5.93,-6.73
1.09,-6.0,-6.72
1.63,-4.64,-6.75
1.63,-4.64,-6.75
1.63,-4.64,-6.75
2.15,-6.19,-6.08
2.15,-6.19,-6.08
2.15,-6.19,-6.08
2.47,-6.54,-6.4
2.47,-6.54,-6.4
2.47,-6.54,-6.4
2.49,-6.39,-6.07
2.49,-6.39,-6.07
2.49,-6.39,-6.07
2.48,-5.2,-5.52
2.48,-5.2,-5.52
2.48,-5.2,-5.52
2.84,-6.78,-4.76
2.84,-6.78,-4.76
2.84,-6.78,-4.76
2.53,-7.71,-4.46
2.53,-7.71,-4.46
2.53,-7.71,-4.46
2.38,-6.88,-4.95
2.38,-7.48,-4.43
2.38,-7.48,-4.43
2.8,-8.88,-2.99
2.8,-8.88,-2.99
3.4,-8.8,-2.89
3.4,-8.8,-2.89
3.4,-8.8,-2.89
3.26,-8.88,-1.99
3.26,-8.88,-1.99
3.26,-8.88,-1.99
3.49,-8.16,-1.86
3.49,-8.16,-1.86
2.86,-10.03,-1.69
3.54,-9.5,-1.1
3.54,-9.5,-1.1
3.54,-9.5,-1.1
3.86,-9.07,-1.02
3.86,-9.07,-1.02
3.86,-9.07,-1.02
4.04,-9.42,-0.61
4.04,-9.42,-0.61
4.04,-9.42,-0.61
4.48,-8.4,0.11
4.48,-8.4,0.11
4.48,-8.4,0.11
4.49,-9.15,0.76
4.49,-9.15,0.76
4.49,-9.15,0.76
4.52,-9.7,1.03
4.52,-9.7,1.03
4.52,-9.7,1.03
4.66,-9.34,1.48
4.66,-9.34,1.48
4.66,-9.34,1.48
3.91,-8.91,4.41
3.91,-8.91,4.41
3.91,-8.91,4.41
3.66,-8.26,1.48
3.66,-8.26,1.48
3.66,-8.26,1.48
2.69,-8.9,2.77
2.69,-8.9,2.77
2.69,-8.9,2.77
1.94,-8.82,4.05
1.94,-8.82,4.05
1.94,-8.82,4.05
0.98,-11.27,4.37
0.98,-11.27,4.37
0.98,-11.27,4.37
0.35,-7.95,2.61
0.35,-7.95,2.61
0.35,-7.95,2.61
1.66,-8.84,4.09
1.66,-8.84,4.09
1.66,-8.84,4.09
1.98,-9.5,3.69
1.98,-9.5,3.69
2.2,-8.44,2.99
2.2,-8.44,2.99
2.2,-8.44,2.99
0.28,-9.55,4.55
0.28,-9.55,4.55
0.28,-9.55,4.55
0.13,-10.04,4.33
0.13,-10.04,4.33
0.13,-10.04,4.33
-0.68,-9.59,3.68
-0.68,-9.59,3.68
-0.68,-9.59,3.68
-1.44,-9.58,3.76
-1.59,-9.44,3.71
-1.59,-9.44,3.71
-2.21,-9.56,3.91
-2.21,-9.56,3.91
-2.21,-9.56,3.91
-1.93,-9.17,3.88
-1.93,-9.17,3.88
-1.93,-9.17,3.88
-1.56,-9.3,4.41
-1.56,-9.3,4.41
-1.96,-9.41,3.96
-2.48,-9.23,3.76
-2.48,-9.23,3.76
-2.18,-9.28,3.85
-2.06,-8.55,3.86
-2.06,-8.55,3.86
-2.06,-8.55,3.86
-2.19,-8.2,3.88
-2.19,-8.2,3.88
-2.19,-8.2,3.88
-2.26,-8.22,3.36
-2.26,-8.22,3.36
-2.26,-8.22,3.36
-2.17,-8.57,3.05
-2.17,-8.57,3.05
-2.25,-8.76,2.98
-1.51,-9.36,3.93
-1.51,-9.36,3.93
-1.51,-9.36,3.93
-2.4,-9.08,3.35
-2.4,-9.08,3.35
-2.4,-9.08,3.35
-2.33,-9.43,3.37
-2.33,-9.43,3.37
-2.33,-9.43,3.37
-2.52,-8.81,3.17
-2.52,-8.81,3.17
-2.47,-8.71,3.07
-2.04,-9.68,3.91
-2.04,-9.68,3.91
-2.04,-9.68,3.91
-2.37,-9.51,3.49
-2.37,-9.51,3.49
-2.37,-9.51,3.49
-1.93,-9.3,3.03
-1.93,-9.3,3.03
-1.93,-9.3,3.03
-2.17,-8.66,2.66
-2.17,-8.66,2.66
-1.9,-8.78,2.78
-2.01,-9.59,3.08
-2.01,-9.59,3.08
-2.01,-9.59,3.08
-2.01,-8.81,2.5
-2.01,-8.81,2.5
-2.01,-8.81,2.5
-1.9,-7.64,1.89
-1.9,-7.64,1.89
-1.9,-7.64,1.89
-1.89,-8.51,2.15
-1.89,-8.51,2.15
-2.03,-8.8,2.11
-2.0,-8.34,1.5
-2.0,-8.34,1.5
-2.0,-8.34,1.5
-1.99,-8.43,1.11
-1.99,-8.43,1.11
-1.99,-8.43,1.11
-1.41,-8.69,1.88
-1.41,-8.69,1.88
-2.01,-9.05,1.12
-2.91,-9.44,1.25
-2.91,-9.44,1.25
-2.14,-9.21,1.08
-2.14,-9.21,1.08
-2.33,-9.24,0.85
-2.33,-9.24,0.85
-2.33,-9.24,0.85
-2.46,-8.92,0.55
-2.46,-8.92,0.55
-2.45,-8.9,0.51
-2.17,-9.2,0.6
-2.17,-9.2,0.6
-2.02,-9.29,0.72
-2.12,-9.17,0.72
-2.12,-9.17,0.72
-2.12,-9.17,0.72
-2.18,-8.85,0.62
-2.18,-8.85,0.62
-2.18,-8.85,0.62
-2.4,-8.95,0.47
-2.37,-8.88,0.46
-2.37,-8.88,0.46
-2.24,-8.53,0.44
-2.24,-8.53,0.44
-2.24,-8.53,0.44
-2.07,-8.93,0.87
-2.07,-8.93,0.87
-2.07,-8.93,0.87
-1.82,-9.51,0.87
-1.82,-9.51,0.87
-1.82,-9.51,0.87
-1.8,-9.31,0.39
-1.8,-9.31,0.39
-1.85,-9.86,0.29
-1.13,-10.83,0.99
-1.13,-10.83,0.99
-1.13,-10.83,0.99
0.22,-11.96,1.93
0.22,-11.96,1.93
0.22,-11.96,1.93
0.9,-12.22,1.4
0.9,-12.22,1.4
0.9,-12.22,1.4
0.78,-11.11,0.8
0.78,-11.11,0.8
0.93,-11.1,1.18
0.56,-12.23,2.17
0.56,-12.23,2.17
0.56,-12.23,2.17
0.86,-11.14,1.47
0.86,-11.14,1.47
0.86,-11.14,1.47
1.03,-10.18,1.32
1.03,-10.18,1.32
1.03,-10.18,1.32
1.58,-9.49,1.0
1.58,-9.49,1.0
1.45,-8.52,0.5
1.38,-7.76,0.34
1.38,-7.76,0.34
1.43,-7.79,0.26
1.6,-8.46,-0.12
1.6,-8.46,-0.12
1.6,-8.46,-0.12
3.07,-7.58,0.78
3.07,-7.58,0.78
3.07,-7.58,0.78
3.06,-6.06,-5.49
3.21,-10.25,0.24
3.21,-10.25,0.24
3.5,-8.62,-2.25
3.5,-8.62,-2.25
3.5,-8.62,-2.25
3.22,-8.07,-2.28
3.22,-8.07,-2.28
3.22,-8.07,-2.28
3.44,-8.32,-2.14
3.44,-8.32,-2.14
3.44,-8.32,-2.14
3.65,-6.95,-2.04
3.65,-6.95,-2.04
3.65,-6.95,-2.04
3.85,-5.79,-2.06
4.38,-6.23,-1.69
4.29,-5.55,-1.7
4.29,-5.55,-1.7
4.29,-5.55,-1.7
4.89,-5.48,-1.36
4.89,-5.48,-1.36
4.89,-5.48,-1.36
5.05,-6.21,-0.53
5.05,-6.21,-0.53
4.98,-5.96,-0.36
4.84,-5.77,0.31
4.84,-5.77,0.31
4.84,-5.77,0.31
4.28,-6.35,0.76
4.28,-6.35,0.76
4.28,-6.35,0.76
3.76,-5.78,1.31
3.76,-5.78,1.31
3.76,-5.78,1.31
2.17,-5.18,4.61
2.17,-5.18,4.61
2.17,-5.18,4.61
1.61,-5.45,3.62
1.61,-5.45,3.62
1.61,-5.45,3.62
1.14,-7.05,5.34
1.14,-7.05,5.34
1.14,-7.05,5.34
-0.19,-5.84,4.63
-0.19,-5.84,4.63
-0.19,-5.84,4.63
-0.45,-9.38,6.19
-0.45,-9.38,6.19
-0.45,-9.38,6.19
-2.91,-10.63,6.74
-2.91,-10.63,6.74
-2.91,-10.63,6.74
-1.51,-9.8,7.32
-1.51,-9.8,7.32
-1.51,-9.8,7.32
-3.87,-10.49,7.09
-3.87,-10.49,7.09
-3.87,-10.49,7.09
-3.36,-10.55,7.9
-3.36,-10.55,7.9
-3.95,-8.97,8.32
-4.64,-7.8,7.36
-5.7,-8.86,7.24
-5.7,-8.86,7.24
-4.64,-8.75,7.67
-4.64,-8.75,7.67
-4.64,-8.75,7.67
-4.98,-7.48,7.48
-4.98,-7.48,7.48
-4.98,-7.48,7.48
-4.79,-7.03,7.52
-4.79,-7.03,7.52
-4.79,-7.03,7.52
-5.06,-6.53,7.41
-5.06,-6.53,7.41
-5.06,-6.53,7.41
-4.05,-6.34,7.6
-4.05,-6.34,7.6
-4.05,-6.34,7.6
-3.7,-5.59,7.11
-3.7,-5.59,7.11
-3.7,-5.59,7.11
-4.07,-5.76,7.05
-4.07,-5.76,7.05
-4.07,-5.76,7.05
-4.17,-5.41,6.99
-4.29,-5.17,6.78
-4.29,-5.17,6.78
-4.51,-5.78,6.89
-4.51,-5.78,6.89
-4.51,-5.78,6.89
-4.32,-5.1,6.82
-4.32,-5.1,6.82
-4.32,-5.1,6.82
-4.29,-5.63,6.79
-4.29,-5.63,6.79
-4.19,-5.41,7.25
-3.88,-5.94,7.0
-3.88,-5.94,7.0
-3.88,-5.94,7.0
-3.02,-5.92,7.36
-3.02,-5.92,7.36
-3.02,-5.92,7.36
-3.59,-5.59,6.69
-3.59,-5.59,6.69
-3.69,-5.66,6.48
-3.46,-5.88,6.83
-3.24,-6.12,6.78
-3.24,-6.12,6.78
-3.52,-5.3,6.21
-3.52,-5.3,6.21
-3.52,-5.3,6.21
-4.17,-5.27,5.85
-4.17,-5.27,5.85
-4.17,-5.27,5.85
-4.47,-6.19,6.53
-4.47,-6.19,6.53
-4.43,-5.01,6.34
-5.16,-4.91,6.2
-6.6,-5.1,5.42
-6.6,-5.1,5.42
-5.79,-6.16,6.14
-5.79,-6.16,6.14
-5.79,-6.16,6.14
-5.72,-5.99,6.3
-5.72,-5.99,6.3
-5.72,-5.99,6.3
-5.99,-4.38,5.75
-5.99,-4.38,5.75
-5.99,-4.38,5.75
-6.64,-3.99,5.22
-6.64,-3.99,5.22
-6.68,-4.6,5.51
-6.06,-4.86,5.95
-6.06,-4.86,5.95
-6.06,-4.86,5.95
-6.49,-4.82,5.49
-6.49,-4.82,5.49
-6.49,-4.82,5.49
-5.75,-4.48,5.33
-5.75,-4.48,5.33
-5.75,-4.48,5.33
-5.9,-5.2,5.85
-5.81,-5.14,5.78
-5.81,-5.14,5.78
-5.4,-5.36,5.94
-5.4,-5.36,5.94
-5.4,-5.36,5.94
-5.58,-4.45,5.78
-5.58,-4.45,5.78
-5.58,-4.45,5.78
-5.96,-4.57,5.77
-5.96,-4.57,5.77
-5.97,-5.09,6.01
-5.89,-5.08,6.17
-5.89,-5.08,6.17
-6.0,-4.75,6.05
-6.07,-4.01,5.99
-6.07,-4.01,5.99
-6.07,-4.01,5.99
-5.77,-4.58,6.19
-5.77,-4.58,6.19
-5.77,-4.58,6.19
-5.93,-4.97,6.11
-5.93,-4.97,6.11
-5.77,-4.45,5.88
-6.08,-4.37,5.76
-6.08,-4.37,5.76
-6.08,-4.37,5.76
-5.99,-4.84,5.97
-5.99,-4.84,5.97
-5.99,-4.84,5.97
-5.91,-4.56,5.99
-5.91,-4.56,5.99
-5.91,-4.56,5.99
-6.04,-4.5,5.79
-6.04,-4.5,5.79
-6.07,-4.56,5.8
-6.1,-4.81,5.84
-6.1,-4.81,5.84
-6.1,-4.81,5.84
-6.24,-4.18,5.62
-6.24,-4.18,5.62
-6.24,-4.18,5.62
-6.57,-4.89,5.85
-6.57,-4.89,5.85
-6.66,-5.5,5.64
-6.66,-5.5,5.64
-6.45,-5.01,5.39
-6.33,-4.52,5.55
-6.33,-4.52,5.55
-6.57,-4.77,5.42
-5.83,-4.52,6.09
-5.83,-4.52,6.09
-5.83,-4.52,6.09
-4.64,-4.86,6.49
-4.64,-4.86,6.49
-4.64,-4.86,6.49
-4.3,-6.0,7.15
-4.3,-6.0,7.15
-4.3,-6.0,7.15
-4.55,-6.1,6.26
-4.55,-6.1,6.26
-4.55,-5.71,6.28
-5.09,-5.93,7.48
-5.09,-5.93,7.48
-5.09,-5.93,7.48
-5.0,-4.76,7.32
-5.0,-4.76,7.32
-5.0,-4.76,7.32
-3.59,-4.79,6.22
-3.59,-4.79,6.22
-3.59,-4.79,6.22
-3.72,-5.83,7.55
-3.72,-5.83,7.55
-3.51,-5.4,7.2
-2.99,-4.93,6.97
-2.99,-4.93,6.97
-2.99,-4.93,6.97
-2.42,-5.47,7.05
-2.42,-5.47,7.05
-2.42,-5.47,7.05
-2.31,-5.37,7.02
-2.31,-5.37,7.02
-2.43,-5.32,6.76
-2.66,-5.04,6.96
-2.66,-5.04,6.96
-2.66,-5.04,6.96
-3.48,-5.86,7.72
-3.48,-5.86,7.72
-3.48,-5.86,7.72
-3.52,-6.36,7.81
-3.52,-6.36,7.81
-3.52,-6.36,7.81
-3.53,-5.52,7.44
-3.53,-5.52,7.44
-3.53,-5.52,7.44
-4.42,-5.95,7.62
-4.42,-5.95,7.62
-4.42,-5.95,7.62
-3.98,-4.91,6.97
-3.98,-4.91,6.97
-3.98,-4.91,6.97
-4.14,-5.37,7.25
-4.14,-5.37,7.25
-4.14,-5.37,7.25
-3.77,-5.32,7.2
-3.77,-5.32,7.2
-3.77,-5.32,7.2
-3.37,-5.22,6.77
-3.37,-5.22,6.77
-3.61,-5.33,6.68
-4.08,-5.33,6.84
-4.08,-5.33,6.84
-4.08,-5.33,6.84
-3.52,-5.45,7.15
-3.52,-5.45,7.15
-3.52,-5.45,7.15
-3.22,-5.19,7.14
-3.22,-5.19,7.14
-3.22,-5.19,7.14
-3.1,-5.31,7.05
-3.1,-5.31,7.05
-3.1,-5.31,7.05
-3.16,-5.34,6.99
-3.16,-5.34,6.99
-3.16,-5.34,6.99
-3.17,-6.12,7.14
-3.17,-6.12,7.14
-3.17,-6.12,7.14
-3.49,-5.46,6.66
-3.49,-5.46,6.66
-3.49,-5.46,6.66
-3.16,-5.23,7.36
-2.55,-5.26,7.82
-2.55,-5.26,7.82
-2.42,-5.14,7.61
-2.42,-5.14,7.61
-2.42,-5.14,7.61
-3.25,-4.61,7.39
-3.25,-4.61,7.39
-3.25,-4.61,7.39
-3.68,-4.49,7.38
-3.68,-4.49,7.38
-3.68,-4.49,7.38
-2.77,-6.08,8.16
-2.77,-6.08,8.16
-2.77,-6.08,8.16
-2.59,-5.44,7.52
-2.59,-5.44,7.52
-2.59,-5.44,7.52
-2.75,-5.14,7.48
-2.75,-5.14,7.48
-2.75,-5.14,7.48
-3.17,-5.33,7.85
-3.17,-5.33,7.85
-3.17,-5.52,7.95
-3.0,-5.68,8.21
-3.0,-5.68,8.21
-3.0,-5.68,8.21
-2.75,-5.32,8.25
-2.75,-5.32,8.25
-2.75,-5.32,8.25
-2.53,-5.32,8.16
-2.53,-5.32,8.16
-2.53,-5.32,8.16
-2.46,-5.62,8.24
-2.46,-5.62,8.24
-2.45,-5.62,8.09
-2.55,-5.77,8.05
-2.63,-5.88,7.96
-2.63,-5.88,7.96
-2.91,-5.77,8.1
-2.91,-5.77,8.1
-2.91,-5.77,8.1
-3.25,-5.61,8.17
-3.25,-5.61,8.17
-3.25,-5.61,8.17
-3.17,-5.48,7.82
-3.17,-5.48,7.82
-2.91,-5.25,7.32
-2.63,-5.28,6.88
-2.52,-5.65,6.65
-2.52,-5.65,6.65
-2.63,-5.78,7.06
-2.63,-5.78,7.06
-2.63,-5.78,7.06
-3.36,-5.59,7.36
-3.36,-5.59,7.36
-3.24,-5.39,7.32
-3.09,-5.09,7.16
-3.09,-5.09,7.16
-3.11,-5.01,7.03
-3.14,-5.46,6.91
-3.14,-5.46,6.91
-3.14,-5.46,6.91
-3.4,-5.91,7.06
-3.4,-5.91,7.06
-3.4,-5.91,7.06
-3.27,-5.67,7.43
-3.27,-5.67,7.43
-3.27,-5.67,7.43
-3.26,-5.25,7.82
-3.46,-5.21,7.99
-3.46,-5.21,7.99
-3.26,-5.43,7.31
-3.26,-5.43,7.31
-3.26,-5.43,7.31
-2.78,-5.28,6.86
-2.78,-5.28,6.86
-2.78,-5.28,6.86
-3.23,-5.7,7.66
-3.23,-5.7,7.66
-3.27,-5.59,8.0
-3.34,-5.39,8.08
-3.37,-5.46,8.03
-3.14,-5.67,7.63
-3.14,-5.67,7.63
-3.14,-5.67,7.63
-2.95,-5.49,7.55
-2.95,-5.49,7.55
-2.95,-5.49,7.55
-3.19,-6.0,7.55
-3.19,-6.0,7.55
-3.06,-5.73,7.42
-3.03,-5.47,7.31
-3.02,-5.43,7.43
-3.02,-5.43,7.43
-3.29,-5.85,7.8
-3.29,-5.85,7.8
-3.29,-5.85,7.8
-3.2,-5.7,7.61
-3.2,-5.7,7.61
-3.2,-5.7,7.61
-3.4,-5.4,6.82
-3.4,-5.4,6.82
-3.4,-5.4,6.82
-3.19,-5.93,7.39
-3.19,-5.93,7.39
-3.19,-5.93,7.39
-3.31,-6.38,7.78
-3.31,-6.38,7.78
-3.31,-6.38,7.78
-3.18,-5.28,7.17
-3.18,-5.28,7.17
-3.18,-5.28,7.17
-3.69,-5.62,7.14
-3.69,-5.62,7.14
-3.7,-6.04,7.45
-3.64,-6.39,7.54
-3.21,-6.24,7.46
-3.21,-6.24,7.46
-2.61,-6.32,7.36
-2.61,-6.32,7.36
-2.61,-6.32,7.36
-2.61,-5.75,7.33
-2.61,-5.75,7.33
-2.61,-5.75,7.33
-2.79,-6.29,7.63
-2.79,-6.29,7.63
-2.71,-6.21,7.77
-2.05,-6.44,7.64
-2.05,-6.44,7.64
-2.05,-6.44,7.64
-2.02,-6.77,7.67
-2.02,-6.77,7.67
-2.02,-6.77,7.67
-2.08,-7.05,8.05
-2.08,-7.05,8.05
-2.08,-7.05,8.05
-2.12,-6.09,7.44
-2.12,-6.09,7.44
-2.12,-6.09,7.44
-2.13,-6.91,7.24
-2.13,-6.91,7.24
-2.13,-6.91,7.24
-2.65,-6.22,6.97
-2.65,-6.22,6.97
-2.65,-6.22,6.97
-2.98,-6.93,6.88
-2.98,-6.93,6.88
-2.98,-6.93,6.88
-2.59,-6.42,6.6
-2.59,-6.42,6.6
-2.59,-6.42,6.6
-1.48,-7.48,7.05
-1.48,-7.48,7.05
-1.48,-7.48,7.05
-1.12,-6.93,6.87
-1.12,-6.93,6.87
-1.12,-6.93,6.87
-1.04,-7.29,6.23
-1.04,-7.29,6.23
-1.04,-7.29,6.23
-1.2,-8.34,6.52
-1.2,-8.34,6.52
-1.2,-8.34,6.52
-0.56,-7.52,5.55
-0.56,-7.52,5.55
-0.56,-7.52,5.55
-0.43,-8.26,6.04
-0.43,-8.26,6.04
-0.43,-8.26,6.04
-0.43,-7.69,5.86
-0.43,-7.69,5.86
-0.43,-7.69,5.86
-0.83,-8.64,5.89
-0.83,-8.64,5.89
-0.83,-8.64,5.89
-1.3,-8.14,5.15
-1.3,-8.14,5.15
-1.37,-8.35,5.34
-0.92,-9.47,5.35
-0.92,-9.47,5.35
-0.92,-9.47,5.35
-1.18,-8.99,4.98
-1.18,-8.99,4.98
-0.87,-9.63,4.71
-0.87,-9.63,4.71
-0.84,-9.5,4.29
-0.84,-9.65,4.48
-0.84,-9.65,4.48
-0.84,-9.65,4.48
-0.85,-9.69,3.87
-0.85,-9.69,3.87
-0.85,-9.69,3.87
-0.63,-9.62,3.21
-0.63,-9.62,3.21
-0.63,-9.62,3.21
-1.17,-9.08,3.02
-1.13,-8.85,2.76
-1.13,-8.85,2.76
-0.99,-10.08,2.39
-0.99,-10.08,2.39
-0.99,-10.08,2.39
-1.01,-8.98,1.68
-1.01,-8.98,1.68
-1.01,-8.98,1.68
0.36,-10.04,2.06
0.36,-10.04,2.06
0.36,-10.04,2.06
0.25,-9.66,1.2
0.25,-9.66,1.2
0.25,-9.66,1.2
-0.39,-9.89,1.08
1.23,-9.33,0.15
1.23,-9.33,0.15
0.69,-10.01,0.05
0.69,-10.01,0.05
0.69,-10.01,0.05
0.39,-8.65,-0.12
0.39,-8.65,-0.12
0.39,-8.65,-0.12
0.06,-9.23,-0.5
0.06,-9.23,-0.5
0.06,-9.23,-0.5
0.82,-8.61,-0.97
0.82,-8.61,-0.97
0.5,-8.14,-6.35
0.64,-8.33,-1.76
0.64,-8.33,-1.76
0.64,-8.33,-1.76
1.35,-8.74,-2.17
1.35,-8.74,-2.17
1.35,-8.74,-2.17
1.64,-8.42,-2.73
1.64,-8.42,-2.73
1.64,-8.42,-2.73
1.39,-8.38,-2.72
1.39,-8.38,-2.72
1.29,-8.35,-3.15
1.67,-9.04,-3.14
1.67,-9.04,-3.14
1.67,-9.04,-3.14
2.1,-8.31,-3.56
2.1,-8.31,-3.56
2.1,-8.31,-3.56
2.17,-7.82,-3.83
2.17,-7.82,-3.83
2.0,-8.24,-3.86
2.11,-8.23,-3.87
2.03,-8.11,-3.97
2.03,-8.11,-3.97
2.1,-8.27,-4.53
2.1,-8.27,-4.53
1.81,-8.03,-4.66
1.81,-8.03,-4.66
1.81,-8.03,-4.66
2.02,-7.45,-4.76
2.1,-7.17,-5.14
2.1,-7.17,-5.14
1.98,-7.54,-5.01
1.98,-7.54,-5.01
1.98,-7.54,-5.01
2.23,-8.16,-4.69
2.23,-8.16,-4.69
2.76,-5.89,-4.9
2.76,-5.89,-4.9
2.76,-5.89,-4.9
2.34,-6.93,-4.73
2.25,-6.92,-5.47
2.25,-6.92,-5.47
2.3,-5.77,-5.49
2.3,-5.77,-5.49
2.3,-5.77,-5.49
2.25,-6.0,-4.94
2.25,-6.0,-4.94
2.25,-6.0,-4.94
2.39,-5.41,-5.28
2.39,-5.41,-5.28
2.39,-5.41,-5.28
2.91,-7.95,-5.66
2.91,-7.95,-5.66
2.58,-6.3,-5.58
2.32,-5.41,-5.43
2.51,-6.45,-5.77
2.51,-6.45,-5.77
2.34,-6.9,-6.4
2.34,-6.9,-6.4
2.34,-6.9,-6.4
1.87,-7.71,-6.47
1.87,-7.71,-6.47
1.87,-7.71,-6.47
2.14,-7.61,-5.98
1.98,-6.59,-6.16
1.98,-6.59,-6.16
2.48,-6.96,-5.78
2.48,-6.96,-5.78
2.48,-6.96,-5.78
2.46,-6.37,-6.58
2.46,-6.37,-6.58
2.46,-6.37,-6.58
2.0,-7.25,-6.36
2.0,-7.25,-6.36
2.0,-7.25,-6.36
2.26,-6.35,-6.06
2.41,-6.93,-5.78
2.41,-6.93,-5.78
2.14,-6.97,-6.02
1.87,-6.27,-6.29
1.87,-6.27,-6.29
2.06,-7.49,-6.1
2.06,-7.49,-6.1
2.06,-7.49,-6.1
2.13,-7.26,-6.33
2.13,-7.26,-6.33
2.13,-7.26,-6.33
2.01,-6.99,-6.05
1.92,-6.97,-6.21
1.92,-6.97,-6.21
1.85,-6.8,-5.94
1.85,-6.8,-5.94
1.85,-6.8,-5.94
2.19,-6.87,-6.06
2.19,-6.87,-6.06
2.19,-6.87,-6.06
1.74,-7.24,-6.48
1.74,-7.24,-6.48
1.74,-7.24,-6.48
1.57,-7.1,-6.12
1.57,-7.1,-6.12
1.63,-7.08,-5.85
1.54,-6.88,-6.22
1.54,-6.88,-6.22
1.54,-6.88,-6.22
1.55,-6.73,-6.27
1.55,-6.73,-6.27
1.55,-6.73,-6.27
1.55,-6.96,-5.97
1.55,-6.96,-5.97
1.55,-6.96,-5.97
1.63,-6.98,-6.17
1.63,-6.98,-6.17
1.64,-7.09,-6.24
1.63,-6.73,-6.03
1.63,-6.73,-6.03
1.63,-6.73,-6.03
1.47,-7.19,-6.28
1.47,-7.19,-6.28
1.47,-7.19,-6.28
1.53,-6.86,-6.03
1.53,-6.86,-6.03
1.53,-6.86,-6.03
1.47,-7.17,-6.17
1.47,-7.17,-6.17
1.47,-7.17,-6.17
1.35,-7.06,-5.96
1.35,-7.06,-5.96
1.35,-7.06,-5.96
1.26,-7.11,-5.98
1.26,-7.11,-5.98
1.26,-7.11,-5.98
1.33,-7.37,-6.02
1.33,-7.37,-6.02
1.33,-7.37,-6.02
1.32,-7.37,-5.78
1.21,-7.24,-5.83
1.21,-7.24,-5.83
1.15,-7.45,-6.0
1.15,-7.45,-6.0
1.15,-7.45,-6.0
1.13,-7.15,-5.8
1.13,-7.15,-5.8
1.13,-7.15,-5.8
1.08,-6.92,-5.9
1.08,-6.92,-5.9
1.08,-6.92,-5.9
1.12,-7.71,-6.18
1.12,-7.71,-6.18
1.12,-7.71,-6.18
1.36,-7.87,-5.9
1.36,-7.87,-5.9
1.36,-7.87,-5.9
1.25,-7.51,-5.72
1.25,-7.51,-5.72
1.25,-7.51,-5.72
0.91,-7.14,-5.94
0.91,-7.14,-5.94
0.91,-7.14,-5.94
1.05,-7.03,-5.93
1.05,-7.03,-5.93
0.99,-7.26,-5.91
1.1,-7.12,-5.78
1.1,-7.12,-5.78
1.1,-7.12,-5.78
1.21,-7.73,-5.79
1.21,-7.73,-5.79
1.21,-7.73,-5.79
1.22,-7.09,-5.88
1.22,-7.09,-5.88
1.16,-7.42,-5.86
1.2,-7.44,-5.93
1.2,-7.44,-5.93
1.03,-7.18,-6.13
1.02,-7.57,-5.75
1.02,-7.57,-5.75
1.02,-7.57,-5.75
1.0,-7.14,-5.91
1.0,-7.14,-5.91
1.0,-7.14,-5.91
1.09,-7.22,-5.75
1.09,-7.22,-5.75
1.09,-7.22,-5.75
0.88,-7.19,-5.84
0.88,-7.19,-5.84
0.96,-7.28,-5.76
0.82,-7.4,-5.79
0.82,-7.4,-5.79
0.82,-7.4,-5.79
0.89,-7.45,-5.97
0.89,-7.45,-5.97
0.89,-7.45,-5.97
0.98,-7.39,-5.85
0.98,-7.39,-5.85
0.8,-6.87,-5.92
0.8,-6.87,-5.92
0.82,-7.2,-5.88
0.94,-6.89,-6.27
0.94,-6.89,-6.27
0.94,-6.89,-6.27
0.93,-7.38,-5.97
0.93,-7.38,-5.97
0.93,-7.38,-5.97
0.66,-7.15,-6.13
0.66,-7.15,-6.13
0.66,-7.15,-6.13
0.93,-7.29,-5.63
0.93,-7.29,-5.63
0.93,-7.29,-5.63
1.16,-7.3,-5.89
1.16,-7.3,-5.89
1.16,-7.3,-5.89
0.92,-7.43,-5.9
0.92,-7.43,-5.9
0.92,-7.43,-5.9
0.78,-7.02,-5.75
0.78,-7.02,-5.75
0.78,-7.02,-5.75
0.7,-7.48,-5.88
0.7,-7.48,-5.88
0.55,-7.05,-6.0
0.84,-7.42,-6.19
0.84,-7.42,-6.19
0.84,-7.42,-6.19
1.39,-7.29,-5.54
1.39,-7.29,-5.54
1.39,-7.29,-5.54
1.25,-7.88,-5.53
0.95,-7.75,-5.65
0.95,-7.75,-5.65
1.09,-7.13,-5.67
1.09,-7.13,-5.67
1.09,-7.13,-5.67
0.53,-6.86,-5.56
0.53,-6.86,-5.56
0.53,-6.86,-5.56
0.64,-7.29,-6.12
0.64,-7.29,-6.12
0.64,-7.29,-6.12
0.5,-7.55,-5.49
0.5,-7.55,-5.49
0.84,-7.76,-5.36
0.9,-7.73,-5.51
0.97,-7.54,-5.54
0.97,-7.54,-5.54
1.27,-7.48,-5.72
1.27,-7.48,-5.72
1.27,-7.48,-5.72
0.8,-7.02,-5.61
0.8,-7.02,-5.61
0.8,-7.02,-5.61
0.99,-7.88,-4.92
0.99,-7.88,-4.92
0.49,-8.22,-5.05
0.72,-7.24,-5.61
0.72,-7.24,-5.61
0.72,-7.24,-5.61
0.75,-7.2,-5.34
0.75,-7.2,-5.34
0.75,-7.2,-5.34
0.71,-8.52,-5.16
0.71,-8.52,-5.16
0.71,-8.52,-5.16
-0.04,-6.84,-5.48
-0.04,-6.84,-5.48
-0.04,-6.84,-5.48
0.78,-7.76,-5.39
0.78,-7.76,-5.39
0.78,-7.76,-5.39
0.05,-7.13,-5.38
0.05,-7.13,-5.38
0.05,-7.13,-5.38
0.41,-7.83,-5.41
0.41,-7.83,-5.41
0.41,-7.83,-5.41
0.81,-7.05,-4.39
0.81,-7.05,-4.39
0.81,-7.05,-4.39
1.26,-8.23,-4.6
1.26,-8.23,-4.6
1.26,-8.23,-4.6
0.79,-8.3,-5.89
0.79,-8.3,-5.89
0.79,-8.3,-5.89
1.59,-9.58,-4.48
1.59,-9.58,-4.48
1.59,-9.58,-4.48
1.38,-8.95,-4.67
1.38,-8.95,-4.67
1.67,-8.03,-5.41
1.2,-7.54,-4.52
1.2,-7.54,-4.52
1.2,-7.54,-4.52
0.16,-8.31,-4.96
0.16,-8.31,-4.96
0.16,-8.31,-4.96
-0.62,-8.14,-4.41
-0.62,-8.14,-4.41
-0.62,-8.14,-4.41
1.92,-7.51,-4.32
1.92,-7.51,-4.32
1.92,-7.51,-4.32
1.11,-9.0,-4.86
1.11,-9.0,-4.86
1.11,-9.0,-4.86
1.05,-7.43,-4.47
1.05,-7.43,-4.47
1.52,-9.29,-4.74
1.52,-9.29,-4.74
1.52,-9.29,-4.74
-0.17,-9.51,-5.2
-0.17,-9.51,-5.2
-0.17,-9.51,-5.2
0.83,-6.81,-3.49
0.83,-6.81,-3.49
0.83,-6.81,-3.49
-0.24,-7.83,-4.63
-0.24,-7.83,-4.63
-0.24,-7.83,-4.63
0.1,-8.03,-4.23
0.1,-8.03,-4.23
0.1,-8.03,-4.23
0.26,-8.6,-4.0
0.26,-8.6,-4.0
0.26,-8.6,-4.0
0.22,-8.23,-4.95
0.22,-8.23,-4.95
0.22,-8.23,-4.95
-0.27,-9.39,-4.7
-0.27,-9.39,-4.7
-0.27,-9.39,-4.7
0.55,-10.24,-4.79
0.55,-10.24,-4.79
0.55,-10.24,-4.79
0.17,-8.36,-5.33
0.17,-8.36,-5.33
0.17,-8.36,-5.33
0.48,-8.28,-4.92
-0.22,-10.27,-5.22
-0.22,-10.27,-5.22
0.98,-8.93,-4.85
0.98,-8.93,-4.85
0.98,-8.93,-4.85
-0.13,-7.84,-5.64
-0.13,-7.84,-5.64
-0.13,-7.84,-5.64
-0.36,-7.94,-5.44
-0.36,-7.94,-5.44
-0.51,-6.92,-5.43
0.27,-5.1,-4.78
0.27,-5.1,-4.78
0.27,-5.1,-4.78
0.33,-7.48,-5.9
0.33,-7.48,-5.9
0.33,-7.48,-5.9
1.56,-5.92,-6.85
1.56,-5.92,-6.85
1.56,-5.92,-6.85
-0.38,-5.74,-7.53
-0.38,-5.74,-7.53
0.37,-5.7,-7.02
-0.14,-6.06,-7.08
-0.14,-6.06,-7.08
-2.5,-4.72,-5.91
-2.5,-4.72,-5.91
-2.5,-4.72,-5.91
2.46,-6.28,-6.26
2.46,-6.28,-6.26
2.46,-6.28,-6.26
-0.28,-4.94,-6.04
-0.28,-4.94,-6.04
0.76,-5.89,-6.87
-1.93,-6.78,-7.63
-1.93,-6.78,-7.63
-1.93,-6.78,-7.63
0.85,-6.26,-6.36
0.85,-6.26,-6.36
0.85,-6.26,-6.36
-2.07,-5.94,-6.43
-2.07,-5.94,-6.43
-2.07,-5.94,-6.43
-2.68,-7.38,-7.09
-2.68,-7.38,-7.09
-2.68,-7.38,-7.09
1.29,-6.35,-7.62
1.29,-6.35,-7.62
1.29,-6.35,-7.62
-1.87,-5.76,-7.23
-1.87,-5.76,-7.23
-1.87,-5.76,-7.23
0.27,-4.48,-6.38
0.27,-4.48,-6.38
0.27,-4.48,-6.38
1.13,-5.22,-6.57
1.13,-5.22,-6.57
1.13,-5.22,-6.57
-1.67,-5.78,-7.64
-1.67,-5.78,-7.64
-1.67,-5.78,-7.64
-1.57,-6.59,-7.73
-1.57,-6.59,-7.73
-1.57,-6.59,-7.73
0.5,-4.62,-7.19
0.5,-4.62,-7.19
0.5,-4.62,-7.19
-1.52,-6.91,-7.0
-1.52,-6.91,-7.0
-2.21,-5.78,-7.36
0.42,-5.86,-6.83
0.42,-5.86,-6.83
0.42,-5.86,-6.83
-0.83,-5.34,-7.72
-0.83,-5.34,-7.72
-0.83,-5.34,-7.72
-0.06,-5.83,-7.07
-0.06,-5.83,-7.07
-0.06,-5.83,-7.07
-0.59,-6.03,-7.64
-0.59,-6.03,-7.64
0.32,-6.81,-7.24
-1.36,-5.58,-7.33
-1.36,-5.58,-7.33
-1.36,-5.58,-7.33
0.26,-5.56,-7.14
0.26,-5.56,-7.14
0.26,-5.56,-7.14
-0.92,-5.99,-7.72
-0.92,-5.99,-7.72
0.03,-6.57,-7.53
-0.14,-6.02,-6.79
-0.92,-4.94,-7.11
-0.92,-4.94,-7.11
0.46,-6.34,-7.39
0.46,-6.34,-7.39
0.46,-6.34,-7.39
-1.69,-5.56,-7.52
-1.69,-5.56,-7.52
-1.69,-5.56,-7.52
0.27,-5.76,-7.41
0.27,-5.76,-7.41
-0.52,-5.69,-7.93
-0.61,-5.68,-7.44
-0.31,-5.48,-6.99
-0.31,-5.48,-6.99
-1.24,-5.63,-7.12
-1.24,-5.63,-7.12
-1.24,-5.63,-7.12
-0.03,-4.88,-6.95
-0.03,-4.88,-6.95
-0.03,-4.88,-6.95
-1.41,-6.36,-7.9
-1.41,-6.36,-7.9
-1.31,-6.13,-7.47
-0.17,-5.47,-7.02
-0.3,-5.06,-7.41
-0.3,-5.06,-7.41
-0.59,-5.28,-7.29
-0.59,-5.28,-7.29
-0.59,-5.28,-7.29
-0.73,-6.18,-7.57
-0.73,-6.18,-7.57
-0.73,-6.18,-7.57
-0.48,-5.79,-7.48
-0.48,-5.79,-7.48
-0.48,-5.79,-7.48
-0.74,-5.47,-7.5
-0.74,-5.47,-7.5
-1.66,-6.0,-7.69
0.2,-4.7,-6.64
0.2,-4.7,-6.64
0.2,-4.7,-6.64
-1.3,-5.44,-7.72
-0.07,-5.78,-7.41
-0.07,-5.78,-7.41
-0.07,-5.78,-7.41
0.23,-5.43,-7.16
0.23,-5.43,-7.16
0.23,-5.43,-7.16
-1.28,-4.89,-7.23
-1.28,-4.89,-7.23
-1.28,-4.89,-7.23
-0.04,-5.87,-7.24
-0.04,-5.87,-7.24
-0.04,-5.87,-7.24
-0.95,-6.01,-7.82
-0.95,-6.01,-7.82
-0.95,-6.01,-7.82
-1.17,-5.6,-7.01
-1.17,-5.6,-7.01
-1.17,-5.6,-7.01
-0.47,-5.37,-7.42
-0.47,-5.37,-7.42
-0.47,-5.37,-7.42
-0.77,-5.64,-7.11
-0.77,-5.64,-7.11
-0.77,-5.64,-7.11
-0.25,-5.67,-7.59
-0.91,-6.0,-7.31
-0.91,-6.0,-7.31
-0.51,-5.61,-7.09
-0.51,-5.61,-7.09
-0.51,-5.61,-7.09
-1.27,-5.57,-7.25
-1.27,-5.57,-7.25
-1.27,-5.57,-7.25
-0.02,-5.32,-7.26
-0.02,-5.32,-7.26
-0.02,-5.32,-7.26
-0.75,-5.63,-7.85
-0.75,-5.63,-7.85
-0.24,-5.46,-7.3
-0.79,-5.96,-7.34
-0.79,-5.96,-7.34
-0.79,-5.96,-7.34
-0.75,-5.09,-7.31
-0.75,-5.09,-7.31
-0.75,-5.09,-7.31
-0.49,-5.96,-7.3
-0.49,-5.96,-7.3
-0.49,-5.96,-7.3
-0.64,-5.17,-7.33
-0.64,-5.17,-7.33
-0.64,-5.17,-7.33
-0.38,-5.21,-7.83
-0.38,-5.21,-7.83
-0.38,-5.21,-7.83
-0.84,-6.05,-7.29
-0.84,-6.05,-7.29
-0.84,-6.05,-7.29
0.09,-4.65,-7.59
0.09,-4.65,-7.59
-0.46,-5.91,-7.4
-0.46,-5.91,-7.4
-0.1,-4.98,-7.27
-0.81,-5.21,-7.42
-1.27,-6.01,-7.65
-1.27,-6.01,-7.65
-0.4,-5.44,-7.22
-0.4,-5.44,-7.22
-0.4,-5.44,-7.22
-0.51,-5.27,-7.61
-0.51,-5.27,-7.61
-0.51,-5.27,-7.61
-0.74,-5.53,-6.93
-0.74,-5.53,-6.93
0.12,-4.97,-7.19
-1.36,-5.98,-7.75
-1.36,-5.98,-7.75
-1.36,-5.98,-7.75
0.43,-5.35,-7.43
0.43,-5.35,-7.43
0.43,-5.35,-7.43
-1.51,-5.9,-7.47
-1.51,-5.9,-7.47
-1.51,-5.9,-7.47
0.27,-5.15,-7.4
-0.88,-5.82,-7.55
-0.88,-5.82,-7.55
0.22,-4.89,-7.09
0.22,-4.89,-7.09
0.22,-4.89,-7.09
-1.36,-5.84,-7.71
-1.36,-5.84,-7.71
-1.36,-5.84,-7.71
0.19,-5.3,-7.32
0.19,-5.3,-7.32
0.19,-5.3,-7.32
-0.96,-5.95,-7.55
-0.96,-5.95,-7.55
-0.96,-5.95,-7.55
-1.13,-5.79,-7.62
-1.13,-5.79,-7.62
-1.13,-5.79,-7.62
0.23,-5.24,-7.3
0.23,-5.24,-7.3
0.23,-5.24,-7.3
-1.14,-5.98,-7.55
-1.14,-5.98,-7.55
-1.14,-5.98,-7.55
-0.17,-4.98,-7.14
-0.17,-4.98,-7.14
-0.92,-5.53,-7.46
0.04,-5.43,-7.25
0.04,-5.43,-7.25
0.04,-5.43,-7.25
-1.3,-6.26,-7.74
-1.3,-6.26,-7.74
-1.3,-6.26,-7.74
0.03,-4.87,-7.28
0.03,-4.87,-7.28
0.03,-4.87,-7.28
-0.34,-5.26,-7.39
-0.34,-5.26,-7.39
-0.34,-5.26,-7.39
-0.79,-5.91,-7.43
-0.79,-5.91,-7.43
-0.79,-5.91,-7.43
0.25,-5.1,-7.45
0.25,-5.1,-7.45
0.25,-5.1,-7.45
-0.71,-5.12,-7.5
-0.71,-5.12,-7.5
-0.71,-5.12,-7.5
-0.28,-5.53,-7.23
-0.28,-5.53,-7.23
-0.92,-5.5,-7.25
-0.08,-5.69,-7.23
-0.08,-5.69,-7.23
-0.08,-5.69,-7.23
-1.39,-5.9,-7.68
-1.39,-5.9,-7.68
-1.39,-5.9,-7.68
-0.02,-5.55,-7.21
-0.02,-5.55,-7.21
-0.02,-5.55,-7.21
-0.4,-5.06,-7.85
-0.15,-5.81,-7.62
-0.15,-5.81,-7.62
-0.96,-5.85,-7.57
-0.96,-5.85,-7.57
-0.96,-5.85,-7.57
-0.58,-5.46,-7.22
-0.58,-5.46,-7.22
-0.58,-5.46,-7.22
-0.45,-5.61,-7.43
-0.45,-5.61,-7.43
-0.45,-5.61,-7.43
-0.62,-5.28,-7.73
-0.62,-5.28,-7.73
-1.2,-5.99,-7.48
0.48,-4.81,-7.41
0.48,-4.81,-7.41
0.48,-4.81,-7.41
-1.38,-6.23,-7.2
-1.38,-6.23,-7.2
-1.38,-6.23,-7.2
-0.34,-4.87,-7.46
-0.34,-4.87,-7.46
-0.34,-4.87,-7.46
-0.38,-5.73,-7.2
-0.38,-5.73,-7.2
-0.38,-5.73,-7.2
-0.78,-5.98,-7.62
-0.78,-5.98,-7.62
-0.78,-5.98,-7.62
-0.67,-6.47,-7.7
-0.67,-6.47,-7.7
-0.67,-6.47,-7.7
-1.06,-4.54,-6.66
-1.06,-4.54,-6.66
-1.06,-4.54,-6.66
-0.96,-5.57,-7.18
-1.26,-5.36,-7.25
-1.26,-5.36,-7.25
-0.37,-5.75,-7.58
-0.37,-5.75,-7.58
-0.37,-5.75,-7.58
-0.62,-5.73,-7.66
-0.62,-5.73,-7.66
-0.62,-5.73,-7.66
-0.54,-5.72,-7.65
-0.54,-5.72,-7.65
-0.82,-5.95,-7.55
-0.23,-5.25,-6.93
-0.82,-5.02,-6.99
-0.82,-5.02,-6.99
-0.14,-5.32,-7.62
-0.14,-5.32,-7.62
-0.14,-5.32,-7.62
-0.73,-5.67,-7.19
-0.73,-5.67,-7.19
-0.73,-5.67,-7.19
-0.7,-5.4,-7.72
-0.7,-5.4,-7.72
-0.54,-5.83,-7.46
-0.84,-5.87,-7.38
-0.84,-5.87,-7.38
-0.84,-5.87,-7.38
0.22,-5.04,-8.04
0.22,-5.04,-8.04
0.22,-5.04,-8.04
3.22,-4.02,-10.48
3.22,-4.02,-10.48
3.22,-4.02,-10.48
-24.6,-2.01,-8.05
-24.6,-2.01,-8.05
