aX,aY,aZ
-16.2,9.98,-11.44
3.12,13.62,-9.49
3.12,13.62,-9.49
3.12,13.62,-9.49
-1.96,10.75,-5.4
-1.96,10.75,-5.4
-1.96,10.75,-5.4
1.7,7.53,-3.35
1.7,7.53,-3.35
1.7,7.53,-3.35
3.27,9.51,-2.97
3.27,9.51,-2.97
3.27,9.51,-2.97
1.58,8.44,-4.08
1.58,8.44,-4.08
1.58,8.44,-4.08
1.28,8.8,-4.96
1.28,8.8,-4.96
1.28,8.8,-4.96
-0.37,8.97,-5.08
-0.37,8.97,-5.08
-0.37,8.97,-5.08
1.59,8.73,-3.95
1.59,8.73,-3.95
1.59,8.73,-3.95
1.02,9.02,-3.96
1.02,9.02,-3.96
1.02,9.02,-3.96
1.51,9.18,-3.81
1.51,9.18,-3.81
1.51,9.18,-3.81
1.51,9.06,-3.71
1.51,9.06,-3.71
1.51,9.06,-3.71
0.19,9.19,-4.19
0.19,9.19,-4.19
0.27,9.16,-4.31
0.68,8.95,-3.91
0.68,8.95,-3.91
0.68,8.95,-3.91
0.87,9.4,-3.99
0.87,9.4,-3.99
0.87,9.4,-3.99
0.67,9.27,-3.47
0.67,9.27,-3.47
0.67,9.27,-3.47
1.16,9.45,-3.56
0.99,9.13,-3.39
0.99,9.13,-3.39
0.53,9.22,-3.43
0.53,9.22,-3.43
0.53,9.22,-3.43
0.82,9.3,-3.68
0.82,9.3,-3.68
0.82,9.3,-3.68
0.58,9.21,-3.46
0.34,9.04,-3.34
0.34,9.04,-3.34
0.5,9.06,-3.4
0.5,9.34,-3.41
0.5,9.34,-3.41
0.38,9.52,-3.4
0.38,9.52,-3.4
0.38,9.52,-3.4
0.14,9.22,-3.11
0.14,9.22,-3.11
0.14,9.22,-3.11
0.3,9.4,-3.12
0.3,9.4,-3.12
0.2,9.59,-3.26
0.23,9.75,-3.38
0.12,9.8,-3.43
0.12,9.8,-3.43
0.12,9.72,-3.4
0.12,9.72,-3.4
0.12,9.72,-3.4
0.23,9.63,-3.24
0.23,9.63,-3.24
0.23,9.63,-3.24
-0.16,9.25,-3.44
-0.16,9.25,-3.44
-0.41,9.21,-3.54
-0.53,9.23,-3.78
-0.57,9.24,-3.84
-0.57,9.24,-3.84
-0.49,9.15,-3.86
-0.49,9.15,-3.86
-0.49,9.15,-3.86
-0.67,8.97,-3.97
-0.67,8.97,-3.97
-0.67,8.97,-3.97
-0.75,8.9,-4.19
-0.69,8.83,-4.23
-0.69,8.83,-4.23
-0.58,8.24,-3.96
-0.58,8.24,-3.96
-0.58,8.24,-3.96
-0.43,7.82,-3.84
-0.43,7.82,-3.84
-0.43,7.82,-3.84
-0.58,7.71,-3.68
-0.58,7.71,-3.68
-0.58,7.71,-3.68
-0.44,8.04,-3.32
-0.44,8.04,-3.32
-0.37,8.21,-3.2
-0.09,7.65,-2.47
-0.09,7.65,-2.47
-0.09,7.65,-2.47
-0.33,6.42,-1.73
-0.33,6.42,-1.73
-0.33,6.42,-1.73
-1.01,6.29,-1.11
-1.01,6.29,-1.11
-1.01,6.29,-1.11
-1.57,5.96,-0.74
-1.57,5.96,-0.74
-1.71,6.83,-0.69
-3.22,9.39,-0.41
-3.22,9.39,-0.41
-3.22,9.39,-0.41
-3.32,9.09,1.6
-3.32,9.09,1.6
-3.32,9.09,1.6
-3.89,10.19,2.12
-3.89,10.19,2.12
-3.89,10.19,2.12
-2.05,9.38,3.07
-2.05,9.38,3.07
-1.92,10.47,3.66
-2.71,11.73,5.74
-2.71,11.73,5.74
-2.71,11.73,5.74
-1.85,9.98,5.4
-1.85,9.98,5.4
-1.85,9.98,5.4
-1.41,12.4,5.84
-1.41,12.4,5.84
-1.41,12.4,5.84
-0.83,11.69,5.34
-1.43,10.24,5.65
-0.64,8.51,5.21
-0.64,8.51,5.21
-0.64,8.51,5.21
-0.6,7.82,4.77
-0.6,7.82,4.77
-0.6,7.82,4.77
-0.24,8.26,6.01
-0.24,8.26,6.01
-0.24,8.26,6.01
-0.43,9.07,6.75
-0.43,9.07,6.75
-0.43,9.07,6.75
0.79,7.2,6.41
0.79,7.2,6.41
0.79,7.2,6.41
1.0,7.79,6.31
1.0,7.79,6.31
1.0,7.79,6.31
1.02,7.53,7.43
1.02,7.53,7.43
1.02,7.53,7.43
2.04,7.51,7.71
2.04,7.51,7.71
2.04,7.51,7.71
2.53,8.17,7.11
2.53,8.17,7.11
2.53,8.17,7.11
2.63,8.5,7.08
2.63,8.5,7.08
2.63,8.5,7.08
5.18,8.71,7.12
5.18,8.71,7.12
5.18,8.71,7.12
3.41,7.38,7.46
3.41,7.38,7.46
3.52,7.42,7.7
3.93,7.97,7.37
3.93,7.97,7.37
3.93,7.97,7.37
3.0,7.12,7.28
3.0,7.12,7.28
3.0,7.12,7.28
2.98,6.95,7.33
2.98,6.95,7.33
2.98,6.95,7.33
2.74,7.08,7.02
2.74,7.08,7.02
3.44,6.72,6.95
3.44,6.72,6.95
3.44,6.72,6.95
2.6,7.44,7.4
2.6,7.44,7.4
2.6,7.44,7.4
3.14,6.75,7.22
3.14,6.75,7.22
3.14,6.75,7.22
3.0,6.89,6.75
3.0,6.89,6.75
3.0,6.89,6.75
3.34,6.41,7.05
3.34,6.41,7.05
3.34,6.41,7.05
3.24,7.31,6.79
3.24,7.31,6.79
3.24,7.31,6.79
3.07,7.39,6.92
3.07,7.39,6.92
3.07,7.39,6.92
3.39,7.21,6.99
3.39,7.21,6.99
3.39,7.21,6.99
2.83,7.51,7.15
2.83,7.51,7.15
2.83,7.51,7.15
2.81,7.06,7.23
2.81,7.06,7.23
2.81,7.06,7.23
2.88,7.96,6.95
2.88,7.96,6.95
2.88,7.96,6.95
3.26,7.75,6.8
3.26,7.75,6.8
3.13,7.56,6.88
3.09,8.16,6.85
3.09,8.16,6.85
3.09,8.16,6.85
2.95,7.47,7.35
2.95,7.47,7.35
2.95,7.47,7.35
3.12,7.93,6.73
3.12,7.93,6.73
3.12,7.93,6.73
2.97,7.9,6.66
2.97,7.9,6.66
2.97,7.9,6.66
2.9,7.56,6.69
2.9,7.56,6.69
2.9,7.56,6.69
2.95,7.49,6.4
2.95,7.49,6.4
2.95,7.49,6.4
3.08,8.4,6.11
3.08,8.4,6.11
3.08,8.4,6.11
2.21,9.63,6.2
2.21,9.63,6.2
2.21,9.63,6.2
2.68,9.66,6.11
2.68,9.66,6.11
2.68,9.66,6.11
2.82,9.73,5.79
2.82,9.73,5.79
2.82,9.73,5.79
2.39,9.16,6.05
2.39,9.16,6.05
2.39,9.16,6.05
1.49,9.48,5.7
1.49,9.48,5.7
1.49,9.48,5.7
1.44,9.59,5.6
1.44,9.59,5.6
1.44,9.59,5.6
1.39,9.05,5.47
1.39,9.05,5.47
1.39,9.05,5.47
1.35,9.5,5.33
1.35,9.5,5.33
1.35,9.5,5.33
1.31,9.57,5.82
1.72,8.69,5.81
1.72,8.69,5.81
1.29,8.68,5.59
1.29,8.68,5.59
1.29,8.68,5.59
1.43,9.05,5.03
1.43,9.05,5.03
1.43,9.05,5.03
0.56,9.16,5.1
0.56,9.16,5.1
0.56,9.16,5.1
-1.41,12.5,3.01
-1.41,12.5,3.01
-1.41,12.5,3.01
-3.17,14.19,2.61
-3.17,14.19,2.61
-3.17,14.19,2.61
-2.72,11.9,2.7
-2.72,11.9,2.7
-2.72,11.9,2.7
-2.47,10.51,2.38
-2.47,10.51,2.38
-2.47,10.51,2.38
-2.16,8.83,1.25
-1.7,7.85,0.65
-1.7,7.85,0.65
-0.78,6.27,-0.08
-0.78,6.27,-0.08
-0.78,6.27,-0.08
-1.37,6.55,-4.99
-1.37,6.55,-4.99
-1.37,6.55,-4.99
-0.61,4.7,-1.39
-0.61,4.7,-1.39
0.01,4.64,-1.62
-1.02,5.06,-1.86
-1.02,5.06,-1.86
-1.02,5.06,-1.86
-1.75,4.26,-1.51
-1.75,4.26,-1.51
-1.18,3.99,0.23
-1.18,3.99,0.23
-1.18,3.99,0.23
-2.49,4.39,0.88
-2.49,4.39,0.88
-2.88,3.79,1.39
-1.06,4.73,3.38
-1.06,4.73,3.38
-1.06,4.73,3.38
-3.93,5.23,5.26
-3.93,5.23,5.26
-3.93,5.23,5.26
-0.26,8.44,4.89
-0.26,8.44,4.89
-0.26,8.44,4.89
-0.86,7.56,7.48
-0.86,7.56,7.48
-0.35,8.2,8.35
2.53,9.96,9.47
2.53,9.96,9.47
2.53,9.96,9.47
3.34,8.8,10.79
3.34,8.8,10.79
3.34,8.8,10.79
5.76,11.84,9.96
5.76,11.84,9.96
5.76,11.84,9.96
3.33,9.47,11.46
4.94,8.16,11.02
4.94,8.16,11.02
6.34,8.23,10.58
6.34,8.23,10.58
6.34,8.23,10.58
4.77,6.23,10.38
4.77,6.23,10.38
4.77,6.23,10.38
5.61,6.09,10.28
5.61,6.09,10.28
5.61,6.09,10.28
5.71,5.76,9.09
5.71,5.76,9.09
5.71,5.76,9.09
4.67,3.39,9.76
4.67,3.39,9.76
4.67,3.39,9.76
5.39,3.55,9.53
5.39,3.55,9.53
5.39,3.55,9.53
5.26,3.7,9.0
5.26,3.7,9.0
5.26,3.7,9.0
4.91,3.91,8.89
4.91,3.91,8.89
4.75,3.31,8.98
4.2,2.94,8.72
4.2,2.94,8.72
4.2,2.94,8.72
4.16,3.12,8.76
4.16,3.12,8.76
4.16,3.12,8.76
3.67,3.03,9.02
3.67,3.03,9.02
3.67,3.03,9.02
3.14,3.35,8.8
3.14,3.35,8.8
3.14,3.35,8.8
3.1,3.25,9.28
3.1,3.25,9.28
3.1,3.25,9.28
3.79,3.22,9.07
3.79,3.22,9.07
4.4,3.14,8.97
4.4,3.14,8.97
4.4,3.14,8.97
5.66,2.63,8.76
5.66,2.63,8.76
5.66,2.63,8.76
7.31,3.15,8.65
7.31,3.15,8.65
7.31,3.15,8.65
7.47,2.91,8.61
7.47,2.91,8.61
7.47,2.91,8.61
7.44,2.5,7.75
7.44,2.5,7.75
7.44,2.5,7.75
7.74,3.59,7.13
7.74,3.59,7.13
7.74,3.59,7.13
6.75,2.76,7.67
6.55,2.79,8.01
6.55,2.79,8.01
6.36,2.16,8.45
6.36,2.16,8.45
6.36,2.16,8.45
6.86,2.99,7.23
6.86,2.99,7.23
6.86,2.99,7.23
7.22,3.65,7.2
7.22,3.65,7.2
7.22,3.65,7.2
6.2,2.97,8.4
6.2,2.97,8.4
6.2,2.97,8.4
6.02,3.52,8.04
6.02,3.52,8.04
6.02,3.52,8.04
5.73,3.37,8.12
5.73,3.37,8.12
5.73,3.37,8.12
5.94,2.4,8.31
6.23,3.24,7.96
6.23,3.24,7.96
6.21,3.06,8.41
6.21,3.06,8.41
6.21,3.06,8.41
6.09,2.89,8.0
6.09,2.89,8.0
6.09,2.89,8.0
6.22,2.78,7.91
6.22,2.78,7.91
6.22,2.78,7.91
5.95,3.02,8.09
6.24,2.46,8.21
6.24,2.46,8.21
6.43,2.48,8.43
6.43,2.48,8.43
6.43,2.48,8.43
6.46,2.86,8.12
6.46,2.86,8.12
6.46,2.86,8.12
6.11,3.43,8.08
6.11,3.43,8.08
6.11,3.43,8.08
5.96,3.03,8.15
5.96,3.03,8.15
5.93,3.03,8.17
6.37,3.01,8.2
6.37,3.01,8.2
6.37,3.01,8.2
6.41,2.76,7.99
6.41,2.76,7.99
6.41,2.76,7.99
6.44,2.99,8.07
6.44,2.99,8.07
6.44,2.99,8.07
6.18,3.39,8.15
6.18,3.39,8.15
6.18,3.39,8.15
6.42,3.21,7.9
6.42,3.21,7.9
6.42,3.21,7.9
6.15,3.55,8.04
6.15,3.55,8.04
6.15,3.55,8.04
6.49,3.29,8.15
6.49,3.29,8.15
6.49,3.29,8.15
6.64,3.65,7.98
6.16,2.95,9.11
6.16,2.95,9.11
6.14,2.78,9.11
6.14,2.78,9.11
6.14,2.78,9.11
4.96,4.17,8.66
4.96,4.17,8.66
4.96,4.17,8.66
4.53,3.86,8.72
4.53,3.86,8.72
4.53,3.86,8.72
4.8,4.39,8.42
4.8,4.39,8.42
4.8,4.39,8.42
4.3,4.05,9.32
4.3,4.05,9.32
4.3,4.05,9.32
3.95,2.83,9.36
3.95,2.83,9.36
3.95,2.83,9.36
3.91,3.03,9.31
3.91,3.03,9.31
3.91,3.03,9.31
3.06,3.09,9.46
3.4,3.09,9.28
4.0,3.58,8.84
4.0,3.58,8.84
4.0,3.58,8.84
3.58,3.47,9.1
3.58,3.47,9.1
3.58,3.47,9.1
3.18,3.08,9.27
3.18,3.08,9.27
3.18,3.08,9.27
3.13,4.16,9.1
3.13,4.16,9.1
3.13,4.16,9.1
2.91,3.88,9.29
2.91,3.88,9.29
2.91,3.88,9.29
2.97,3.33,9.37
2.97,3.33,9.37
2.97,3.33,9.37
3.0,3.88,9.25
3.0,3.88,9.25
3.0,3.88,9.25
3.58,4.19,8.9
3.58,4.19,8.9
3.58,4.19,8.9
3.53,4.03,9.52
3.53,4.03,9.52
3.53,4.03,9.52
3.82,4.18,9.27
3.82,4.18,9.27
3.82,4.18,9.27
4.25,3.97,9.46
4.25,3.97,9.46
4.26,3.79,9.29
4.55,3.66,9.1
4.55,3.66,9.1
4.55,3.66,9.1
4.61,3.31,8.85
4.61,3.31,8.85
4.61,3.31,8.85
4.43,3.8,8.72
4.43,3.8,8.72
4.43,3.8,8.72
4.42,4.05,9.11
4.42,4.05,9.11
4.11,3.93,9.48
3.65,3.67,9.66
3.53,3.82,9.19
3.53,3.82,9.19
3.9,4.31,8.54
3.9,4.31,8.54
3.9,4.31,8.54
3.53,3.39,8.98
3.53,3.39,8.98
3.53,3.39,8.98
3.84,3.55,9.1
3.84,3.55,9.1
3.84,3.65,9.08
4.07,3.31,9.02
4.07,3.31,9.02
4.07,3.31,9.02
4.01,4.21,8.65
4.01,4.21,8.65
4.01,4.21,8.65
3.72,3.91,8.5
3.72,3.91,8.5
3.72,3.91,8.5
4.23,3.74,8.38
4.23,3.74,8.38
3.46,2.86,8.61
3.46,2.86,8.61
3.41,2.44,8.99
3.23,2.78,9.47
3.23,2.78,9.47
3.23,2.78,9.47
3.57,2.96,9.32
3.57,2.96,9.32
3.57,2.96,9.32
3.99,2.31,9.53
3.87,2.27,9.24
3.87,2.27,9.24
4.04,2.5,9.18
3.9,2.82,9.38
3.9,2.82,9.38
3.26,2.84,9.84
3.26,2.84,9.84
3.26,2.84,9.84
3.18,3.17,9.67
3.18,3.17,9.67
3.18,3.17,9.67
3.09,3.55,9.79
3.09,3.55,9.79
3.09,3.55,9.79
3.46,3.34,9.68
3.46,3.34,9.68
3.46,3.34,9.68
3.76,3.33,9.74
3.76,3.33,9.74
3.76,3.33,9.74
3.66,3.17,9.67
3.66,3.17,9.67
3.66,3.17,9.67
3.45,3.68,9.84
3.36,3.86,9.9
3.36,3.86,9.9
3.4,3.75,10.02
3.4,3.75,10.02
3.4,3.75,10.02
3.48,4.11,9.44
3.48,4.11,9.44
3.48,4.11,9.44
3.72,3.96,8.95
3.72,3.96,8.95
3.72,3.96,8.95
3.5,3.82,8.99
3.5,3.82,8.99
3.46,3.89,8.95
3.87,3.59,9.01
3.87,3.59,9.01
3.87,3.59,9.01
3.62,3.14,8.85
3.62,3.14,8.85
3.62,3.14,8.85
3.82,3.02,8.93
3.82,3.02,8.93
3.82,3.02,8.93
3.86,2.92,8.72
3.86,2.92,8.72
3.86,2.92,8.72
3.91,3.65,8.95
3.91,3.65,8.95
3.91,3.65,8.95
4.01,3.82,9.55
4.01,3.82,9.55
4.01,3.82,9.55
4.02,3.38,9.53
4.02,3.38,9.53
4.02,3.38,9.53
3.93,3.75,9.45
3.93,3.75,9.45
3.96,3.71,9.44
3.68,3.43,9.16
3.68,3.43,9.16
3.68,3.43,9.16
4.07,3.25,9.31
4.07,3.25,9.31
4.07,3.25,9.31
4.09,3.44,9.45
4.09,3.44,9.45
4.09,3.44,9.45
3.72,3.23,9.53
3.72,3.23,9.53
3.83,3.46,9.46
3.78,3.83,9.25
3.78,3.83,9.25
3.78,3.83,9.25
3.74,3.47,9.46
3.74,3.47,9.46
3.74,3.47,9.46
3.99,3.26,9.45
3.99,3.26,9.45
3.99,3.26,9.45
4.05,3.26,8.84
4.05,3.26,8.84
4.06,3.53,9.01
4.13,3.93,9.25
4.13,3.93,9.25
4.13,3.93,9.25
3.81,3.73,8.99
3.81,3.73,8.99
3.81,3.73,8.99
4.24,3.92,9.24
4.24,3.92,9.24
4.24,3.92,9.24
3.66,4.21,9.23
3.66,4.21,9.23
3.7,4.02,9.45
3.24,3.77,9.41
3.24,3.77,9.41
3.24,3.77,9.41
3.25,4.53,8.89
3.25,4.53,8.89
3.25,4.53,8.89
2.83,3.77,9.29
2.83,3.77,9.29
2.83,3.77,9.29
3.3,3.81,9.54
3.3,3.81,9.54
3.33,3.85,9.54
2.83,4.13,9.38
2.83,4.13,9.38
2.83,4.13,9.38
2.94,4.41,9.72
2.94,4.41,9.72
2.94,4.41,9.72
2.59,4.45,9.56
2.59,4.45,9.56
2.59,4.45,9.56
2.36,4.98,9.82
2.36,4.98,9.82
2.36,4.98,9.82
2.37,5.95,9.55
2.37,5.95,9.55
2.37,5.95,9.55
2.98,6.25,9.4
2.98,6.25,9.4
2.98,6.25,9.4
1.56,5.32,9.2
1.56,5.32,9.2
1.56,5.32,9.2
1.64,6.47,9.32
1.64,6.47,9.32
1.38,6.17,9.36
2.51,5.79,8.76
2.51,5.79,8.76
2.51,5.79,8.76
1.42,6.25,8.78
1.42,6.25,8.78
1.42,6.25,8.78
1.54,6.0,8.95
1.54,6.0,8.95
1.49,6.92,8.57
1.84,6.98,8.44
1.76,7.07,8.43
1.76,7.07,8.43
1.75,7.11,8.41
1.75,7.11,8.41
2.3,7.6,7.63
2.3,7.6,7.63
2.3,7.6,7.63
2.65,8.33,7.24
2.65,8.33,7.24
2.12,8.42,7.43
1.97,8.18,6.96
1.97,8.18,6.96
1.97,8.18,6.96
1.31,9.13,6.34
1.31,9.13,6.34
1.3,8.41,6.17
1.3,8.41,6.17
1.3,8.41,6.17
1.05,9.09,5.65
1.05,9.09,5.65
1.27,8.84,5.58
1.41,8.95,5.25
1.44,9.16,4.88
1.44,9.16,4.88
1.76,9.36,4.28
1.76,9.36,4.28
1.76,9.36,4.28
1.74,9.55,3.85
1.74,9.55,3.85
1.74,9.55,3.85
1.12,9.03,3.75
1.12,9.03,3.75
1.12,9.03,3.75
1.24,9.21,2.96
1.24,9.21,2.96
1.07,9.42,2.82
0.94,9.18,2.15
0.94,9.18,2.15
0.94,9.18,2.15
1.02,9.61,1.74
1.02,9.61,1.74
1.02,9.61,1.74
0.61,9.9,1.71
0.61,9.9,1.71
0.61,9.9,1.71
0.93,9.4,1.22
0.54,9.37,0.97
0.54,9.37,0.97
0.55,9.62,0.34
0.55,9.62,0.34
0.55,9.62,0.34
0.57,9.45,-0.23
0.57,9.45,-0.23
0.57,9.45,-0.23
0.47,9.35,-0.2
0.47,9.35,-0.2
0.45,9.63,-0.31
0.04,9.64,-0.55
0.04,9.64,-0.55
0.04,9.64,-0.55
0.01,10.2,-1.05
0.01,10.2,-1.05
0.01,10.2,-1.05
-0.34,9.45,-0.61
-0.34,9.45,-0.61
-0.34,9.45,-0.61
-0.57,9.7,-1.02
-0.57,9.7,-1.02
-0.57,9.7,-1.02
0.48,9.57,-1.96
0.48,9.57,-1.96
0.15,7.74,-2.27
0.15,7.74,-2.27
0.15,7.74,-2.27
-0.31,8.69,-3.29
-0.31,8.69,-3.29
-0.31,8.69,-3.29
-0.64,7.97,-2.95
-0.64,7.97,-2.95
-0.64,7.97,-2.95
-0.39,9.22,-3.27
-0.39,9.22,-3.27
-0.39,9.22,-3.27
-0.55,9.45,-3.91
-0.55,9.45,-3.91
-0.55,9.45,-3.91
-0.21,9.02,-3.68
-0.21,9.02,-3.68
-0.21,9.02,-3.68
-0.34,7.82,-4.1
-0.34,7.82,-4.1
-0.34,7.82,-4.1
0.14,7.24,-4.19
0.14,7.24,-4.19
0.14,7.24,-4.19
0.05,8.32,-3.85
0.05,8.32,-3.85
0.05,8.32,-3.85
-0.11,8.23,-4.09
-0.11,8.23,-4.09
-0.11,8.23,-4.09
-0.42,8.77,-4.27
-0.42,8.77,-4.27
-0.42,8.77,-4.27
-0.02,8.8,-4.4
-0.02,8.8,-4.4
-0.02,8.8,-4.4
-0.04,8.12,-4.26
-0.04,8.12,-4.26
-0.04,8.12,-4.26
0.34,8.53,-4.4
0.34,8.53,-4.4
0.34,8.53,-4.4
0.11,8.16,-4.67
0.11,8.16,-4.67
-0.13,8.13,-4.68
-0.62,8.8,-4.78
-0.62,8.8,-4.78
-0.56,9.09,-4.44
-0.56,9.09,-4.44
-0.28,8.85,-4.49
-0.28,8.85,-4.49
-0.28,8.85,-4.49
-0.11,8.82,-4.11
-0.11,8.82,-4.11
-0.11,8.82,-4.11
0.41,8.92,-4.17
0.24,9.15,-4.4
0.24,9.15,-4.4
0.39,8.73,-4.24
0.39,8.73,-4.24
0.39,8.73,-4.24
0.26,8.88,-4.04
0.26,8.88,-4.04
0.26,8.88,-4.04
0.3,8.97,-4.28
0.3,8.97,-4.28
0.35,9.05,-4.54
-0.02,8.5,-4.17
-0.02,8.5,-4.17
-0.02,8.5,-4.17
0.34,8.55,-4.18
0.34,8.55,-4.18
0.34,8.55,-4.18
0.28,9.12,-4.02
0.28,9.12,-4.02
0.28,9.12,-4.02
0.45,8.67,-4.2
0.45,8.67,-4.2
0.45,8.67,-4.2
0.38,8.7,-4.0
0.38,8.7,-4.0
0.38,8.7,-4.0
0.27,8.77,-4.18
0.27,8.77,-4.18
0.27,8.77,-4.18
0.28,8.96,-4.07
0.28,8.96,-4.07
0.28,8.96,-4.07
0.52,8.88,-4.13
0.52,8.88,-4.13
0.43,9.11,-4.14
0.63,9.06,-4.24
0.63,9.06,-4.24
0.63,9.06,-4.24
0.51,8.84,-3.94
0.51,8.84,-3.94
0.51,8.84,-3.94
0.56,8.83,-3.92
0.56,8.83,-3.92
0.56,8.83,-3.92
0.54,8.73,-3.88
0.54,8.73,-3.88
0.54,9.3,-3.97
0.48,9.18,-4.15
0.48,9.18,-4.15
0.48,9.18,-4.15
0.45,8.94,-3.95
0.45,8.94,-3.95
0.45,8.94,-3.95
0.52,9.04,-3.72
0.52,9.04,-3.72
0.81,9.3,-3.82
0.81,9.3,-3.82
1.02,8.82,-3.67
0.93,9.19,-3.64
0.93,9.19,-3.64
0.93,9.19,-3.64
0.91,8.76,-3.77
0.91,8.76,-3.77
0.91,8.76,-3.77
0.71,8.95,-3.71
0.71,8.95,-3.71
0.71,8.95,-3.71
0.65,9.35,-3.74
0.65,9.35,-3.74
0.84,9.51,-3.88
0.71,9.64,-3.85
0.71,9.64,-3.85
0.71,9.64,-3.85
0.69,8.9,-3.72
0.69,8.9,-3.72
0.69,8.9,-3.72
0.79,9.09,-3.86
0.79,9.09,-3.86
0.79,9.09,-3.86
0.95,9.05,-3.77
0.87,8.96,-3.83
0.87,8.96,-3.83
1.08,9.25,-3.79
1.08,9.25,-3.79
1.08,9.25,-3.79
1.16,9.09,-3.78
1.16,9.09,-3.78
1.16,9.09,-3.78
1.19,8.87,-3.71
1.19,8.87,-3.71
1.26,9.07,-3.62
1.03,9.19,-3.77
1.03,9.19,-3.77
1.21,9.11,-3.87
0.89,8.88,-3.86
0.89,8.88,-3.86
0.89,8.88,-3.86
0.87,9.3,-3.8
0.87,9.3,-3.8
0.87,9.3,-3.8
0.78,8.8,-3.84
0.78,8.8,-3.84
0.78,8.8,-3.84
1.16,8.42,-3.76
1.38,8.79,-3.74
1.38,8.79,-3.74
1.23,9.25,-3.7
1.23,9.25,-3.7
1.23,9.25,-3.7
1.13,9.27,-3.74
1.13,9.27,-3.74
1.13,9.27,-3.74
0.67,9.16,-3.59
0.67,9.16,-3.59
0.77,8.99,-3.49
1.07,9.06,-3.56
1.07,9.06,-3.56
1.19,9.19,-3.72
1.13,9.24,-3.7
1.13,9.24,-3.7
1.13,9.24,-3.7
1.18,9.19,-3.54
1.18,9.19,-3.54
1.18,9.19,-3.54
1.17,9.03,-3.67
1.17,9.03,-3.67
1.17,9.03,-3.67
0.96,9.05,-3.44
0.96,9.05,-3.44
0.93,9.13,-3.4
0.98,9.05,-3.4
0.98,9.05,-3.4
0.98,9.05,-3.4
1.05,9.28,-3.92
1.05,9.28,-3.92
1.05,9.28,-3.92
0.87,8.97,-3.73
0.87,8.97,-3.73
0.87,8.97,-3.73
0.83,9.31,-3.64
0.83,9.31,-3.64
0.83,9.31,-3.64
0.84,9.56,-3.62
0.84,9.56,-3.62
0.84,9.56,-3.62
0.79,9.36,-3.62
0.79,9.36,-3.62
0.79,9.36,-3.62
1.01,9.27,-3.67
1.01,9.27,-3.67
1.01,9.27,-3.67
1.13,8.78,-3.69
1.13,8.78,-3.69
1.13,8.78,-3.69
0.85,9.28,-3.53
0.85,9.28,-3.53
0.85,9.28,-3.53
0.95,9.13,-3.59
0.95,9.13,-3.59
0.95,9.13,-3.59
0.77,9.26,-3.4
0.77,9.26,-3.4
0.77,9.26,-3.4
0.91,8.79,-3.54
0.91,8.79,-3.54
0.91,8.79,-3.54
0.59,9.71,-3.78
0.59,9.71,-3.78
0.59,9.71,-3.78
1.04,8.16,-3.02
1.04,8.16,-3.02
1.04,8.16,-3.02
1.2,9.7,-3.51
1.2,9.7,-3.51
1.21,9.56,-3.64
1.5,8.79,-3.48
1.5,8.79,-3.48
1.5,8.79,-3.48
1.0,9.69,-3.49
1.0,9.69,-3.49
1.0,9.69,-3.49
0.97,9.18,-3.0
0.97,9.18,-3.0
0.97,9.18,-3.0
1.26,8.94,-3.3
1.26,8.94,-3.3
1.26,8.94,-3.3
1.38,9.15,-3.38
1.38,9.15,-3.38
1.38,9.15,-3.38
1.0,9.14,-2.77
1.0,9.14,-2.77
1.0,9.14,-2.77
1.34,8.1,-3.09
1.34,8.1,-3.09
1.34,8.1,-3.09
0.75,8.6,-3.15
0.75,8.6,-3.15
0.68,9.62,-3.81
0.1,10.36,-3.71
-0.43,10.24,-2.84
0.78,9.21,-2.84
0.78,9.21,-2.84
0.78,9.21,-2.84
1.08,9.41,-2.87
1.08,9.41,-2.87
1.08,9.41,-2.87
1.61,9.56,-2.71
1.61,9.56,-2.71
1.61,9.56,-2.71
0.3,9.25,-2.54
0.34,9.47,-2.58
0.34,9.47,-2.58
0.08,10.83,-3.01
0.08,10.83,-3.01
0.08,10.83,-3.01
1.19,9.06,-2.63
1.19,9.06,-2.63
1.19,9.06,-2.63
0.71,9.17,-2.52
0.71,9.17,-2.52
0.71,9.17,-2.52
0.12,9.86,-3.29
0.29,10.08,-2.54
0.78,9.54,-2.05
0.78,9.54,-2.05
0.78,9.54,-2.05
1.38,10.28,-1.84
1.38,10.28,-1.84
1.38,10.28,-1.84
1.28,9.12,-2.63
1.28,9.12,-2.63
1.28,9.12,-2.63
-0.33,9.45,-2.23
-0.19,10.15,-2.84
-0.19,10.15,-2.84
0.44,9.9,-2.83
0.44,9.9,-2.83
0.44,9.9,-2.83
1.13,8.97,-2.86
1.13,8.97,-2.86
1.13,8.97,-2.86
0.89,10.35,-1.67
0.89,10.35,-1.67
1.03,10.29,-2.23
1.92,10.42,-1.93
0.68,10.26,-1.37
0.68,10.26,-1.37
1.45,9.51,-2.33
1.45,9.51,-2.33
1.45,9.51,-2.33
0.16,10.94,-2.41
0.16,10.94,-2.41
0.16,10.94,-2.41
0.57,9.46,-3.51
0.27,9.56,-3.45
0.27,9.56,-3.45
0.08,9.53,-4.03
0.08,9.53,-4.03
0.08,9.53,-4.03
0.96,10.09,-3.39
0.96,10.09,-3.39
0.96,10.09,-3.39
1.72,10.5,-3.43
1.72,10.5,-3.43
1.72,10.5,-3.43
0.52,8.65,-2.85
0.52,8.65,-2.85
2.02,9.29,-3.09
1.48,7.87,-2.38
1.48,7.87,-2.38
1.48,7.87,-2.38
1.65,8.57,-3.64
1.65,8.57,-3.64
1.65,8.57,-3.64
2.05,9.85,-2.85
2.05,9.85,-2.85
2.05,9.85,-2.85
1.9,10.37,-3.6
2.99,9.05,-3.39
2.99,9.05,-3.39
0.24,9.67,-4.4
0.24,9.67,-4.4
0.24,9.67,-4.4
3.62,8.21,-3.31
3.62,8.21,-3.31
3.62,8.21,-3.31
1.63,8.88,-4.2
1.63,8.88,-4.2
1.63,8.88,-4.2
0.48,9.88,-4.71
0.48,9.88,-4.71
0.48,9.88,-4.71
2.72,8.87,-4.74
2.72,8.87,-4.74
2.72,8.87,-4.74
0.58,8.2,-5.24
0.58,8.2,-5.24
0.58,8.2,-5.24
3.16,6.97,-4.82
3.16,6.97,-4.82
3.16,6.97,-4.82
0.51,6.71,-4.74
4.72,7.02,-3.99
4.72,7.02,-3.99
0.93,8.0,-5.19
0.93,8.0,-5.19
0.93,8.0,-5.19
2.48,7.61,-5.54
2.48,7.61,-5.54
2.48,7.61,-5.54
0.37,8.25,-6.08
0.37,8.25,-6.08
0.37,8.25,-6.08
4.72,8.26,-3.55
4.72,8.26,-3.55
4.72,8.26,-3.55
2.87,8.78,-4.78
2.87,8.78,-4.78
2.87,8.78,-4.78
1.2,8.31,-5.6
1.2,8.31,-5.6
1.2,8.31,-5.6
3.92,8.27,-5.06
3.92,8.27,-5.06
3.92,8.27,-5.06
1.07,8.45,-5.34
1.07,8.45,-5.34
1.07,8.45,-5.34
2.92,8.08,-4.22
2.92,8.08,-4.22
2.92,8.08,-4.22
4.52,8.77,-4.37
4.52,8.77,-4.37
4.52,8.77,-4.37
0.73,7.98,-6.23
0.73,7.98,-6.23
0.73,7.98,-6.23
4.94,6.56,-4.46
4.94,6.56,-4.46
4.07,8.12,-4.8
2.95,8.43,-4.59
2.95,8.43,-4.59
2.95,8.43,-4.59
2.02,8.39,-5.03
2.02,8.39,-5.03
4.44,6.79,-5.05
4.44,6.79,-5.05
4.44,6.79,-5.05
1.11,8.38,-5.78
1.47,7.63,-5.26
1.47,7.63,-5.26
4.16,8.46,-5.01
4.16,8.46,-5.01
4.16,8.46,-5.01
2.6,8.03,-4.56
2.6,8.03,-4.56
2.6,8.03,-4.56
3.55,8.7,-5.33
3.55,8.7,-5.33
3.55,8.7,-5.33
2.22,7.6,-5.09
2.22,7.6,-5.09
5.22,7.99,-4.84
1.86,8.09,-4.75
1.86,8.09,-4.75
1.86,8.09,-4.75
3.79,7.5,-4.95
3.79,7.5,-4.95
3.79,7.5,-4.95
2.41,7.61,-5.27
2.41,7.61,-5.27
3.43,8.07,-5.13
4.39,8.69,-5.07
4.39,8.69,-5.07
2.76,8.89,-5.28
3.84,6.76,-4.4
3.84,6.76,-4.4
3.84,6.76,-4.4
2.33,8.33,-5.16
2.33,8.33,-5.16
2.33,8.33,-5.16
4.13,7.77,-5.03
4.13,7.77,-5.03
4.13,7.77,-5.03
2.19,8.61,-5.66
2.19,8.61,-5.66
2.2,7.92,-5.14
3.64,8.12,-4.73
3.64,8.12,-4.73
3.64,8.12,-4.73
2.72,7.69,-5.03
2.72,7.69,-5.03
2.72,7.69,-5.03
3.59,8.07,-4.87
3.59,8.07,-4.87
3.59,8.07,-4.87
3.13,8.54,-4.97
3.13,8.54,-4.97
3.34,8.06,-5.01
3.04,7.93,-5.44
3.04,7.93,-5.44
3.04,7.93,-5.44
3.22,7.45,-5.25
3.22,7.45,-5.25
3.22,7.45,-5.25
2.85,7.94,-5.25
2.85,7.94,-5.25
2.85,7.94,-5.25
3.25,8.01,-5.04
3.25,8.01,-5.04
3.06,8.07,-5.04
3.56,7.92,-4.86
3.56,7.92,-4.86
3.56,7.92,-4.86
2.58,7.38,-5.43
2.58,7.38,-5.43
2.58,7.38,-5.43
3.25,8.43,-5.44
3.25,8.43,-5.44
3.25,8.43,-5.44
3.25,7.2,-5.21
3.25,7.2,-5.21
3.85,8.93,-5.5
2.81,7.01,-4.8
2.81,7.01,-4.8
2.81,7.01,-4.8
3.14,8.16,-5.54
3.14,8.16,-5.54
3.14,8.16,-5.54
3.1,7.7,-5.19
3.1,7.7,-5.19
3.1,7.7,-5.19
2.75,8.09,-5.45
2.75,8.09,-5.45
3.23,8.15,-5.17
3.29,7.5,-5.03
3.29,7.5,-5.03
3.29,7.5,-5.03
3.37,7.79,-5.09
3.37,7.79,-5.09
3.37,7.79,-5.09
3.06,8.01,-5.34
3.06,8.01,-5.34
3.06,8.01,-5.34
2.87,7.42,-4.83
2.87,7.42,-4.83
3.82,6.99,-4.76
2.25,8.87,-5.81
2.25,8.87,-5.81
2.25,8.87,-5.81
4.04,7.63,-4.76
4.04,7.63,-4.76
4.04,7.63,-4.76
2.47,7.24,-5.36
2.47,7.24,-5.36
3.68,7.83,-5.2
3.74,8.15,-5.3
2.72,8.0,-5.46
3.51,8.14,-5.18
3.51,8.14,-5.18
3.51,8.14,-5.18
2.82,7.58,-4.95
2.82,7.58,-4.95
2.82,7.58,-4.95
4.01,7.4,-4.78
4.01,7.4,-4.78
3.87,8.32,-5.29
2.3,8.05,-5.67
2.3,8.05,-5.67
2.03,7.69,-5.6
3.25,8.43,-5.49
3.25,8.43,-5.49
3.25,8.43,-5.49
3.25,7.13,-5.12
3.25,7.13,-5.12
3.25,7.13,-5.12
2.92,7.95,-5.12
3.88,7.82,-4.63
3.88,7.82,-4.63
3.11,7.98,-5.2
3.11,7.98,-5.2
3.11,7.98,-5.2
3.63,7.98,-4.99
3.63,7.98,-4.99
3.63,7.98,-4.99
2.26,7.52,-5.59
2.26,7.52,-5.59
2.26,7.52,-5.59
3.63,7.75,-5.11
3.63,7.75,-5.11
2.4,7.25,-5.24
4.0,8.34,-5.14
4.0,8.34,-5.14
4.0,8.34,-5.14
2.23,7.43,-5.2
2.23,7.43,-5.2
2.23,7.43,-5.2
3.55,8.25,-5.64
3.55,8.25,-5.64
3.55,8.25,-5.64
2.52,7.82,-5.19
3.63,7.61,-4.88
3.63,7.61,-4.88
3.01,8.57,-5.07
3.01,8.57,-5.07
3.01,8.57,-5.07
3.73,7.18,-4.93
3.73,7.18,-4.93
3.73,7.18,-4.93
2.07,7.76,-5.44
2.07,7.76,-5.44
2.07,7.76,-5.44
4.71,7.25,-4.83
3.4,8.52,-5.43
3.34,7.71,-4.87
3.34,7.71,-4.87
3.34,7.71,-4.87
3.17,9.1,-5.53
3.17,9.1,-5.53
3.17,9.1,-5.53
2.52,6.48,-5.41
2.52,6.48,-5.41
2.52,6.48,-5.41
3.04,8.48,-5.44
3.04,8.48,-5.44
3.04,8.48,-5.44
4.01,8.11,-4.81
4.01,8.11,-4.81
4.01,8.11,-4.81
2.19,7.92,-5.61
2.19,7.92,-5.61
2.19,7.92,-5.61
4.17,7.91,-4.8
4.17,7.91,-4.8
4.17,7.91,-4.8
3.47,8.15,-5.5
3.47,8.15,-5.5
3.47,8.15,-5.5
2.63,7.94,-5.12
2.63,7.94,-5.12
2.63,7.94,-5.12
3.81,7.66,-4.76
3.81,7.66,-4.76
3.81,7.66,-4.76
2.06,7.5,-5.48
2.06,7.5,-5.48
2.06,7.5,-5.48
4.32,8.38,-5.17
3.12,7.68,-5.21
3.12,7.68,-5.21
2.96,8.3,-5.45
2.96,8.3,-5.45
2.96,8.3,-5.45
3.21,8.03,-4.81
3.21,8.03,-4.81
3.21,8.03,-4.81
3.06,7.9,-4.97
3.06,7.9,-4.97
3.06,7.9,-4.97
3.41,7.69,-4.96
3.41,7.69,-4.96
3.41,7.69,-4.96
3.93,8.34,-5.08
3.93,8.34,-5.08
3.93,8.34,-5.08
2.1,7.55,-5.25
2.1,7.55,-5.25
2.1,7.55,-5.25
3.98,7.97,-5.04
3.98,7.97,-5.04
3.98,7.97,-5.04
3.47,8.33,-5.14
3.47,8.33,-5.14
3.47,8.33,-5.14
2.77,7.4,-5.1
2.77,7.4,-5.1
2.77,7.4,-5.1
3.14,8.76,-5.4
3.14,8.76,-5.4
3.14,8.76,-5.4
3.06,7.29,-5.17
3.06,7.29,-5.17
3.06,7.29,-5.17
2.76,7.82,-5.39
2.76,7.82,-5.39
2.76,7.82,-5.39
3.98,8.34,-5.08
3.98,8.34,-5.08
3.98,8.34,-5.08
2.93,6.92,-4.88
2.93,6.92,-4.88
2.93,6.92,-4.88
3.24,7.3,-5.01
3.24,7.3,-5.01
3.24,7.3,-5.01
3.4,8.59,-5.34
3.4,8.59,-5.34
3.4,8.59,-5.34
2.69,7.83,-5.32
2.69,7.83,-5.32
2.69,7.83,-5.32
2.98,7.11,-5.29
2.98,7.11,-5.29
2.98,7.11,-5.29
2.98,7.83,-5.03
2.98,7.83,-5.03
2.98,7.83,-5.03
3.37,8.16,-5.42
3.37,8.16,-5.42
3.1,8.4,-5.6
2.43,7.42,-5.63
2.43,7.42,-5.63
2.43,7.42,-5.63
4.08,8.15,-4.84
4.08,8.15,-4.84
4.08,8.15,-4.84
2.69,7.66,-5.0
2.69,7.66,-5.0
2.69,7.66,-5.0
2.81,8.04,-5.02
2.81,8.04,-5.02
2.81,8.04,-5.02
3.99,8.06,-5.26
3.99,8.06,-5.26
3.99,8.06,-5.26
1.85,7.33,-5.54
1.85,7.33,-5.54
1.85,7.33,-5.54
3.69,7.62,-5.16
3.69,7.62,-5.16
2.77,7.94,-5.45
2.34,8.27,-5.38
2.34,8.27,-5.38
3.5,8.03,-5.23
2.41,8.09,-5.5
2.41,8.09,-5.5
2.41,8.09,-5.5
3.81,7.32,-4.83
3.81,7.32,-4.83
3.81,7.32,-4.83
2.44,7.93,-5.75
2.44,7.93,-5.75
2.44,7.93,-5.75
3.56,8.19,-5.19
3.24,8.02,-5.36
3.54,8.02,-4.9
3.54,8.02,-4.9
3.54,8.02,-4.9
2.48,7.58,-5.75
2.48,7.58,-5.75
2.48,7.58,-5.75
3.4,8.32,-5.33
3.4,8.32,-5.33
3.4,8.32,-5.33
2.83,7.26,-5.27
2.51,7.69,-5.03
2.51,7.69,-5.03
3.9,8.19,-4.75
3.9,8.19,-4.75
3.9,8.19,-4.75
2.5,7.63,-5.32
2.5,7.63,-5.32
2.5,7.63,-5.32
3.02,7.71,-5.42
3.02,7.71,-5.42
3.02,7.71,-5.42
2.69,7.75,-5.43
2.69,7.75,-5.43
3.59,8.51,-5.06
2.53,7.87,-5.22
2.53,7.87,-5.22
2.53,7.87,-5.22
3.96,7.99,-4.95
3.96,7.99,-4.95
3.96,7.99,-4.95
1.8,7.25,-5.78
1.8,7.25,-5.78
1.8,7.25,-5.78
3.08,7.95,-5.3
3.08,7.95,-5.3
3.08,7.95,-5.3
3.38,7.93,-5.08
3.38,7.93,-5.08
3.38,7.93,-5.08
3.29,7.97,-5.48
3.29,7.97,-5.48
3.29,7.97,-5.48
2.22,6.87,-5.15
2.22,6.87,-5.15
2.22,6.87,-5.15
4.48,8.17,-5.2
4.48,8.17,-5.2
2.32,7.82,-5.12
4.18,8.51,-5.13
4.18,8.51,-5.13
4.18,8.51,-5.13
2.36,7.87,-5.38
2.36,7.87,-5.38
2.36,7.87,-5.38
4.03,7.63,-4.87
4.03,7.63,-4.87
4.03,7.63,-4.87
3.09,7.74,-5.19
3.09,7.74,-5.19
3.09,7.74,-5.19
2.52,7.78,-5.32
2.52,7.78,-5.32
2.52,7.78,-5.32
3.05,7.55,-5.0
3.05,7.55,-5.0
3.05,7.55,-5.0
2.51,7.25,-5.81
2.51,7.25,-5.81
2.51,7.25,-5.81
0.6,6.97,-8.63
-0.19,6.12,-12.9
-0.19,6.12,-12.9
9.91,1.72,3.38
9.91,1.72,3.38
9.91,1.72,3.38
-13.42,6.89,-10.5
-13.42,6.89,-10.5
-13.42,6.89,-10.5
2.76,13.23,-9.49
2.76,13.23,-9.49
2.76,13.23,-9.49
-0.14,10.89,-6.31
2.73,7.8,-4.36
2.73,7.8,-4.36
2.73,8.97,-3.36
2.73,8.97,-3.36
2.73,8.97,-3.36
2.59,8.44,-3.59
2.59,8.44,-3.59
2.59,8.44,-3.59
1.72,7.19,-4.08
1.72,7.19,-4.08
1.72,7.19,-4.08
1.39,7.77,-4.79
1.39,7.77,-4.79
1.36,7.9,-5.07
1.42,8.4,-4.72
1.42,8.4,-4.72
1.42,8.4,-4.72
1.67,8.71,-4.42
1.67,8.71,-4.42
1.67,8.71,-4.42
0.95,8.01,-3.93
0.95,8.01,-3.93
0.99,7.53,-3.89
0.58,8.16,-3.76
0.58,8.16,-3.76
0.58,8.16,-3.76
0.9,8.27,-3.47
0.9,8.27,-3.47
0.9,8.27,-3.47
-0.33,7.89,-3.17
-0.33,7.89,-3.17
-0.33,7.89,-3.17
-0.64,7.52,-2.71
-0.64,7.52,-2.71
-0.64,7.52,-2.71
-1.54,9.73,-2.39
-1.54,9.73,-2.39
-1.54,9.73,-2.39
-0.43,9.0,-2.31
-0.43,9.0,-2.31
-0.43,9.0,-2.31
-1.71,8.99,-1.27
-1.71,8.99,-1.27
-1.71,8.99,-1.27
-1.88,9.34,-1.25
-1.71,9.29,-0.74
-1.71,9.29,-0.74
-1.75,7.85,0.6
-1.75,7.85,0.6
-1.75,7.85,0.6
-2.46,7.06,1.07
-2.46,7.06,1.07
-2.46,7.06,1.07
-2.95,10.02,0.69
-2.95,10.02,0.69
-2.95,10.02,0.69
-2.89,6.49,3.17
-2.89,6.49,3.17
-2.89,6.49,3.17
-4.97,11.11,3.17
-4.97,11.11,3.17
-4.97,11.11,3.17
-3.17,7.81,5.93
-3.17,7.81,5.93
-3.17,7.81,5.93
-0.29,7.31,6.73
-0.29,7.31,6.73
-0.29,7.31,6.73
-2.82,8.31,7.7
-2.82,8.31,7.7
-2.82,8.31,7.7
0.02,9.62,8.16
0.02,9.62,8.16
0.02,9.62,8.16
-1.5,8.21,10.03
-1.5,8.21,10.03
-1.5,8.21,10.03
0.92,7.48,8.93
0.92,7.48,8.93
0.92,7.48,8.93
1.25,8.24,10.16
1.25,8.24,10.16
1.25,8.24,10.16
2.06,5.09,8.14
2.06,5.09,8.14
2.06,5.09,8.14
5.95,5.39,11.94
5.95,5.39,11.94
7.54,6.19,9.34
7.54,6.19,9.34
7.54,6.19,9.34
8.89,4.37,8.72
8.89,4.37,8.72
9.29,3.97,7.63
8.61,4.32,6.51
8.61,4.32,6.51
8.61,4.32,6.51
7.58,4.33,6.21
7.58,4.33,6.21
7.58,4.33,6.21
6.14,4.66,6.89
6.14,4.66,6.89
6.14,4.66,6.89
4.89,3.24,7.82
4.89,3.24,7.82
4.89,3.24,7.82
4.23,5.59,7.98
4.23,5.59,7.98
4.23,5.59,7.98
4.87,4.57,8.95
4.87,4.57,8.95
4.87,4.57,8.95
4.02,4.3,9.0
4.02,4.3,9.0
4.15,4.44,8.54
4.3,5.0,8.15
4.3,5.0,8.15
4.11,5.12,8.16
4.44,3.48,8.01
4.44,3.48,8.01
4.44,3.48,8.01
4.79,6.2,7.82
4.79,6.2,7.82
4.79,6.2,7.82
4.56,4.6,8.0
4.56,4.6,8.0
4.56,4.6,8.0
5.33,4.22,8.36
5.33,4.22,8.36
5.3,5.24,8.35
4.72,4.31,8.51
4.72,4.31,8.51
4.72,4.31,8.51
3.9,5.2,8.5
3.9,5.2,8.5
3.9,5.2,8.5
3.18,4.53,8.67
3.18,4.53,8.67
3.18,4.53,8.67
4.55,4.4,8.09
4.55,4.4,8.09
4.55,4.4,8.09
6.21,5.66,8.42
6.21,5.66,8.42
6.21,5.66,8.42
5.61,3.44,10.51
5.61,3.44,10.51
5.61,3.44,10.51
5.78,3.37,10.0
5.78,3.37,10.0
6.13,3.75,8.9
6.44,3.44,8.03
6.63,3.3,8.21
6.63,3.3,8.21
6.34,1.59,8.26
6.34,1.59,8.26
6.34,1.59,8.26
7.09,2.05,7.54
7.09,2.05,7.54
7.09,2.05,7.54
6.31,1.24,8.47
6.31,1.24,8.47
6.31,1.24,8.47
6.15,3.14,7.49
6.15,3.14,7.49
6.15,3.14,7.49
6.55,3.57,7.36
6.55,3.57,7.36
6.55,3.57,7.36
6.65,4.04,7.0
6.65,4.04,7.0
6.65,4.04,7.0
7.35,2.79,7.3
7.35,2.79,7.3
7.35,2.79,7.3
6.08,1.75,7.27
6.08,1.75,7.27
6.08,1.75,7.27
6.62,2.05,6.75
6.62,2.05,6.75
6.62,2.05,6.75
7.27,2.11,7.86
7.27,2.11,7.86
7.27,2.11,7.86
5.96,0.66,8.07
5.96,0.66,8.07
5.96,0.66,8.07
7.43,4.51,6.91
7.43,4.51,6.91
7.42,3.34,7.37
8.02,1.42,7.57
8.02,1.42,7.57
8.02,1.42,7.57
8.07,2.21,7.02
8.07,2.21,7.02
8.07,2.21,7.02
8.38,1.89,7.5
8.38,1.89,7.5
8.38,1.89,7.5
8.95,1.45,8.43
8.95,1.45,8.43
8.96,1.57,8.2
7.45,1.88,7.99
7.45,1.88,7.99
7.45,1.88,7.99
6.37,4.1,6.21
6.37,4.1,6.21
6.37,4.1,6.21
6.95,3.2,8.12
6.95,3.2,8.12
6.95,3.2,8.12
5.27,3.06,9.45
5.27,3.06,9.45
5.27,3.06,9.45
5.03,3.46,8.84
5.03,3.46,8.84
5.03,3.46,8.84
4.3,3.17,8.82
4.3,3.17,8.82
4.3,3.17,8.82
4.55,2.94,9.3
4.55,2.94,9.3
5.03,3.0,9.16
5.5,3.14,8.39
5.5,3.14,8.39
6.07,3.52,7.23
6.7,4.02,7.19
6.7,4.02,7.19
6.7,4.02,7.19
5.77,2.74,8.57
5.77,2.74,8.57
5.77,2.74,8.57
5.02,1.86,9.42
5.02,1.86,9.42
5.02,1.86,9.42
2.25,0.44,10.64
2.25,0.44,10.64
3.38,4.22,9.67
2.66,3.92,9.56
2.66,3.92,9.56
2.66,3.92,9.56
3.4,1.6,9.89
3.4,1.6,9.89
3.4,1.6,9.89
4.91,2.23,9.06
4.91,2.23,9.06
4.91,2.23,9.06
3.98,1.73,9.61
3.98,1.73,9.61
4.8,1.33,10.29
3.98,5.81,9.0
3.98,5.81,9.0
3.98,5.81,9.0
3.86,5.52,9.52
3.86,5.52,9.52
3.86,5.52,9.52
4.39,2.75,8.67
4.39,2.75,8.67
4.38,0.75,9.09
5.08,1.7,8.88
5.08,1.7,8.88
4.77,3.13,9.1
4.77,3.13,9.1
4.77,3.13,9.1
4.42,3.44,8.88
4.42,3.44,8.88
4.42,3.44,8.88
5.1,4.06,9.15
5.1,4.06,9.15
5.04,3.98,9.25
5.18,3.23,9.06
5.32,2.68,8.81
5.32,2.68,8.81
3.53,2.39,9.23
3.53,2.39,9.23
3.53,2.39,9.23
3.59,1.73,9.29
3.59,1.73,9.29
3.59,1.73,9.29
4.7,2.69,8.15
4.7,2.69,8.15
4.72,2.71,9.21
5.61,3.1,8.9
5.61,3.1,8.9
5.61,3.1,8.9
6.52,4.71,7.75
6.52,4.71,7.75
6.52,4.71,7.75
6.62,1.42,8.83
6.62,1.42,8.83
6.62,1.42,8.83
6.41,2.45,9.12
6.41,2.45,9.12
6.8,2.63,9.22
6.28,2.78,9.02
6.28,2.78,9.02
6.28,2.78,9.02
5.59,3.37,9.45
5.59,3.37,9.45
5.59,3.37,9.45
5.59,3.16,9.76
5.59,3.16,9.76
5.59,3.16,9.76
4.2,3.4,10.53
4.2,3.4,10.53
4.2,3.4,10.53
3.63,2.45,10.75
3.5,2.77,10.78
3.5,2.77,10.78
2.18,3.4,11.27
2.18,3.4,11.27
2.18,3.4,11.27
1.23,3.01,10.87
1.23,3.01,10.87
1.23,3.01,10.87
0.04,2.67,9.7
0.04,2.67,9.7
-0.85,2.38,9.02
-1.35,1.69,8.44
-1.35,1.69,8.44
-1.35,1.69,8.44
-2.19,0.94,8.51
-2.19,0.94,8.51
-2.19,0.94,8.51
-2.47,1.09,7.93
-2.47,1.09,7.93
-2.47,1.09,7.93
-1.45,1.93,7.08
-1.45,1.93,7.08
-4.1,1.67,7.09
-5.08,2.43,7.76
-5.08,2.43,7.76
-5.08,2.43,7.76
-4.25,2.09,8.93
-4.25,2.09,8.93
-4.25,2.09,8.93
-4.65,1.84,8.52
-4.65,1.84,8.52
-4.65,1.84,8.52
-5.05,3.11,7.34
-5.05,3.11,7.34
-5.05,3.11,7.34
-5.59,3.59,7.26
-5.59,3.59,7.26
-5.59,3.59,7.26
-5.31,4.66,7.96
-5.31,4.66,7.96
-5.31,4.66,7.96
-5.19,5.13,9.02
-5.19,5.13,9.02
-5.19,5.13,9.02
-3.78,5.8,9.37
-3.78,5.8,9.37
-3.78,5.8,9.37
-2.16,6.8,8.25
-2.16,6.8,8.25
-2.16,6.8,8.25
-2.8,5.66,8.65
-2.8,5.66,8.65
-2.8,5.66,8.65
-3.88,3.84,9.57
-3.88,3.84,9.57
-3.88,3.84,9.57
-1.65,4.84,8.56
-1.65,4.84,8.56
-1.65,4.84,8.56
-3.15,5.4,8.79
-3.15,5.4,8.79
-3.15,5.4,8.79
-2.44,5.69,8.36
-2.44,5.69,8.36
-2.44,5.69,8.36
0.11,5.18,7.45
0.11,5.18,7.45
-0.58,5.45,8.04
-1.88,5.52,7.96
-1.88,5.52,7.96
-1.88,5.52,7.96
-0.68,5.43,8.14
-0.68,5.43,8.14
-0.68,5.43,8.14
-1.6,5.78,8.17
-1.6,5.78,8.17
-1.6,5.78,8.17
0.21,6.24,7.99
0.21,6.24,7.99
0.21,6.24,7.99
-2.88,5.21,7.12
-2.88,5.21,7.12
-2.88,5.21,7.12
-3.51,5.57,7.15
-3.51,5.57,7.15
-3.51,5.57,7.15
-1.83,4.87,7.87
-1.83,4.87,7.87
-1.83,4.87,7.87
-1.83,4.96,8.16
-1.83,4.96,8.16
-1.83,4.96,8.16
-0.27,4.65,7.41
-0.27,4.65,7.41
-0.27,4.65,7.41
-3.56,4.32,8.45
-3.56,4.32,8.45
-3.56,4.32,8.45
1.06,5.87,8.65
1.06,5.87,8.65
1.06,5.87,8.65
-1.52,6.11,9.03
-1.52,6.11,9.03
-1.52,6.11,9.03
-2.54,3.95,9.53
-2.54,3.95,9.53
-2.2,4.31,9.93
-1.81,4.65,9.77
-1.81,4.65,9.77
-1.81,4.65,9.77
-0.09,3.44,9.75
-0.09,3.44,9.75
-0.09,3.44,9.75
-0.29,3.49,10.06
-0.29,3.49,10.06
-0.29,3.49,10.06
-0.14,2.91,10.2
-0.14,2.91,10.2
-0.51,3.11,10.27
-0.76,1.77,10.46
-0.76,1.77,10.46
0.05,2.86,9.87
0.05,2.86,9.87
0.05,2.86,9.87
0.2,2.01,10.21
0.2,2.01,10.21
0.2,2.01,10.21
0.31,2.9,11.07
0.31,2.9,11.07
0.31,2.9,11.07
1.22,1.78,11.06
1.22,1.78,11.06
1.22,1.78,11.06
0.19,2.4,10.55
0.19,2.4,10.55
0.19,2.4,10.55
0.55,2.67,10.3
0.55,2.67,10.3
0.55,2.67,10.3
0.0,2.63,10.12
0.0,2.63,10.12
-0.07,2.53,10.24
-0.84,2.33,9.67
-0.84,2.33,9.67
-0.84,2.33,9.67
-0.0,2.36,9.68
-0.0,2.36,9.68
-0.0,2.36,9.68
-0.33,1.8,9.26
-0.33,1.8,9.26
-0.33,1.8,9.26
1.48,3.06,9.71
1.48,3.06,9.71
0.82,2.83,9.92
1.44,2.6,9.16
1.44,2.6,9.16
1.44,2.6,9.16
0.46,2.27,8.72
0.46,2.27,8.72
0.46,2.27,8.72
0.56,2.09,8.85
0.56,2.09,8.85
0.56,2.09,8.85
0.57,2.17,9.15
0.57,2.17,9.15
0.57,2.17,9.15
0.85,2.23,9.63
0.85,2.23,9.63
0.85,2.23,9.63
1.13,2.31,9.71
1.13,2.31,9.71
1.13,2.31,9.71
0.74,2.37,10.05
0.74,2.37,10.05
0.74,2.37,10.05
1.4,2.46,9.91
1.4,2.46,9.91
1.4,2.46,9.91
2.16,2.04,10.51
2.16,2.04,10.51
2.16,2.04,10.51
2.37,1.82,10.71
2.37,1.82,10.71
2.37,1.82,10.71
3.09,1.93,10.28
3.09,1.93,10.28
3.09,1.93,10.28
4.03,1.8,10.56
4.03,1.8,10.56
4.03,1.8,10.56
3.73,1.36,10.56
3.73,1.36,10.56
3.73,1.36,10.56
3.99,1.57,10.38
3.99,1.57,10.38
3.99,1.57,10.38
3.91,1.67,10.15
3.91,1.67,10.15
3.91,1.67,10.15
3.25,2.09,9.87
3.25,2.09,9.87
3.25,2.09,9.87
3.43,2.13,10.1
3.43,2.13,10.1
3.43,2.13,10.1
3.94,1.71,10.27
3.94,1.71,10.27
3.94,1.71,10.27
4.22,1.33,10.29
4.26,1.22,10.14
4.26,1.22,10.14
4.28,1.18,9.96
4.28,1.18,9.96
4.28,1.18,9.96
4.92,1.3,9.53
4.92,1.3,9.53
4.92,1.3,9.53
4.18,0.98,10.54
4.18,0.98,10.54
4.18,0.98,10.54
3.65,1.95,9.97
3.4,1.88,9.78
3.4,1.88,9.78
3.97,1.32,9.72
3.97,1.32,9.72
3.97,1.32,9.72
3.7,1.33,9.22
3.7,1.33,9.22
3.7,1.33,9.22
3.45,1.16,9.23
3.45,1.16,9.23
3.45,1.16,9.23
4.5,1.68,9.44
4.5,1.68,9.44
4.46,1.17,9.61
4.22,0.69,9.7
4.22,0.69,9.7
4.22,0.69,9.7
4.31,1.48,9.93
4.31,1.48,9.93
4.31,1.48,9.93
4.39,1.3,9.56
4.39,1.3,9.56
4.39,1.3,9.56
4.63,1.46,8.81
5.08,2.18,8.59
5.08,2.18,8.59
6.88,2.23,10.99
6.88,2.23,10.99
6.88,2.23,10.99
1.02,-1.03,10.52
1.02,-1.03,10.52
1.02,-1.03,10.52
4.89,1.53,9.6
4.89,1.53,9.6
4.89,1.53,9.6
4.75,1.81,9.27
4.75,1.81,9.27
4.75,1.81,9.27
5.3,0.03,8.16
5.3,0.03,8.16
5.3,0.03,8.16
4.2,0.7,8.71
4.2,0.7,8.71
4.2,0.7,8.71
2.54,0.45,7.95
2.54,0.45,7.95
2.54,0.45,7.95
1.45,1.72,6.68
1.45,1.72,6.68
0.66,2.32,6.59
0.15,1.86,5.69
0.15,1.86,5.69
0.15,1.86,5.69
0.85,1.15,6.48
0.85,1.15,6.48
0.85,1.15,6.48
3.17,2.0,6.36
3.17,2.0,6.36
3.17,2.0,6.36
7.89,3.96,6.72
7.89,3.96,6.72
7.89,3.96,6.72
8.33,2.69,7.58
8.33,2.69,7.58
8.33,2.69,7.58
8.42,0.76,8.84
8.42,0.76,8.84
8.42,0.76,8.84
11.16,2.5,8.07
11.16,2.5,8.07
10.06,-0.85,7.57
10.06,-0.85,7.57
10.06,-0.85,7.57
10.88,1.65,5.85
10.88,1.65,5.85
10.88,1.65,5.85
12.23,1.09,6.02
12.23,1.09,6.02
12.23,1.09,6.02
11.9,1.78,5.52
11.9,1.78,5.52
11.9,1.78,5.52
12.19,3.29,5.28
12.19,3.29,5.28
12.01,3.4,5.18
10.61,3.54,5.41
10.61,3.54,5.41
10.61,3.54,5.41
11.31,3.61,4.58
11.31,3.61,4.58
11.31,3.61,4.58
9.38,4.58,5.38
9.38,4.58,5.38
9.38,4.58,5.38
9.98,5.34,4.53
9.98,5.34,4.53
9.47,3.53,4.82
9.06,3.4,4.71
9.06,3.4,4.71
9.06,3.4,4.71
9.37,3.34,4.47
9.37,3.34,4.47
9.37,3.34,4.47
8.95,4.13,4.31
8.95,4.13,4.31
8.95,4.13,4.31
8.81,3.18,4.55
9.07,3.64,4.34
9.07,3.64,4.34
8.85,4.45,4.24
8.85,4.45,4.24
8.85,4.45,4.24
8.58,3.79,4.28
8.58,3.79,4.28
8.58,3.79,4.28
8.97,3.42,4.42
8.97,3.42,4.42
8.88,3.74,4.12
8.58,4.05,3.75
8.58,4.05,3.75
8.58,4.05,3.75
9.03,4.78,3.62
9.03,4.78,3.62
9.03,4.78,3.62
8.76,4.46,4.52
8.76,4.46,4.52
-4.87,-3.54,-7.02
-4.68,-3.02,-7.17
-4.68,-3.02,-7.17
-4.68,-3.02,-7.17
-4.64,-3.01,-6.9
-4.64,-3.01,-6.9
-4.64,-3.01,-6.9
-4.67,-3.7,-6.97
-4.82,-3.76,-7.09
-4.82,-3.76,-7.09
-4.72,-3.19,-7.17
-4.72,-3.19,-7.17
-4.72,-3.19,-7.17
-4.69,-3.21,-7.26
-4.69,-3.21,-7.26
-4.69,-3.21,-7.26
-5.09,-3.04,-7.31
-5.09,-3.04,-7.31
-5.09,-3.04,-7.31
-5.48,-2.77,-7.06
-5.48,-2.77,-7.06
-5.42,-2.49,-6.99
-5.42,-2.04,-6.8
-5.42,-2.04,-6.8
-5.42,-2.04,-6.8
-5.42,-2.21,-6.61
-5.42,-2.21,-6.61
-5.42,-2.21,-6.61
-6.09,-2.97,-6.52
-6.09,-2.97,-6.52
-6.46,-3.47,-6.77
-7.24,-3.55,-7.18
-7.24,-3.55,-7.18
-7.24,-3.55,-7.18
-6.86,-2.76,-7.05
-6.86,-2.76,-7.05
-6.86,-2.76,-7.05
-6.62,-2.27,-6.24
-6.62,-2.27,-6.24
-6.62,-2.27,-6.24
-5.95,-2.3,-5.13
-5.95,-2.3,-5.13
-5.95,-2.3,-5.13
-5.81,-2.26,-4.6
-6.28,-2.06,-4.27
-6.28,-2.06,-4.27
-6.63,-1.62,-3.27
-6.63,-1.62,-3.27
-6.63,-1.62,-3.27
-6.75,-1.83,-2.28
-6.75,-1.83,-2.28
-6.75,-1.83,-2.28
-6.65,-2.35,-1.8
-6.65,-2.35,-1.8
-6.65,-2.35,-1.8
-6.98,-1.89,-1.32
-6.98,-1.89,-1.32
-6.98,-1.89,-1.32
-8.22,-1.79,-1.76
-8.22,-1.79,-1.76
-8.22,-1.79,-1.76
-9.68,-1.08,-2.59
-9.68,-1.08,-2.59
-9.68,-1.08,-2.59
-10.95,-0.16,-4.31
-10.95,-0.16,-4.31
-10.53,-0.25,-4.01
-8.69,-0.08,-1.71
-8.23,1.04,-0.69
-8.23,1.04,-0.69
-8.23,1.04,-0.69
-9.95,3.53,-1.91
-9.95,3.53,-1.91
-9.95,3.53,-1.91
-10.82,2.38,-1.85
-10.82,2.38,-1.85
-10.47,2.0,-1.44
-9.57,1.34,-0.9
-8.54,0.55,-0.19
-8.54,0.55,-0.19
-7.56,0.46,-0.65
-7.56,0.46,-0.65
-8.57,-0.13,0.5
-8.57,-0.13,0.5
-8.57,-0.13,0.5
-9.69,0.37,0.18
-9.69,0.37,0.18
-10.21,0.32,0.4
-10.22,-0.4,-0.11
-10.37,-2.0,-0.25
-10.37,-2.0,-0.25
-8.79,-2.74,-0.54
-8.79,-2.74,-0.54
-8.79,-2.74,-0.54
-9.72,-2.03,-0.77
-9.72,-2.03,-0.77
-9.72,-2.03,-0.77
-9.29,-2.58,-1.55
-9.29,-2.58,-1.55
-8.66,-2.52,-1.38
-8.9,-2.59,-0.32
-8.9,-2.59,-0.32
-8.9,-2.59,-0.32
-8.57,-3.02,-1.02
-8.57,-3.02,-1.02
-8.57,-3.02,-1.02
-8.01,-2.78,-1.47
-8.01,-2.78,-1.47
-8.01,-2.78,-1.47
-7.93,-2.36,-2.01
-7.93,-2.36,-2.01
-7.93,-2.33,-2.28
-8.96,-0.3,-8.08
-8.96,-0.3,-8.08
-8.96,-0.3,-8.08
-7.45,-3.9,-2.36
-7.45,-3.9,-2.36
-7.45,-3.9,-2.36
-7.2,-3.17,-3.33
-7.2,-3.17,-3.33
-7.2,-3.17,-3.33
-7.38,-2.75,-3.67
-7.48,-2.48,-3.84
-7.48,-2.48,-3.84
-7.03,-2.73,-4.02
-7.03,-2.73,-4.02
-7.03,-2.73,-4.02
-7.13,-2.59,-4.74
-7.13,-2.59,-4.74
-7.13,-2.59,-4.74
-7.75,-2.09,-5.89
-7.75,-2.09,-5.89
-7.75,-2.09,-5.89
-7.26,-1.87,-5.66
-6.8,-1.83,-5.34
-6.8,-1.83,-5.34
-6.44,-2.16,-4.6
-6.44,-2.16,-4.6
-6.44,-2.16,-4.6
-5.86,-3.14,-3.94
-5.86,-3.14,-3.94
-5.86,-3.14,-3.94
-6.09,-3.52,-4.34
-6.09,-3.52,-4.34
-6.09,-3.52,-4.34
-7.0,-1.91,-5.39
-7.0,-1.91,-5.39
-7.0,-1.91,-5.39
-7.61,-0.65,-6.03
-7.61,-0.65,-6.03
-7.61,-0.65,-6.03
-7.11,-2.13,-5.09
-7.11,-2.13,-5.09
-7.11,-2.13,-5.09
-7.01,-1.49,-5.48
-7.01,-1.49,-5.48
-7.01,-1.49,-5.48
-6.71,-2.5,-5.24
-6.71,-2.5,-5.24
-6.71,-2.5,-5.24
-6.77,-1.79,-5.67
-6.77,-1.79,-5.67
-6.77,-1.79,-5.67
-6.74,-1.45,-5.49
-6.78,-1.32,-6.18
-6.78,-1.32,-6.18
-6.78,-1.32,-6.18
-6.71,-1.76,-5.89
-6.71,-1.76,-5.89
-6.71,-1.76,-5.89
-6.5,-1.75,-5.82
-6.5,-1.75,-5.82
-6.5,-1.75,-5.82
-6.63,-1.85,-5.57
-6.64,-2.14,-5.58
-6.64,-2.14,-5.58
-6.57,-2.01,-5.48
-6.57,-2.01,-5.48
-6.57,-2.01,-5.48
-6.83,-1.77,-5.78
-6.83,-1.77,-5.78
-6.83,-1.77,-5.78
-7.14,-1.8,-5.82
-7.14,-1.8,-5.82
-7.14,-1.8,-5.82
-6.93,-1.83,-5.27
-6.93,-1.83,-5.27
-7.0,-2.15,-5.15
-7.15,-2.64,-5.09
-7.15,-2.64,-5.09
-7.15,-2.64,-5.09
-7.49,-2.28,-5.15
-7.49,-2.28,-5.15
-7.49,-2.28,-5.15
-7.17,-1.73,-5.24
-7.17,-1.73,-5.24
-7.17,-1.73,-5.24
-7.22,-1.99,-4.87
-7.22,-1.99,-4.87
-7.28,-2.21,-4.57
-7.07,-2.7,-3.82
-7.07,-2.7,-3.82
-7.07,-2.7,-3.82
-7.32,-2.79,-3.31
-7.32,-2.79,-3.31
-7.32,-2.79,-3.31
-7.4,-2.68,-2.84
-7.4,-2.68,-2.84
-7.66,-2.55,-2.54
-7.81,-2.54,-2.42
-7.81,-2.54,-2.42
-7.57,-2.78,-2.32
-7.92,-3.29,-1.58
-7.92,-3.29,-1.58
-7.92,-3.29,-1.58
-7.99,-3.3,-1.35
-7.99,-3.3,-1.35
-7.99,-3.3,-1.35
-7.95,-2.64,-1.34
-7.95,-2.64,-1.34
-7.95,-2.64,-1.34
-8.28,-2.21,-0.98
-8.28,-2.21,-0.98
-8.15,-2.05,-0.78
-7.68,-2.04,-0.37
-7.68,-2.04,-0.37
-7.68,-2.04,-0.37
-7.49,-1.74,0.06
-7.49,-1.74,0.06
-7.49,-1.74,0.06
-8.52,-1.99,1.37
-8.52,-1.99,1.37
-8.52,-1.99,1.37
-8.9,-2.34,1.61
-8.9,-2.34,1.61
-9.08,-2.65,1.87
-8.05,-2.05,1.56
-8.05,-2.05,1.56
-8.05,-2.05,1.56
-9.55,-0.41,1.88
-9.55,-0.41,1.88
-9.55,-0.41,1.88
-10.57,0.38,2.17
-10.57,0.38,2.17
-12.48,-1.15,3.06
-12.48,-1.15,3.06
-12.48,-1.15,3.06
-9.66,-0.67,2.75
-9.66,-0.67,2.75
-9.66,-0.67,2.75
-8.34,0.64,2.85
-8.34,0.64,2.85
-8.34,0.64,2.85
-8.63,1.8,3.75
-8.52,4.58,2.27
-8.52,4.58,2.27
-8.2,1.9,2.54
-8.2,1.9,2.54
-8.2,1.9,2.54
-8.08,1.3,2.48
-8.08,1.3,2.48
-8.08,1.3,2.48
-8.03,1.93,2.46
-8.03,1.93,2.46
-8.03,1.93,2.46
-8.97,2.12,2.42
-9.39,1.89,2.46
-9.66,1.54,2.58
-9.66,1.54,2.58
-9.66,1.54,2.58
-9.17,1.61,2.83
-9.17,1.61,2.83
-9.17,1.61,2.83
-9.28,2.08,3.03
-9.28,2.08,3.03
-9.28,2.08,3.03
-8.95,2.14,3.27
-8.98,2.09,3.29
-8.98,2.09,3.29
-8.84,1.97,2.99
-8.84,1.97,2.99
-8.84,1.97,2.99
-9.2,2.47,2.54
-9.2,2.47,2.54
-9.2,2.47,2.54
-9.14,2.45,2.41
-9.14,2.45,2.41
-9.14,2.45,2.41
-8.57,1.74,2.78
-8.57,1.74,2.78
-8.57,1.74,2.78
-8.74,1.39,3.08
-8.74,1.39,3.08
-8.74,1.39,3.08
-9.39,0.86,3.2
-9.39,0.86,3.2
-9.39,0.86,3.2
-10.02,0.86,3.61
-10.02,0.86,3.61
-9.54,0.45,3.45
-8.09,-1.14,3.07
-8.09,-1.14,3.07
-8.09,-1.14,3.07
-8.62,-2.57,4.08
-8.62,-2.57,4.08
-8.62,-2.57,4.08
-9.27,-3.78,4.48
-9.27,-3.78,4.48
-9.27,-3.78,4.48
-9.91,-3.79,3.48
-9.18,-4.18,3.2
-9.18,-4.18,3.2
-8.16,-3.87,2.7
-8.16,-3.87,2.7
-8.16,-3.87,2.7
-8.11,-3.15,2.66
-8.11,-3.15,2.66
-8.11,-3.15,2.66
-8.02,-1.84,2.82
-8.02,-1.84,2.82
-8.02,-1.84,2.82
-6.94,-2.13,2.97
-7.15,-2.41,3.02
-7.15,-2.41,3.02
-7.22,-1.9,3.31
-7.22,-1.9,3.31
-7.22,-1.9,3.31
-7.83,-2.15,3.4
-7.56,-3.1,3.49
-7.56,-3.1,3.49
-7.56,-3.1,3.49
-7.42,-2.93,3.68
-7.42,-2.93,3.68
-7.38,-2.84,3.91
-7.76,-2.22,4.07
-7.76,-2.22,4.07
-7.76,-2.22,4.07
-8.13,-1.54,3.63
-8.13,-1.54,3.63
-8.13,-1.54,3.63
-7.72,-0.83,2.98
-7.72,-0.83,2.98
-7.72,-0.83,2.98
-8.85,-0.18,3.04
-8.85,-0.18,3.04
-8.92,-0.41,3.37
-8.05,-1.49,4.07
-8.05,-1.49,4.07
-8.05,-1.49,4.07
-7.78,-1.86,3.98
-7.78,-1.86,3.98
-7.78,-1.86,3.98
-7.88,-1.37,3.44
-7.88,-1.37,3.44
-7.88,-1.37,3.44
-10.1,-1.21,4.5
-10.1,-1.21,4.5
-10.1,-1.21,4.5
-10.57,-0.82,3.72
-10.57,-0.82,3.72
-10.57,-0.82,3.72
-9.52,-1.21,3.38
-9.52,-1.21,3.38
-9.52,-1.21,3.38
-8.1,-0.93,3.67
-8.1,-0.93,3.67
-8.1,-0.93,3.67
-8.18,-0.73,4.01
-8.18,-0.73,4.01
-8.18,-0.73,4.01
-8.6,-0.1,3.87
-8.6,-0.1,3.87
-8.6,-0.1,3.87
-9.17,-0.33,3.72
-9.17,-0.33,3.72
-9.17,-0.33,3.72
-9.48,-1.06,3.7
-9.48,-1.06,3.7
-9.48,-1.06,3.7
-9.59,-0.91,4.06
-9.59,-0.91,4.06
-9.94,-1.04,4.1
-9.9,-0.74,5.29
-9.9,-0.74,5.29
-9.9,-0.74,5.29
-9.63,-0.55,6.09
-9.63,-0.55,6.09
-9.63,-0.55,6.09
-8.39,-0.24,6.83
-8.39,-0.24,6.83
-8.39,-0.24,6.83
-8.52,-1.45,6.69
-8.52,-1.45,6.69
-8.52,-1.45,6.69
-5.16,1.32,8.8
-5.16,1.32,8.8
-5.16,1.32,8.8
-3.67,-0.68,8.93
-3.67,-0.68,8.93
-3.67,-0.68,8.93
-2.86,-1.36,8.71
-2.86,-1.36,8.71
-2.86,-1.36,8.71
-1.53,-0.13,9.01
-1.53,-0.13,9.01
-0.77,-0.1,9.1
0.18,0.45,8.56
0.18,0.45,8.56
0.18,0.45,8.56
0.91,0.32,8.39
0.91,0.32,8.39
0.91,0.32,8.39
0.19,0.23,8.72
0.19,0.23,8.72
0.19,0.23,8.72
0.71,-2.51,9.11
0.71,-2.51,9.11
0.5,-3.82,8.2
-0.98,-4.03,7.78
-0.98,-4.03,7.78
-0.98,-4.03,7.78
-0.92,-4.21,8.03
-0.92,-4.21,8.03
-0.92,-4.21,8.03
0.0,-2.5,8.09
0.0,-2.5,8.09
0.0,-2.5,8.09
-4.41,-1.18,9.57
-4.41,-1.18,9.57
-4.41,-1.18,9.57
-4.22,-1.0,9.63
-4.22,-1.0,9.63
-4.22,-1.0,9.63
-6.19,-2.53,10.01
-6.19,-2.53,10.01
-6.74,0.15,8.92
-6.74,0.15,8.92
-6.74,0.15,8.92
-9.0,-1.38,7.69
-9.0,-1.38,7.69
-9.56,-0.69,7.23
-8.81,-0.41,6.32
-8.81,-0.41,6.32
-8.81,-0.41,6.32
-8.12,-1.0,5.83
-8.12,-1.0,5.83
-8.12,-1.0,5.83
-8.17,-1.56,6.26
-8.17,-1.56,6.26
-8.17,-1.56,6.26
-6.35,-0.11,7.71
-6.35,-0.11,7.71
-6.26,0.54,7.68
-5.87,1.58,7.02
-5.87,1.58,7.02
-5.87,1.58,7.02
-5.17,0.9,7.37
-5.17,0.9,7.37
-5.17,0.9,7.37
-5.08,-0.19,7.55
-5.08,-0.19,7.55
-5.08,-0.19,7.55
-4.82,0.35,8.19
-4.82,0.35,8.19
-5.19,0.47,8.48
-6.08,-0.18,8.19
-6.08,-0.18,8.19
-6.08,-0.18,8.19
-6.58,0.92,8.63
-6.58,0.92,8.63
-6.58,0.92,8.63
-5.34,1.55,8.81
-5.34,1.55,8.81
-4.94,0.99,8.63
-4.76,0.97,8.79
-4.52,1.67,9.16
-4.52,1.67,9.16
-3.76,2.06,9.67
-3.76,2.06,9.67
-3.76,2.06,9.67
-3.11,0.99,10.54
-3.11,0.99,10.54
-3.11,0.99,10.54
-3.47,1.13,10.17
-3.47,1.13,10.17
-3.29,1.83,10.32
-3.78,1.96,9.85
-3.74,2.12,9.18
-3.74,2.12,9.18
-3.45,2.15,9.33
-3.45,2.15,9.33
-3.68,2.39,9.11
-3.68,2.39,9.11
-3.68,2.39,9.11
-3.44,2.9,9.06
-3.44,2.9,9.06
-3.3,3.05,9.01
-3.64,2.76,9.17
-3.64,2.76,9.17
-3.64,2.76,9.17
-3.16,1.62,9.46
-3.16,1.62,9.46
-3.16,1.62,9.46
-3.45,2.25,9.73
-3.45,2.25,9.73
-3.45,2.25,9.73
-3.83,2.03,9.36
-3.83,2.03,9.36
-4.3,2.0,9.06
-4.64,1.95,8.96
-5.21,2.12,8.97
-5.21,2.12,8.97
-5.85,1.62,8.18
-5.85,1.62,8.18
-5.85,1.62,8.18
-5.91,0.97,7.88
-5.91,0.97,7.88
-5.91,0.97,7.88
-5.95,0.78,8.4
-5.95,0.78,8.4
-5.95,0.78,8.4
-5.18,0.49,9.07
-5.18,0.49,9.07
-4.88,0.42,8.76
-4.5,0.09,9.18
-4.5,0.09,9.18
-4.5,0.09,9.18
-4.18,0.17,9.27
-4.18,0.17,9.27
-4.18,0.17,9.27
-4.0,-0.73,7.27
-4.0,-0.73,7.27
-4.0,-0.73,7.27
-4.76,-1.24,7.66
-4.76,-1.24,7.66
-4.76,-1.24,7.66
-5.18,-0.52,7.78
-5.18,-0.52,7.78
-5.18,-0.52,7.78
-5.28,-0.34,7.76
-5.28,-0.34,7.76
-5.28,-0.34,7.76
-5.31,-0.54,8.69
-5.18,-0.41,8.61
-5.18,-0.41,8.61
-5.19,0.13,8.51
-5.19,0.13,8.51
-5.19,0.13,8.51
-3.57,0.64,9.2
-3.57,0.64,9.2
-3.57,0.64,9.2
-3.8,0.19,9.88
-3.8,0.19,9.88
-3.8,0.19,9.88
-3.78,-0.44,10.51
-3.78,-0.44,10.51
-3.78,-0.44,10.51
-4.03,1.69,8.44
-4.03,1.69,8.44
-4.03,1.69,8.44
-2.85,2.61,8.12
-2.85,2.61,8.12
-2.85,2.61,8.12
-2.51,2.35,9.92
-2.51,2.35,9.92
-2.51,2.35,9.92
-3.86,-1.45,11.21
-3.86,-1.45,11.21
-2.36,1.93,10.17
-2.84,2.57,9.53
-2.84,2.57,9.53
-2.84,2.57,9.53
-2.82,2.74,10.03
-2.82,2.74,10.03
-2.82,2.74,10.03
-3.17,3.01,9.02
-3.17,3.01,9.02
-3.17,3.01,9.02
-1.63,2.69,10.59
-1.63,2.69,10.59
-1.63,2.69,10.59
-2.78,2.97,9.75
-2.78,2.97,9.75
-2.78,2.97,9.75
-3.32,2.75,9.22
-3.32,2.75,9.22
-3.32,2.75,9.22
-4.07,2.2,9.6
-4.07,2.2,9.6
-4.07,2.2,9.6
-4.28,1.64,9.4
-4.18,1.25,8.98
-4.18,1.25,8.98
-4.57,0.6,8.64
-4.57,0.6,8.64
-4.57,0.6,8.64
-5.78,-0.34,8.3
-5.78,-0.34,8.3
-5.78,-0.34,8.3
-6.2,-0.71,8.51
-6.2,-0.71,8.51
-6.2,-0.71,8.51
-6.11,-0.46,8.31
-6.11,-0.46,8.31
-5.77,-0.46,8.03
-5.76,-0.64,7.68
-5.57,-0.78,7.55
-5.57,-0.78,7.55
-4.76,-0.86,7.45
-4.76,-0.86,7.45
-4.76,-0.86,7.45
-4.42,-1.1,7.21
-4.42,-1.1,7.21
-4.42,-1.1,7.21
-4.03,-1.19,7.82
-4.03,-1.19,7.82
-4.03,-1.19,7.82
-5.14,-0.87,9.16
-5.14,-0.87,9.16
-5.14,-0.87,9.16
-5.96,-0.68,9.22
-5.96,-0.68,9.22
-5.96,-0.68,9.22
-5.44,-0.57,9.1
-5.44,-0.57,9.1
-5.44,-0.57,9.1
-4.53,-0.23,8.75
-4.53,-0.23,8.75
-4.53,-0.23,8.75
-3.35,-0.16,9.44
-3.35,-0.16,9.44
-3.35,-0.16,9.44
-3.85,-0.27,9.32
-3.85,-0.27,9.32
-3.85,-0.27,9.32
-3.76,-0.38,9.08
-3.76,-0.38,9.08
-3.76,-0.38,9.08
-3.9,-0.29,9.13
-3.65,-0.35,9.25
-3.65,-0.35,9.25
-3.84,-0.14,9.26
-3.84,-0.14,9.26
-3.84,-0.14,9.26
-3.58,-0.26,9.55
-3.58,-0.26,9.55
-3.67,-0.22,9.39
-3.67,-0.22,9.39
-3.67,-0.22,9.39
-3.43,-0.29,9.22
-3.43,-0.29,9.22
-3.54,-0.34,9.2
-3.74,-0.28,9.24
-3.74,-0.28,9.24
-3.74,-0.28,9.24
-4.11,-0.18,9.0
-4.11,-0.18,9.0
-4.11,-0.18,9.0
-4.08,-0.0,9.28
-4.08,-0.0,9.28
-4.19,-0.14,9.21
-4.19,-0.14,9.21
-4.19,-0.14,9.21
-4.37,-0.26,8.93
-4.37,-0.26,8.93
-4.37,-0.26,8.93
-4.69,-0.45,8.81
-4.69,-0.45,8.81
-4.69,-0.45,8.81
-5.15,-0.65,8.73
-5.15,-0.65,8.73
-5.15,-0.65,8.73
-4.34,-0.73,9.21
-4.34,-0.73,9.21
-4.34,-0.73,9.21
-4.71,-0.96,8.86
-4.71,-0.96,8.86
-4.71,-0.96,8.86
-4.01,-1.47,7.26
-4.01,-1.47,7.26
-4.01,-1.47,7.26
-3.87,-1.8,7.93
-3.87,-1.8,7.93
-4.08,-2.03,8.22
-4.11,-2.03,7.53
-4.11,-2.03,7.53
-4.28,-1.92,7.33
-4.52,-2.38,8.72
-4.52,-2.38,8.72
-4.52,-2.38,8.72
-5.9,-1.31,10.88
-5.9,-1.31,10.88
-5.9,-1.31,10.88
-4.36,-1.24,9.13
-4.36,-1.24,9.13
-4.36,-1.24,9.13
-3.69,-1.16,8.69
-3.69,-1.16,8.69
-3.69,-1.16,8.69
-3.68,-1.19,9.23
-3.68,-1.19,9.23
-3.68,-1.19,9.23
-3.52,-1.14,9.33
-3.52,-1.14,9.33
-3.52,-1.14,9.33
-3.14,-1.13,9.66
-3.14,-1.13,9.66
-3.09,-1.22,9.63
-2.84,-0.91,9.51
-2.84,-0.91,9.51
-2.84,-0.91,9.51
-3.11,-0.78,9.39
-3.11,-0.78,9.39
-3.11,-0.78,9.39
-3.56,-0.85,9.55
-3.56,-0.85,9.55
-3.56,-0.85,9.55
-3.41,-0.76,9.42
-3.41,-0.76,9.42
-3.59,-0.57,9.4
-3.64,-0.81,9.47
-3.64,-0.81,9.47
-3.64,-0.81,9.47
-3.89,-0.36,9.34
-3.89,-0.36,9.34
-3.89,-0.36,9.34
-4.15,0.11,8.9
-4.15,0.11,8.9
-4.15,0.11,8.9
-3.87,-0.34,9.45
-3.87,-0.34,9.45
-3.59,-0.5,10.09
-3.42,-0.25,9.48
-3.42,-0.25,9.48
-3.74,0.18,9.08
-3.9,-0.06,8.7
-3.9,-0.06,8.7
-3.9,-0.06,8.7
-3.97,-0.75,9.29
-3.97,-0.75,9.29
-3.97,-0.75,9.29
-3.85,-0.29,9.33
-3.85,-0.29,9.33
-3.85,-0.29,9.33
-3.94,0.01,9.11
-4.05,-0.13,9.1
-4.05,-0.13,9.1
-3.74,-0.25,9.09
-3.74,-0.25,9.09
-3.74,-0.25,9.09
-3.09,0.12,9.21
-3.09,0.12,9.21
-3.09,0.12,9.21
-3.56,-0.61,9.55
-3.56,-0.61,9.55
-3.16,-1.54,9.81
-3.81,-0.54,9.46
-3.81,-0.54,9.46
-3.81,-0.54,9.46
-4.13,-0.2,8.88
-4.13,-0.2,8.88
-4.13,-0.2,8.88
-4.15,-0.48,8.89
-4.15,-0.48,8.89
-4.15,-0.48,8.89
-3.94,-0.36,9.05
-3.94,-0.36,9.05
-3.94,-0.36,9.05
-3.87,-0.61,9.33
-3.87,-0.61,9.33
-3.87,-0.61,9.33
-4.17,-0.83,9.26
-4.17,-0.83,9.26
-4.17,-0.83,9.26
-3.83,-0.55,9.18
-3.83,-0.55,9.18
-3.83,-0.55,9.18
-3.74,-0.45,8.96
-3.74,-0.45,8.96
-3.78,-0.55,8.98
-3.88,-0.67,9.19
-3.88,-0.67,9.19
-3.88,-0.67,9.19
-3.72,-0.51,9.32
-3.72,-0.51,9.32
-3.72,-0.51,9.32
-3.54,-0.57,9.13
-3.54,-0.57,9.13
-3.54,-0.57,9.13
-3.47,-0.79,9.18
-3.47,-0.79,9.18
-3.47,-0.79,9.18
-3.8,-0.55,9.26
-3.59,-0.37,9.31
-3.59,-0.37,9.31
-3.73,-0.32,9.19
-3.73,-0.32,9.19
-3.73,-0.32,9.19
-3.19,-0.62,9.5
-3.19,-0.62,9.5
-3.19,-0.62,9.5
-3.67,-0.51,8.93
-3.67,-0.51,8.93
-3.67,-0.51,8.93
-3.68,-0.38,9.23
-3.68,-0.38,9.23
-3.97,-0.3,9.15
-3.9,-0.58,9.23
-3.9,-0.58,9.23
-3.9,-0.58,9.23
-3.53,-0.78,9.73
-3.53,-0.78,9.73
-3.53,-0.78,9.73
-3.61,-0.53,10.07
-3.61,-0.53,10.07
-3.61,-0.53,10.07
-3.99,-0.41,8.9
-3.99,-0.41,8.9
-3.99,-0.41,8.9
-4.31,-1.0,9.48
-4.31,-1.0,9.48
-4.31,-1.0,9.48
-3.77,-0.83,9.19
-3.77,-0.83,9.19
-3.77,-0.83,9.19
-3.75,-0.82,9.22
-3.75,-0.82,9.22
-3.59,-0.78,9.35
-3.6,-0.29,9.19
-3.86,0.35,8.92
-4.1,0.16,8.27
-4.1,0.16,8.27
-4.1,0.16,8.27
-3.65,-0.14,9.12
-3.65,-0.14,9.12
-3.65,-0.14,9.12
-2.9,0.66,10.06
-2.9,0.66,10.06
-2.9,0.66,10.06
-3.21,-1.37,9.52
-3.21,-1.37,9.52
-3.21,-1.37,9.52
-3.76,-0.25,9.53
-3.76,-0.25,9.53
-3.76,-0.25,9.53
-3.73,0.06,9.39
-3.73,0.06,9.39
-3.73,0.06,9.39
-3.59,-0.54,9.4
-3.59,-0.54,9.4
-3.59,-0.54,9.4
-3.57,-0.07,8.8
-3.57,-0.07,8.8
-3.57,-0.07,8.8
-3.65,0.3,8.91
-3.65,0.3,8.91
-3.65,0.3,8.91
-3.79,-0.26,9.17
-3.79,-0.26,9.17
-3.79,-0.26,9.17
-3.81,0.02,9.37
-3.81,0.02,9.37
-3.97,0.71,9.02
-3.83,-0.24,9.06
-3.83,-0.24,9.06
-3.83,-0.24,9.06
-3.27,-2.64,9.39
-3.27,-2.64,9.39
-3.27,-2.64,9.39
-2.9,-2.44,10.33
-2.9,-2.44,10.33
-2.9,-2.44,10.33
-3.57,-0.52,10.02
-3.57,-0.52,10.02
-3.57,-0.52,10.02
-4.65,-0.7,8.98
-4.65,-0.7,8.98
-4.65,-0.7,8.98
-4.86,-0.7,8.39
-4.86,-0.7,8.39
-4.86,-0.7,8.39
-5.54,-0.39,8.08
-5.54,-0.39,8.08
-5.54,-0.39,8.08
-5.49,-0.67,7.93
-5.33,-1.14,8.16
-5.33,-1.14,8.16
-4.39,-1.18,9.24
-4.39,-1.18,9.24
-4.39,-1.18,9.24
-3.29,-1.47,9.44
-3.29,-1.47,9.44
-3.29,-1.47,9.44
-1.85,-1.29,9.48
-1.85,-1.29,9.48
-1.89,-1.04,9.28
-2.74,-1.7,8.91
-2.74,-1.7,8.91
-2.74,-1.7,8.91
-3.27,-1.85,9.32
-3.27,-1.85,9.32
-3.27,-1.85,9.32
-3.41,-1.49,9.32
-3.41,-1.49,9.32
-3.41,-1.49,9.32
-3.3,-1.9,9.57
-3.3,-1.9,9.57
-3.3,-1.95,9.34
-3.07,-1.69,9.68
-3.07,-1.69,9.68
-3.07,-1.69,9.68
-3.07,-1.89,9.5
-3.07,-1.89,9.5
-3.07,-1.89,9.5
-3.07,-1.39,9.21
-3.07,-1.39,9.21
-3.07,-1.39,9.21
-3.13,-1.45,9.11
-3.13,-1.45,9.11
-3.13,-1.45,9.11
-3.06,-1.68,9.34
-3.06,-1.68,9.34
-3.11,-1.6,9.33
-2.98,-1.47,9.33
-2.98,-1.47,9.33
-2.98,-1.47,9.33
-3.18,-2.05,9.14
-3.18,-2.05,9.14
-3.18,-2.05,9.14
-2.94,-1.42,9.68
-2.94,-1.42,9.68
-2.94,-1.42,9.68
-2.91,-1.63,9.53
-2.91,-1.63,9.53
-2.99,-1.52,9.47
-3.06,-1.32,9.23
-3.06,-1.32,9.23
-3.06,-1.32,9.23
-3.18,-1.17,9.42
-3.18,-1.17,9.42
-3.18,-1.17,9.42
-2.93,-0.86,9.86
-2.93,-0.86,9.86
-2.93,-0.86,9.86
-3.09,-0.52,9.52
-3.09,-0.52,9.52
-2.67,-1.1,9.48
-2.63,-1.38,9.18
-2.63,-1.38,9.18
-2.63,-1.38,9.18
-3.87,-1.47,8.99
-3.87,-1.47,8.99
-3.87,-1.47,8.99
-3.96,-0.93,9.18
-3.96,-0.93,9.18
-3.96,-0.93,9.18
-3.36,-0.44,9.72
-2.49,-0.22,9.86
-2.49,-0.22,9.86
-3.16,-1.12,9.47
-3.16,-1.12,9.47
-3.16,-1.12,9.47
-3.18,-0.81,9.69
-3.18,-0.81,9.69
-3.18,-0.81,9.69
-3.54,-0.98,9.9
-3.54,-0.98,9.9
-3.54,-0.98,9.9
-4.17,-0.38,9.4
-4.17,-0.38,9.4
-4.08,-0.83,9.74
-3.55,-0.26,9.75
-3.55,-0.26,9.75
-3.55,-0.26,9.75
-3.78,0.01,8.97
-3.78,0.01,8.97
-3.78,0.01,8.97
-3.7,0.18,9.13
-3.7,0.18,9.13
-3.7,0.18,9.13
-4.19,0.14,8.72
-4.19,0.14,8.72
-4.3,0.34,8.88
-3.92,0.26,8.95
-3.92,0.26,8.95
-3.92,0.26,8.95
-3.68,-0.79,9.32
-3.68,-0.79,9.32
-3.68,-0.79,9.32
-4.24,0.52,9.67
-4.24,0.52,9.67
-4.24,0.52,9.67
-3.69,0.26,9.59
-3.69,0.26,9.59
-3.97,0.32,9.34
-4.45,-0.4,9.31
-4.45,-0.4,9.31
-4.45,-0.4,9.31
-4.02,0.15,9.16
-4.02,0.15,9.16
-4.44,0.11,9.09
-4.44,0.11,9.09
-4.44,0.11,9.09
-4.21,0.17,8.96
-4.21,0.17,8.96
-4.57,0.11,9.17
-6.0,-1.03,9.72
-6.0,-1.03,9.72
-6.0,-1.03,9.72
-5.86,-0.4,8.9
-5.86,-0.4,8.9
-5.86,-0.4,8.9
-1.64,0.78,9.54
-1.64,0.78,9.54
-1.64,0.78,9.54
-0.84,-0.96,9.42
-0.84,-0.96,9.42
-1.6,-1.53,9.36
-3.09,-1.02,9.92
-3.09,-1.02,9.92
-3.09,-1.02,9.92
-2.23,-0.82,9.82
-2.23,-0.82,9.82
-2.23,-0.82,9.82
-3.03,-1.49,9.25
-3.03,-1.49,9.25
-3.03,-1.49,9.25
-3.62,-1.13,9.88
-3.62,-1.13,9.88
-3.71,-0.21,9.84
-4.06,-0.66,9.23
-4.06,-0.66,9.23
-4.06,-0.66,9.23
-3.71,-1.25,9.13
-3.71,-1.25,9.13
-3.71,-1.25,9.13
-3.12,-1.26,9.44
-3.12,-1.26,9.44
-3.12,-1.26,9.44
-1.58,-1.27,11.14
-1.58,-1.27,11.14
-1.58,-1.27,11.14
-2.79,-1.2,9.43
-2.79,-1.2,9.43
-2.79,-1.2,9.43
-2.64,-1.02,8.72
-2.64,-1.02,8.72
-2.64,-1.02,8.72
0.47,-0.68,10.8
0.47,-0.68,10.8
0.47,-0.68,10.8
-1.33,-0.79,9.66
-0.93,-1.21,10.12
-0.93,-1.21,10.12
-0.04,-1.35,10.67
-0.04,-1.35,10.67
-0.04,-1.35,10.67
-0.24,-1.73,10.27
-0.24,-1.73,10.27
-0.24,-1.73,10.27
-0.66,-2.41,9.84
-0.66,-2.41,9.84
-0.44,-2.37,9.62
-0.49,-2.41,9.48
-0.64,-2.78,9.29
-0.64,-2.78,9.29
-0.08,-2.67,9.89
-0.08,-2.67,9.89
-0.08,-2.67,9.89
0.56,-2.15,11.87
0.56,-2.15,11.87
0.56,-2.15,11.87
0.92,-2.74,10.98
0.92,-2.74,10.98
1.07,-3.62,10.88
1.03,-3.31,9.52
1.03,-3.31,9.52
1.41,-1.83,9.1
1.41,-1.83,9.1
1.41,-1.83,9.1
2.31,-0.04,8.89
2.31,-0.04,8.89
2.31,-0.04,8.89
1.02,1.36,7.68
-0.11,2.72,7.78
-0.11,2.72,7.78
-1.21,2.39,10.0
-1.21,2.39,10.0
-1.21,2.39,10.0
-0.73,-1.89,11.04
-0.73,-1.89,11.04
-0.73,-1.89,11.04
0.25,2.01,8.56
0.25,2.01,8.56
0.25,2.01,8.56
-0.71,1.81,9.35
-0.71,1.81,9.35
-0.71,1.81,9.35
-1.51,-0.08,11.06
-1.51,-0.08,11.06
-1.51,-0.08,11.06
-1.45,1.79,11.06
-1.45,1.79,11.06
-1.45,1.79,11.06
-2.28,-0.26,11.33
-2.28,-0.26,11.33
-2.28,-0.26,11.33
-2.79,1.52,10.37
-2.79,1.52,10.37
-3.05,2.67,10.22
-2.21,0.9,10.57
-2.21,0.9,10.57
-2.21,0.9,10.57
-3.09,1.04,9.8
-3.09,1.04,9.8
-3.09,1.04,9.8
-3.31,1.49,9.24
-3.31,1.49,9.24
-3.31,1.49,9.24
-3.03,2.06,9.13
-2.24,2.28,10.05
-2.24,2.28,10.05
-1.16,3.27,10.37
-2.31,3.94,10.26
-2.31,3.94,10.26
-2.75,2.63,9.31
-2.75,2.63,9.31
-2.75,2.63,9.31
-3.58,1.71,9.07
-3.58,1.71,9.07
-3.58,1.71,9.07
-3.25,0.92,9.05
-3.25,0.92,9.05
-3.25,0.92,9.05
-2.84,1.2,9.65
-2.84,1.2,9.65
-2.84,1.2,9.65
-2.38,1.67,10.56
-2.38,1.67,10.56
-2.38,1.67,10.56
-2.73,2.18,9.94
-2.73,2.18,9.94
-2.73,2.18,9.94
-3.35,1.71,10.08
-3.35,1.71,10.08
-3.41,1.53,10.04
-3.37,1.46,9.24
-3.37,1.46,9.24
-3.37,1.46,9.24
-2.45,1.82,9.93
-2.45,1.82,9.93
-2.45,1.82,9.93
-2.37,1.41,9.15
-2.37,1.41,9.15
-2.37,1.41,9.15
-1.85,3.39,10.08
-1.85,3.39,10.08
-2.31,3.24,9.36
-2.04,2.15,9.65
-2.11,1.02,9.76
-2.11,1.02,9.76
-2.5,1.47,9.3
-2.5,1.47,9.3
-2.5,1.47,9.3
-2.63,1.49,10.0
-2.63,1.49,10.0
-2.88,1.48,10.49
-2.41,1.53,10.84
-2.41,1.53,10.84
-2.8,2.46,10.27
-2.4,1.91,9.51
-2.4,1.91,9.51
-2.4,1.91,9.51
-1.86,2.39,9.19
-1.86,2.39,9.19
-1.86,2.39,9.19
-2.49,2.49,9.71
-2.49,2.49,9.71
-2.49,2.49,9.71
-2.6,2.31,10.1
-2.6,2.31,10.1
-2.66,2.48,10.1
-2.89,1.74,10.2
-2.89,1.74,10.2
-2.89,1.74,10.2
-3.51,1.02,9.49
-3.51,1.02,9.49
-3.51,1.02,9.49
-3.17,1.25,9.67
-3.17,1.25,9.67
-3.17,1.25,9.67
-3.52,0.68,9.53
-3.52,0.68,9.53
-3.5,0.98,10.35
-3.57,2.06,10.07
-3.57,2.06,10.07
-3.57,2.06,10.07
-3.17,1.7,10.05
-3.17,1.7,10.05
-3.17,1.7,10.05
-3.06,1.46,9.44
-3.06,1.46,9.44
-3.06,1.46,9.44
-3.09,1.89,9.37
-3.04,1.4,9.44
-3.04,1.4,9.44
-3.01,1.49,9.26
-3.01,1.49,9.26
-3.01,1.49,9.26
-3.28,0.84,9.11
-3.28,0.84,9.11
-3.28,0.84,9.11
-3.89,0.19,9.16
-3.89,0.19,9.16
-3.89,0.19,9.16
-4.41,-0.04,9.13
-4.41,-0.04,9.13
-5.03,-0.17,9.19
-5.44,-0.2,8.95
-5.44,-0.2,8.95
-5.44,-0.2,8.95
-5.14,-0.82,8.5
-5.14,-0.82,8.5
-5.14,-0.82,8.5
-5.33,-1.08,8.14
-5.33,-1.08,8.14
-5.33,-1.08,8.14
-5.11,-1.09,8.73
-5.11,-1.09,8.73
-5.55,-1.38,8.31
-5.65,-1.02,7.41
-5.65,-1.02,7.41
-5.65,-1.02,7.41
-6.57,-1.35,6.08
-6.57,-1.35,6.08
-6.57,-1.35,6.08
-6.81,-0.75,6.68
-6.81,-0.75,6.68
-6.8,-0.48,6.97
-7.14,-0.0,6.46
-7.14,-0.0,6.46
-7.14,-0.0,6.46
-6.35,-0.75,5.55
-6.35,-0.75,5.55
-6.35,-0.75,5.55
-5.42,-1.81,6.07
-5.42,-1.81,6.07
-5.42,-1.81,6.07
-6.31,-2.7,6.0
-6.31,-2.7,6.0
-6.31,-2.7,6.0
-7.47,-1.8,5.64
-7.82,-1.2,5.86
-7.3,-1.14,6.14
-7.3,-1.14,6.14
-7.3,-1.14,6.14
-7.53,-1.22,5.72
-7.53,-1.22,5.72
-7.53,-1.22,5.72
-7.98,-1.8,5.07
-7.98,-1.8,5.07
-7.98,-1.8,5.07
-7.36,-0.63,4.7
-7.36,-0.63,4.7
-7.36,-0.63,4.7
-7.57,0.06,5.55
-7.57,0.06,5.55
-7.57,0.06,5.55
-7.75,-0.56,6.7
-7.75,-0.56,6.7
-7.75,-0.56,6.7
-8.81,1.4,5.3
-8.81,1.4,5.3
-8.81,1.4,5.3
-7.46,-0.15,4.75
-7.46,-0.15,4.75
-7.46,-0.15,4.75
-7.98,0.2,5.16
-7.98,0.2,5.16
-7.98,0.2,5.16
-7.27,0.16,5.32
-7.27,0.16,5.32
-7.27,0.16,5.32
-7.18,-0.06,5.64
-7.18,-0.06,5.64
-7.36,-0.2,5.33
-8.67,-1.2,4.86
-8.67,-1.2,4.86
-8.67,-1.2,4.86
-8.07,-0.62,3.96
-8.07,-0.62,3.96
-8.07,-0.62,3.96
-7.12,0.22,5.3
-7.12,0.22,5.3
-7.12,0.22,5.3
-6.74,-0.03,6.21
-6.74,-0.03,6.21
-7.41,-0.96,5.84
-9.01,-0.58,4.55
-9.01,-0.58,4.55
-9.01,-0.58,4.55
-8.76,-0.91,4.58
-8.76,-0.91,4.58
-8.76,-0.91,4.58
-8.96,0.38,4.76
-8.96,0.38,4.76
-8.96,0.38,4.76
-9.34,1.42,4.09
-9.34,1.42,4.09
-9.25,0.81,3.92
-9.18,1.91,3.89
-9.18,1.91,3.89
-9.18,1.91,3.89
-9.16,1.51,4.38
-9.16,1.51,4.38
-9.16,1.51,4.38
-8.37,-0.06,4.73
-8.37,-0.06,4.73
-8.37,-0.06,4.73
-7.56,1.46,4.29
-7.56,1.46,4.29
-7.56,1.46,4.29
-6.27,-0.74,5.31
-6.27,-0.74,5.31
-6.27,-0.74,5.31
-8.86,1.7,2.59
-8.86,1.7,2.59
-8.86,1.7,2.59
-7.56,-0.48,3.86
-7.56,-0.48,3.86
-7.56,-0.48,3.86
-8.96,2.15,4.48
-8.96,2.15,4.48
-9.96,2.33,3.68
-10.33,-0.24,3.66
-10.33,-0.24,3.66
-10.33,-0.24,3.66
-9.89,1.79,3.26
-9.89,1.79,3.26
-9.89,1.79,3.26
-8.35,2.06,3.65
-8.35,2.06,3.65
-8.35,2.06,3.65
-6.93,2.67,3.77
-6.93,2.67,3.77
-6.93,2.67,3.77
-6.66,1.03,4.73
-6.66,1.03,4.73
-6.66,1.03,4.73
-8.12,0.31,3.64
-8.12,0.31,3.64
-8.12,0.31,3.64
-8.0,2.17,3.6
-8.0,2.17,3.6
-8.0,2.17,3.6
-8.58,1.24,3.43
-8.58,1.24,3.43
-8.58,1.24,3.43
-9.59,-0.78,4.87
-9.59,-0.78,4.87
-9.59,-0.78,4.87
-8.95,-1.02,4.02
-8.95,-1.02,4.02
-8.95,-1.02,4.02
-7.83,-1.96,5.52
-7.83,-1.96,5.52
-7.83,-1.96,5.52
-7.31,-2.19,5.49
-7.31,-2.19,5.49
-7.31,-2.19,5.49
-6.53,-3.23,6.31
-6.53,-3.23,6.31
-6.53,-3.23,6.31
-6.25,-3.22,6.59
-6.25,-3.22,6.59
-6.25,-3.22,6.59
-5.44,-4.62,6.8
-5.44,-4.62,6.8
-5.44,-4.62,6.8
-5.08,-4.47,7.03
-5.08,-4.47,7.03
-4.92,-4.24,7.32
-2.75,-3.63,7.46
-2.75,-3.63,7.46
-2.75,-3.63,7.46
-2.74,-4.48,7.81
-2.74,-4.48,7.81
-2.74,-4.48,7.81
-3.85,-3.42,7.36
-3.85,-3.42,7.36
-3.85,-3.42,7.36
-2.0,-4.3,7.69
-2.0,-4.3,7.69
-2.0,-4.3,7.69
-3.8,-5.37,8.34
-3.89,-4.76,7.17
-3.89,-4.76,7.17
-5.11,-6.15,8.14
-5.11,-6.15,8.14
-5.11,-6.15,8.14
-5.27,-5.94,8.03
-5.27,-5.94,8.03
-5.27,-5.94,8.03
-5.17,-6.15,7.69
-5.17,-6.15,7.69
-4.35,-6.61,8.01
-3.03,-6.01,7.87
-3.03,-6.01,7.87
-3.03,-6.01,7.87
-2.72,-5.79,8.19
-2.72,-5.79,8.19
-2.72,-5.79,8.19
-2.43,-5.01,8.36
-2.43,-5.01,8.36
-2.43,-5.01,8.36
-2.06,-4.85,8.21
-2.06,-4.85,8.21
-2.31,-4.91,8.07
-1.77,-4.77,7.7
-1.77,-4.77,7.7
-1.77,-4.77,7.7
-1.83,-5.16,7.38
-1.83,-5.16,7.38
-2.07,-6.66,7.86
-2.07,-6.66,7.86
-1.81,-6.41,8.5
-1.74,-5.81,8.56
-1.74,-5.81,8.56
-1.76,-5.97,9.0
-2.08,-7.59,9.14
-2.08,-7.59,9.14
-2.08,-7.59,9.14
-2.44,-8.56,8.93
-2.44,-8.56,8.93
-2.44,-8.56,8.93
-3.17,-9.83,10.12
-3.17,-9.83,10.12
-3.17,-9.83,10.12
-3.47,-8.84,10.09
-3.47,-8.84,10.09
-3.47,-8.84,10.09
-2.78,-8.69,9.22
-2.78,-8.69,9.22
-2.78,-8.69,9.22
-1.65,-8.52,9.43
-1.65,-8.52,9.43
-1.65,-8.52,9.43
-1.14,-7.81,8.7
-1.14,-7.81,8.7
-1.14,-7.81,8.7
-1.76,-6.4,7.24
-1.5,-6.31,6.78
-1.5,-6.31,6.78
-0.86,-5.99,5.41
-0.86,-5.99,5.41
-0.86,-5.99,5.41
0.9,-4.92,4.71
0.9,-4.92,4.71
0.9,-4.92,4.71
1.11,-6.37,4.12
1.11,-6.37,4.12
1.06,-6.18,3.31
1.18,-5.65,2.72
1.33,-5.45,2.37
1.33,-5.45,2.37
1.71,-4.95,1.99
1.71,-4.95,1.99
1.71,-4.95,1.99
1.47,-3.91,1.82
1.47,-3.91,1.82
1.47,-3.91,1.82
2.41,-4.44,0.63
2.41,-4.44,0.63
3.85,-4.38,0.45
4.5,-4.23,0.56
4.5,-4.23,0.56
4.18,-3.72,0.94
4.51,-4.76,2.42
4.51,-4.76,2.42
4.51,-4.76,2.42
6.62,-4.75,5.2
6.62,-4.75,5.2
6.62,-4.75,5.2
4.86,-4.11,6.12
4.86,-4.11,6.12
4.26,-3.26,5.72
4.11,-3.2,5.51
3.54,-2.67,6.19
3.54,-2.67,6.19
1.58,-3.76,6.59
1.58,-3.76,6.59
1.58,-3.76,6.59
1.03,-1.44,7.52
1.03,-1.44,7.52
1.03,-1.44,7.52
-0.68,-4.06,8.52
-0.02,-1.77,8.82
-3.17,-3.63,10.43
-3.17,-3.63,10.43
-3.17,-3.63,10.43
-2.63,-3.87,13.36
-2.63,-3.87,13.36
-3.63,-3.17,12.57
-3.63,-3.17,12.57
-3.63,-3.17,12.57
-6.28,-5.98,13.87
-6.28,-5.98,13.87
-6.28,-5.98,13.87
-6.16,-5.05,11.91
-6.16,-5.05,11.91
-7.98,-6.98,11.18
-6.46,-2.21,12.18
-6.46,-2.21,12.18
-6.46,-2.21,12.18
-6.06,-1.6,9.94
-6.06,-1.6,9.94
-6.06,-1.6,9.94
-5.67,-1.55,9.89
-5.67,-1.55,9.89
-5.67,-1.55,9.89
-5.17,-0.57,9.13
-5.17,-0.57,9.13
-5.17,-0.57,9.13
-5.03,0.07,9.03
-5.03,0.07,9.03
-5.03,0.07,9.03
-4.77,-0.25,9.24
-4.77,-0.25,9.24
-4.77,-0.25,9.24
-4.76,0.66,8.49
-4.76,0.66,8.49
-4.76,0.66,8.49
-4.64,0.45,8.52
-4.64,0.45,8.52
-4.64,0.45,8.52
-4.63,0.46,8.77
-4.63,0.46,8.77
-4.63,0.46,8.77
-4.45,0.64,8.68
-4.45,0.64,8.68
-4.45,0.64,8.68
-4.62,0.18,8.37
-4.62,0.18,8.37
-4.62,0.18,8.37
-5.2,-0.0,8.28
-5.2,-0.0,8.28
-5.2,-0.0,8.28
-4.99,-0.07,8.99
-4.99,-0.07,8.99
-4.99,-0.07,8.99
-5.11,-0.24,8.32
-5.11,-0.24,8.32
-5.11,-0.24,8.32
-4.95,-0.22,8.46
-4.95,-0.22,8.46
-4.95,-0.22,8.46
-4.92,0.12,8.57
-4.92,0.12,8.57
-5.52,0.11,8.07
-5.52,0.11,8.07
-5.52,0.11,8.07
-5.44,-0.73,8.71
-5.44,-0.73,8.71
-5.44,-0.73,8.71
-5.19,0.43,8.36
-5.19,0.43,8.36
-5.19,0.43,8.36
-5.37,-0.33,8.06
-5.37,-0.33,8.06
-5.37,-0.33,8.06
-4.4,0.45,8.62
-4.4,0.45,8.62
-4.4,0.45,8.62
-4.71,-0.86,7.85
-4.71,-0.86,7.85
-4.71,-0.86,7.85
-5.25,0.03,7.98
-5.25,0.03,7.98
-5.25,0.03,7.98
-5.75,0.28,8.01
-5.75,0.28,8.01
-5.75,0.28,8.01
-6.73,-1.28,8.31
-6.73,-1.28,8.31
-6.73,-1.28,8.31
-6.81,-0.15,7.73
-6.81,-0.15,7.73
-6.81,-0.15,7.73
-6.99,0.13,6.94
-7.12,0.29,7.12
-7.44,0.09,6.87
-7.44,0.09,6.87
-7.44,0.09,6.87
-6.81,0.11,6.96
-6.81,0.11,6.96
-6.81,0.11,6.96
-6.63,-0.2,7.1
-6.63,-0.2,7.1
-6.63,-0.2,7.1
-6.15,-0.32,7.57
-6.15,-0.32,7.57
-6.15,-0.32,7.57
-6.06,0.35,7.55
-6.06,0.35,7.55
-6.06,0.35,7.55
-6.28,-0.82,7.31
-6.28,-0.82,7.31
-6.28,-0.82,7.31
-6.19,0.53,7.28
-6.19,0.53,7.28
-6.19,0.53,7.28
-6.32,0.04,7.62
-6.32,0.04,7.62
-6.19,-0.21,7.78
-6.24,-0.08,7.25
-6.42,-0.28,7.47
-6.42,-0.28,7.47
-6.12,-0.26,7.77
-6.12,-0.26,7.77
-6.12,-0.26,7.77
-6.29,0.06,7.5
-6.29,0.06,7.5
-6.29,0.06,7.5
-6.48,0.37,7.47
-6.48,0.37,7.47
-6.4,0.3,7.35
-6.46,0.33,7.19
-6.46,0.33,7.19
-6.46,0.33,7.19
-6.57,0.36,7.3
-6.57,0.36,7.3
-6.57,0.36,7.3
-6.56,0.11,7.31
-6.56,0.11,7.31
-6.56,0.11,7.31
-6.51,0.05,7.37
-6.51,0.05,7.37
-6.46,0.03,7.33
-6.39,0.23,7.18
-6.39,0.23,7.18
-6.39,0.23,7.18
-6.46,0.16,7.36
-6.46,0.16,7.36
-6.46,0.16,7.36
-6.44,0.17,7.26
-6.44,0.17,7.26
-6.44,0.17,7.26
-6.47,0.16,7.32
-6.47,0.16,7.32
-6.47,0.16,7.32
-6.45,0.1,7.25
-6.45,0.1,7.25
-6.45,0.1,7.25
-6.45,0.21,7.23
-6.45,0.21,7.23
-6.45,0.21,7.23
-6.56,0.1,7.19
-6.56,0.1,7.19
-6.56,0.1,7.19
-6.36,0.05,7.45
-6.36,0.05,7.45
-6.56,0.01,7.26
-6.65,0.19,7.33
-6.65,0.19,7.33
-6.65,0.19,7.33
-6.7,0.14,7.14
-6.7,0.14,7.14
-6.7,0.14,7.14
-6.7,-0.14,7.19
-6.7,-0.14,7.19
-6.7,-0.14,7.19
-6.79,0.12,7.28
-6.79,0.12,7.28
-6.37,0.41,8.29
-5.75,0.74,8.11
-5.75,0.74,8.11
-5.75,0.74,8.11
-5.24,-0.05,8.61
-5.24,-0.05,8.61
-5.24,-0.05,8.61
-5.04,0.2,8.77
-5.04,0.2,8.77
-4.77,0.34,8.77
-5.13,-0.26,8.5
-5.13,-0.26,8.5
-5.13,-0.26,8.5
-5.06,0.17,8.38
-5.06,0.17,8.38
-5.06,0.17,8.38
-4.6,1.08,9.0
-4.6,1.08,9.0
-4.6,1.08,9.0
-4.28,0.41,8.67
-4.28,0.41,8.67
-4.28,0.41,8.67
-4.17,0.68,8.59
-4.17,0.68,8.59
-3.63,0.41,8.93
-3.55,0.7,9.1
-3.55,0.7,9.1
-3.55,0.7,9.1
-3.25,0.89,9.23
-3.25,0.89,9.23
-3.25,0.89,9.23
-3.48,0.55,9.21
-3.48,0.55,9.21
-3.48,0.55,9.21
-3.39,0.7,9.34
-3.15,0.33,9.13
-3.15,0.33,9.13
-2.7,0.44,9.34
-2.7,0.44,9.34
-2.7,0.44,9.34
-3.3,0.98,9.04
-3.3,0.98,9.04
-3.3,0.98,9.04
-3.27,0.04,9.66
-3.27,0.04,9.66
-3.27,0.04,9.66
-3.67,0.47,9.3
-3.67,0.47,9.3
-3.99,0.45,9.23
-3.74,0.08,9.62
-3.74,0.08,9.62
-3.74,0.08,9.62
-3.49,1.0,9.63
-3.49,1.0,9.63
-3.49,1.0,9.63
-3.6,0.31,9.69
-3.6,0.31,9.69
-3.6,0.31,9.69
-3.24,0.86,9.59
-3.24,0.86,9.59
-3.39,1.36,9.46
-3.04,0.87,9.84
-3.04,0.87,9.84
-3.04,0.87,9.84
-2.89,1.46,10.1
-2.89,1.46,10.1
-2.89,1.46,10.1
-2.53,1.49,9.88
-2.53,1.49,9.88
-2.53,1.49,9.88
-2.58,1.86,9.51
-2.58,1.86,9.51
-2.58,1.86,9.51
-2.95,1.28,9.58
-2.95,1.28,9.58
-2.95,1.28,9.58
-3.4,1.0,10.05
-3.4,1.0,10.05
-4.02,1.46,10.6
-4.02,1.46,10.6
-4.02,1.46,10.6
-3.89,1.61,9.91
-3.89,1.61,9.91
-3.83,1.11,9.46
-3.28,0.15,9.61
-3.28,0.15,9.61
-3.35,0.3,9.3
-3.35,0.3,9.3
-3.35,0.3,9.3
-3.92,-0.44,8.34
-3.92,-0.44,8.34
-3.83,-0.71,7.87
-3.61,-0.7,7.78
-3.61,-0.7,7.78
-3.61,-0.7,7.78
-3.87,0.13,8.12
-3.87,0.13,8.12
-3.87,0.13,8.12
-3.94,0.35,7.86
-3.94,0.35,7.86
-3.94,0.35,7.86
-4.05,-0.24,7.98
-4.05,-0.24,7.98
-4.05,-0.24,7.98
-4.53,-0.1,8.83
-4.53,-0.1,8.83
-4.65,0.29,9.24
-4.1,0.14,9.84
-4.1,0.14,9.84
-4.1,0.14,9.84
-3.87,0.12,9.8
-3.87,0.12,9.8
-3.87,0.12,9.8
-3.28,0.36,9.26
-3.28,0.36,9.26
-3.28,0.36,9.26
-3.17,0.74,9.42
-3.17,0.74,9.42
-3.17,0.74,9.42
-3.18,1.79,9.78
-3.18,1.79,9.78
-3.18,1.79,9.78
-3.18,1.24,10.31
-3.18,1.24,10.31
-3.18,1.24,10.31
-2.98,1.17,10.53
-2.98,1.17,10.53
-2.98,1.17,10.53
-2.87,1.02,9.6
-2.87,1.02,9.6
-2.87,1.02,9.6
-3.05,1.29,9.31
-3.05,1.29,9.31
-3.05,1.29,9.31
-3.55,1.49,9.53
-3.55,1.49,9.53
-3.55,1.49,9.53
-4.4,1.56,10.29
-4.4,1.56,10.29
-4.4,1.56,10.29
-4.92,1.6,9.93
-4.79,1.24,9.39
-4.79,1.24,9.39
-4.11,-0.1,8.86
-4.11,-0.1,8.86
-4.11,-0.1,8.86
-3.67,0.04,8.68
-3.67,0.04,8.68
-3.67,0.04,8.68
-4.12,-0.49,8.05
-4.12,-0.49,8.05
-4.15,-0.91,7.95
-4.18,-0.45,7.49
-4.18,-0.45,7.49
-4.18,-0.45,7.49
-4.47,-0.38,7.82
-4.47,-0.38,7.82
-4.47,-0.38,7.82
-5.13,0.5,9.18
-5.13,0.5,9.18
-5.13,0.5,9.18
-4.65,1.0,10.03
-4.46,0.62,9.56
-4.46,0.62,9.56
-4.34,0.27,9.02
-4.34,0.27,9.02
-4.34,0.27,9.02
-4.42,0.84,8.85
-4.42,0.84,8.85
-4.42,0.84,8.85
-4.47,0.52,8.91
-4.47,0.52,8.91
-4.47,0.52,8.91
-4.46,1.46,8.55
-4.46,1.46,8.55
-4.51,1.6,8.55
-4.4,1.55,8.57
-4.09,1.59,8.52
-3.73,1.34,8.52
-3.73,1.34,8.52
-3.73,1.34,8.52
-4.29,0.74,9.14
-4.29,0.74,9.14
-4.08,0.34,9.02
-3.66,0.49,8.61
-3.66,0.49,8.61
-3.64,0.14,8.79
-3.64,0.14,8.79
-3.64,0.14,8.79
-3.94,0.35,9.22
-3.94,0.35,9.22
-3.94,0.35,9.22
-4.18,0.88,9.59
-4.18,0.88,9.59
-4.18,0.88,9.59
-3.67,0.37,9.42
-3.67,0.37,9.42
-3.67,0.37,9.42
-3.51,1.2,9.27
-3.51,1.2,9.27
-3.51,1.2,9.27
-3.84,0.75,9.4
-3.84,0.75,9.4
-3.84,0.75,9.4
-3.53,0.68,9.49
-3.53,0.68,9.49
-3.53,0.68,9.49
-3.93,1.02,9.12
-3.93,1.02,9.12
-4.06,1.09,9.18
-4.3,1.45,9.0
-4.3,1.45,9.0
-4.3,1.45,9.0
-4.12,1.54,9.13
-4.12,1.54,9.13
-4.12,1.54,9.13
-4.02,1.25,9.29
-4.02,1.25,9.29
-4.02,1.25,9.29
-3.89,1.25,9.29
-3.89,1.25,9.29
-3.89,1.25,9.29
-3.59,1.02,9.25
-3.59,1.02,9.25
-3.59,1.02,9.25
-3.62,1.03,9.41
-3.62,1.03,9.41
-3.62,1.03,9.41
-3.53,1.01,9.55
-3.53,1.01,9.55
-3.53,1.01,9.55
-3.28,1.25,9.83
-3.28,1.25,9.83
-3.28,1.25,9.83
-3.3,1.19,9.89
-3.3,1.19,9.89
-3.3,1.19,9.89
-3.28,1.0,9.67
-3.28,1.0,9.67
-3.28,1.0,9.67
-3.14,1.1,9.61
-3.14,1.1,9.61
-3.14,1.1,9.61
-3.21,0.83,9.54
-3.21,0.83,9.54
-3.21,0.83,9.54
-3.49,0.63,9.29
-3.49,0.63,9.29
-3.49,0.63,9.29
-3.45,0.72,9.08
-3.45,0.72,9.08
-3.45,0.72,9.08
-3.54,0.61,9.32
-3.54,0.61,9.32
-3.73,1.07,9.3
-3.73,1.07,9.3
-3.73,1.07,9.3
-3.34,1.18,8.82
-3.34,1.18,8.82
-3.34,1.18,8.82
-3.97,1.91,8.62
-3.97,1.91,8.62
-3.97,1.91,8.62
-3.97,0.82,9.1
-3.97,0.82,9.1
-3.97,0.82,9.1
-3.59,0.64,9.54
-3.59,0.64,9.54
-3.52,0.73,9.64
-4.02,1.3,9.56
-4.02,1.3,9.56
-4.02,1.3,9.56
-3.94,1.47,9.33
-3.94,1.47,9.33
-3.94,1.47,9.33
-3.85,1.31,9.13
-3.85,1.31,9.13
-3.85,1.31,9.13
-3.84,1.1,8.99
-3.84,1.1,8.99
-3.84,1.07,9.45
-3.94,0.92,9.5
-3.94,0.92,9.5
-3.94,0.92,9.5
-3.61,0.57,9.11
-3.61,0.57,9.11
-3.61,0.57,9.11
-4.32,1.01,9.15
-4.32,1.01,9.15
-4.32,1.01,9.15
-4.19,0.74,9.41
-4.19,0.74,9.41
-4.19,0.74,9.41
-4.04,0.5,9.24
-4.04,0.5,9.24
-4.04,0.5,9.24
-4.02,0.73,8.99
-4.02,0.73,8.99
-4.02,0.73,8.99
-3.97,0.78,8.94
-3.97,0.78,8.94
-3.97,0.78,8.94
-4.05,0.82,8.93
-4.05,0.82,8.93
-4.05,0.82,8.93
-4.31,0.94,8.82
-4.31,0.94,8.82
-4.31,0.94,8.82
-3.99,0.72,8.75
-3.99,0.72,8.75
-3.99,0.72,8.75
-4.1,0.63,9.19
-4.1,0.63,9.19
-4.1,0.63,9.19
-4.12,0.82,9.28
-4.12,0.82,9.28
-4.3,0.61,9.13
-4.49,0.83,9.0
-4.49,0.83,9.0
-4.49,0.83,9.0
-4.17,0.9,8.91
-4.17,0.9,8.91
-4.17,0.9,8.91
-4.38,1.13,9.23
-4.38,1.13,9.23
-4.38,1.13,9.23
-4.25,0.15,9.46
-4.25,0.15,9.46
-3.93,0.08,9.38
-3.89,0.79,9.31
-3.89,0.79,9.31
-3.89,0.79,9.31
-3.86,0.46,9.46
-3.86,0.46,9.46
-3.86,0.46,9.46
-3.99,0.72,9.68
-3.99,0.72,9.68
-3.98,0.52,9.54
-3.71,0.11,9.34
-3.71,0.11,9.34
-3.68,0.11,9.42
-3.65,0.23,9.3
-3.65,0.23,9.3
-3.65,0.23,9.3
-3.4,-0.97,9.82
-3.4,-0.97,9.82
-3.4,-0.97,9.82
-3.81,0.22,9.78
-3.81,0.22,9.78
-3.81,0.22,9.78
-3.55,-0.54,9.58
-3.34,-0.69,9.62
-3.34,-0.69,9.62
-2.9,-0.11,10.08
-2.9,-0.11,10.08
-2.9,-0.11,10.08
-2.71,-0.44,9.72
-2.71,-0.44,9.72
-2.71,-0.44,9.72
-2.46,-0.55,9.74
-2.46,-0.55,9.74
-2.46,-0.55,9.74
-2.63,-1.28,10.01
-2.63,-1.28,10.01
-2.63,-1.28,10.01
-2.44,-0.62,9.9
-2.44,-0.62,9.9
-2.44,-0.62,9.9
-2.11,-1.48,9.99
-2.11,-1.48,9.99
-2.11,-1.48,9.99
-2.15,-0.03,9.63
-2.15,-0.03,9.63
-2.15,-0.03,9.63
-2.16,-2.11,9.66
-2.16,-2.11,9.66
-2.16,-2.11,9.66
-2.06,-1.28,10.0
-2.06,-1.28,10.0
-2.06,-1.28,10.0
-1.67,-1.72,9.79
-1.67,-1.72,9.79
-1.67,-1.72,9.79
-2.51,-2.52,9.74
-2.51,-2.52,9.74
-2.33,-2.57,9.77
-2.05,-3.25,9.95
-2.05,-3.25,9.95
-2.05,-3.25,9.95
-1.83,-3.6,10.04
-1.83,-3.6,10.04
-1.83,-3.6,10.04
-1.98,-3.12,10.05
-1.98,-3.12,10.05
-1.98,-3.12,10.05
-1.89,-2.63,9.72
-1.47,-3.18,9.98
-1.47,-3.18,9.98
-1.03,-3.83,9.83
-1.03,-3.83,9.83
-1.03,-3.83,9.83
-0.93,-4.31,9.71
-0.93,-4.31,9.71
-0.93,-4.31,9.71
-1.08,-4.18,9.61
-1.08,-4.18,9.61
-1.08,-4.18,9.61
-1.27,-5.25,9.41
-1.12,-5.58,9.72
-1.12,-5.58,9.72
-0.9,-5.72,9.51
-0.9,-5.72,9.51
-0.9,-5.72,9.51
-1.01,-5.87,9.08
-1.01,-5.87,9.08
-1.01,-5.87,9.08
-0.45,-5.32,8.69
-0.45,-5.32,8.69
-0.45,-5.32,8.69
-0.95,-5.6,8.35
-0.95,-5.6,8.35
-1.26,-5.76,8.0
-1.1,-5.79,7.46
-1.1,-5.79,7.46
-1.03,-7.14,7.55
-1.03,-7.14,7.55
-1.03,-7.14,7.55
-0.72,-6.88,7.35
-0.72,-6.88,7.35
-0.72,-6.88,7.35
0.11,-5.81,6.86
0.11,-5.81,6.86
0.11,-5.81,6.86
0.45,-6.86,6.47
0.45,-6.86,6.47
0.45,-6.86,6.47
0.45,-7.12,5.98
0.45,-7.12,5.98
0.45,-7.12,5.98
0.7,-7.85,6.31
0.7,-7.85,6.31
0.7,-7.85,6.31
0.67,-7.99,5.88
0.67,-7.99,5.88
1.2,-7.54,5.44
1.49,-7.73,5.26
1.49,-7.73,5.26
1.49,-7.73,5.26
1.86,-7.46,5.13
1.86,-7.46,5.13
1.86,-7.46,5.13
1.93,-7.66,4.92
1.93,-7.66,4.92
1.93,-7.66,4.92
2.15,-8.27,4.72
2.15,-8.27,4.72
2.04,-8.02,4.4
2.1,-8.55,4.52
2.1,-8.55,4.52
2.1,-8.55,4.52
2.48,-8.27,4.39
2.48,-8.27,4.39
2.48,-8.27,4.39
4.31,-7.9,3.53
4.31,-7.9,3.53
4.31,-7.9,3.53
3.2,-8.61,4.16
3.2,-8.61,4.16
3.42,-8.56,4.13
3.2,-8.2,3.97
3.2,-8.2,3.97
3.2,-8.2,3.97
3.27,-8.3,3.6
3.27,-8.3,3.6
3.27,-8.3,3.6
3.4,-8.84,3.39
3.4,-8.84,3.39
3.4,-8.84,3.39
3.29,-8.4,3.27
3.29,-8.4,3.27
3.31,-8.7,3.29
3.13,-8.07,3.09
3.13,-8.07,3.09
3.13,-8.07,3.09
2.91,-8.37,2.8
2.91,-8.37,2.8
2.91,-8.37,2.8
2.97,-7.94,2.39
2.97,-7.94,2.39
2.97,-7.94,2.39
3.29,-7.68,2.43
3.29,-7.68,2.43
3.37,-7.74,2.29
3.28,-7.95,2.59
3.28,-7.95,2.59
3.28,-7.95,2.59
3.29,-9.34,2.83
3.29,-9.34,2.83
3.29,-9.34,2.83
3.17,-8.89,2.51
3.17,-8.89,2.51
3.17,-8.89,2.51
3.57,-9.02,2.58
3.57,-9.02,2.58
3.69,-8.09,2.54
3.48,-8.5,2.36
3.48,-8.5,2.36
3.47,-9.1,2.58
3.47,-9.1,2.58
3.47,-9.1,2.58
2.83,-8.87,2.64
2.83,-8.87,2.64
2.83,-8.87,2.64
3.41,-9.41,2.59
3.22,-8.83,2.75
3.22,-8.83,2.75
3.28,-8.99,2.75
3.28,-8.99,2.75
3.28,-8.99,2.75
3.44,-9.56,2.74
3.44,-9.56,2.74
3.44,-9.56,2.74
3.29,-9.06,2.69
3.29,-9.06,2.69
3.29,-9.06,2.69
3.25,-8.61,2.5
3.27,-8.16,2.13
3.13,-8.7,2.72
3.13,-8.7,2.72
3.13,-8.7,2.72
3.06,-8.88,2.52
3.06,-8.88,2.52
3.06,-8.88,2.52
3.08,-9.69,2.59
3.08,-9.69,2.59
3.25,-9.09,2.72
3.13,-8.5,2.42
3.13,-8.5,2.42
3.02,-9.0,2.46
3.17,-8.45,2.49
3.17,-8.45,2.49
3.17,-8.45,2.49
3.39,-9.51,2.55
3.39,-9.51,2.55
3.39,-9.51,2.55
3.23,-8.5,2.86
3.23,-8.5,2.86
3.23,-8.5,2.86
3.03,-9.23,2.82
2.98,-8.82,2.75
2.98,-8.82,2.75
2.72,-9.92,2.89
2.72,-9.92,2.89
2.72,-9.92,2.89
2.99,-8.89,2.72
2.99,-8.89,2.72
2.99,-8.89,2.72
3.15,-9.13,2.59
3.15,-9.13,2.59
3.03,-8.48,2.58
2.95,-8.48,2.56
2.87,-8.71,2.57
2.87,-8.71,2.57
2.91,-9.18,2.94
2.91,-9.18,2.94
2.91,-9.18,2.94
2.67,-9.25,3.01
2.67,-9.25,3.01
2.67,-9.25,3.01
2.59,-9.3,2.72
2.59,-9.3,2.72
2.62,-9.06,2.63
2.67,-9.16,2.74
2.6,-9.32,3.0
2.6,-9.32,3.0
2.5,-8.79,2.64
2.5,-8.79,2.64
2.5,-8.79,2.64
2.75,-9.32,2.99
2.75,-9.32,2.99
2.75,-9.32,2.99
2.57,-8.91,2.68
2.57,-8.91,2.68
2.57,-8.91,2.68
2.65,-8.97,2.83
2.65,-8.97,2.83
2.65,-8.97,2.83
2.52,-8.91,2.88
2.52,-8.91,2.88
2.52,-8.91,2.88
2.71,-9.3,2.88
2.71,-9.3,2.88
2.71,-9.3,2.88
2.73,-9.31,3.04
2.73,-9.31,3.04
2.73,-9.31,3.04
2.54,-8.91,2.59
2.54,-8.91,2.59
2.54,-8.91,2.59
2.51,-8.85,2.74
2.51,-8.85,2.74
2.51,-8.85,2.74
2.59,-9.21,2.74
2.59,-9.21,2.74
2.59,-9.21,2.74
2.83,-9.18,2.69
2.83,-9.18,2.69
2.83,-9.18,2.69
2.74,-9.21,2.98
2.74,-9.21,2.98
2.74,-9.21,2.98
2.46,-8.89,2.72
2.46,-8.89,2.72
2.46,-8.89,2.72
2.49,-9.27,2.77
2.49,-9.27,2.77
2.49,-9.27,2.77
2.45,-9.18,2.76
2.45,-9.18,2.76
2.45,-9.18,2.76
2.49,-9.09,2.6
2.49,-9.09,2.6
2.52,-8.98,2.71
2.51,-9.23,2.71
2.51,-9.23,2.71
2.51,-9.23,2.71
2.49,-8.96,2.72
2.49,-8.96,2.72
2.49,-8.96,2.72
2.59,-9.24,2.92
2.59,-9.24,2.92
2.59,-9.24,2.92
2.54,-9.31,2.79
2.54,-9.31,2.79
2.54,-9.31,2.79
2.56,-9.17,2.91
2.56,-9.17,2.91
2.56,-9.17,2.91
2.55,-8.95,2.75
2.55,-8.95,2.75
2.55,-8.95,2.75
2.58,-9.08,2.95
2.58,-9.08,2.95
2.5,-8.9,2.95
2.4,-9.17,3.08
2.4,-9.17,3.08
2.4,-9.17,3.08
2.25,-9.17,2.93
2.25,-9.17,2.93
2.25,-9.17,2.93
2.36,-9.23,3.05
2.36,-9.23,3.05
2.36,-9.23,3.05
2.43,-8.99,3.12
2.43,-8.99,3.12
2.5,-8.75,3.07
2.52,-8.83,3.06
2.54,-8.92,3.08
2.54,-8.92,3.08
2.5,-9.15,2.92
2.5,-9.15,2.92
2.5,-9.15,2.92
2.31,-9.15,2.9
2.31,-9.15,2.9
2.31,-9.15,2.9
2.36,-9.11,2.86
2.36,-9.11,2.86
2.36,-9.11,2.86
2.34,-8.78,3.08
2.34,-8.78,3.08
2.38,-8.94,3.17
2.39,-9.18,3.08
2.39,-9.18,3.08
2.39,-9.18,3.08
2.33,-9.11,3.21
2.33,-9.11,3.21
2.12,-9.12,2.97
2.12,-9.12,2.97
2.1,-8.97,2.82
2.25,-8.97,2.92
2.25,-8.97,2.92
2.25,-8.97,2.92
2.19,-9.04,2.91
2.19,-9.04,2.91
2.19,-9.04,2.91
2.5,-9.04,3.0
2.5,-9.04,3.0
2.5,-9.04,3.0
2.44,-9.24,3.14
2.44,-9.24,3.14
2.44,-9.24,3.14
2.32,-9.14,3.2
2.13,-8.95,3.04
2.13,-8.95,3.04
2.04,-9.17,2.98
2.04,-9.17,2.98
2.04,-9.17,2.98
2.2,-9.24,2.95
2.2,-9.24,2.95
2.2,-9.24,2.95
2.37,-8.85,3.03
2.37,-8.85,3.03
2.29,-8.86,3.11
2.09,-9.15,3.19
2.09,-9.15,3.19
2.09,-9.15,3.19
2.4,-8.93,2.73
2.4,-8.93,2.73
2.4,-8.93,2.73
2.19,-8.83,3.0
2.19,-8.83,3.0
2.19,-8.83,3.0
2.29,-8.77,2.99
2.29,-8.77,2.99
2.33,-9.13,2.83
2.33,-9.13,2.83
2.33,-9.13,2.83
2.24,-8.88,2.81
2.24,-8.88,2.81
2.24,-8.88,2.81
2.45,-8.94,3.17
2.45,-8.94,3.17
2.45,-8.94,3.17
2.16,-8.52,3.31
2.16,-8.52,3.31
2.16,-8.52,3.31
2.05,-9.57,3.46
2.05,-9.57,3.46
2.05,-9.57,3.46
2.62,-9.84,3.88
2.62,-9.84,3.88
2.62,-9.84,3.88
1.44,-7.83,3.26
1.44,-7.83,3.26
1.44,-7.83,3.26
2.33,-9.77,3.52
2.33,-9.77,3.52
2.31,-9.34,3.34
1.73,-7.99,3.03
1.73,-7.99,3.03
1.73,-7.99,3.03
1.63,-9.45,3.85
1.63,-9.45,3.85
1.63,-9.45,3.85
2.43,-8.79,3.52
2.43,-8.79,3.52
2.43,-8.79,3.52
2.95,-8.42,3.74
2.95,-8.42,3.74
2.64,-8.47,3.48
2.54,-8.87,3.65
2.54,-8.87,3.65
2.54,-8.87,3.65
2.05,-8.89,3.34
2.05,-8.89,3.34
2.05,-8.89,3.34
3.29,-8.94,3.76
3.29,-8.94,3.76
3.29,-8.94,3.76
2.93,-9.03,3.91
2.93,-9.03,3.91
2.77,-8.96,4.08
1.9,-9.08,3.84
1.9,-9.08,3.84
1.9,-9.08,3.84
2.24,-8.86,3.89
2.24,-8.86,3.89
2.24,-8.86,3.89
2.15,-8.63,3.98
2.15,-8.63,3.98
2.15,-8.63,3.98
1.89,-8.83,3.93
1.89,-8.83,3.93
1.89,-8.83,3.93
2.49,-8.82,4.2
2.49,-8.82,4.2
2.49,-8.82,4.2
3.12,-8.79,3.5
3.12,-8.79,3.5
3.12,-8.79,3.5
3.05,-9.35,3.58
3.05,-9.35,3.58
3.05,-9.35,3.58
2.7,-9.03,3.78
2.7,-9.03,3.78
2.74,-8.92,3.83
2.22,-9.46,3.88
2.22,-9.46,3.88
2.22,-9.46,3.88
2.29,-9.1,4.05
2.29,-9.1,4.05
2.29,-9.1,4.05
2.36,-8.81,3.69
2.36,-8.81,3.69
2.21,-8.25,3.58
1.94,-9.44,4.1
1.94,-9.44,4.1
1.93,-10.01,4.06
1.81,-9.06,3.6
1.81,-9.06,3.6
1.81,-9.06,3.6
2.4,-9.51,2.99
2.4,-9.51,2.99
2.4,-9.51,2.99
2.84,-8.79,2.96
2.84,-8.79,2.96
2.84,-8.79,2.96
2.38,-9.5,2.49
2.38,-9.5,2.49
2.38,-9.5,2.49
2.72,-10.3,2.33
2.72,-10.3,2.33
2.72,-10.3,2.33
2.11,-9.52,3.0
2.11,-9.52,3.0
2.11,-9.52,3.0
1.4,-9.21,2.15
1.4,-9.21,2.15
1.7,-9.11,2.37
3.24,-10.37,2.4
3.24,-10.37,2.4
2.28,-10.13,1.17
2.56,-9.87,1.22
2.56,-9.87,1.22
2.56,-9.87,1.22
0.86,-8.63,1.17
0.86,-8.63,1.17
0.86,-8.63,1.17
1.83,-8.21,1.4
1.83,-8.21,1.4
1.83,-8.21,1.4
1.83,-9.9,0.7
1.83,-9.9,0.7
1.83,-9.9,0.7
1.68,-7.82,-0.23
1.68,-7.82,-0.23
1.68,-7.82,-0.23
2.72,-9.84,-0.39
2.72,-9.84,-0.39
2.72,-9.84,-0.39
1.39,-9.17,0.19
1.39,-9.17,0.19
1.39,-9.17,0.19
3.25,-9.81,-0.39
1.36,-10.88,-0.29
0.53,-8.15,0.34
0.53,-8.15,0.34
0.53,-8.15,0.34
1.29,-9.49,-0.59
1.29,-9.49,-0.59
1.29,-9.49,-0.59
3.56,-10.75,-1.46
3.56,-10.75,-1.46
3.56,-10.75,-1.46
0.84,-10.55,-1.03
0.84,-10.55,-1.03
0.84,-10.55,-1.03
1.36,-7.42,-0.93
1.36,-7.42,-0.93
1.36,-7.42,-0.93
1.09,-10.94,-0.91
1.09,-10.94,-0.91
1.09,-10.94,-0.91
2.08,-8.87,-1.37
1.28,-10.23,-1.22
1.28,-10.23,-1.22
0.34,-9.73,-1.63
0.34,-9.73,-1.63
0.34,-9.73,-1.63
2.51,-9.82,-1.36
2.51,-9.82,-1.36
2.51,-9.82,-1.36
0.9,-7.91,-2.04
0.9,-7.91,-2.04
0.9,-7.91,-2.04
1.36,-9.9,-1.85
1.36,-9.9,-1.85
1.36,-9.9,-1.85
1.81,-10.06,-1.85
1.81,-10.06,-1.85
1.81,-10.06,-1.85
1.35,-8.28,-1.87
1.35,-8.28,-1.87
1.35,-8.28,-1.87
0.29,-9.28,-1.68
0.29,-9.28,-1.68
0.29,-9.28,-1.68
1.17,-8.93,-1.44
1.17,-8.93,-1.44
1.41,-8.94,-1.5
1.13,-9.47,-1.68
1.13,-9.47,-1.68
1.21,-10.12,-1.48
1.27,-9.4,-1.73
1.27,-9.4,-1.73
1.27,-9.4,-1.73
1.42,-10.08,-1.47
1.42,-10.08,-1.47
1.42,-10.08,-1.47
1.26,-9.4,-1.47
1.26,-9.4,-1.47
1.26,-9.4,-1.47
0.73,-9.54,-1.6
0.73,-9.54,-1.6
0.73,-9.54,-1.6
1.85,-8.75,-1.89
1.85,-8.75,-1.89
1.85,-8.75,-1.89
0.45,-8.6,-1.55
0.45,-8.6,-1.55
0.45,-8.6,-1.55
1.59,-9.79,-1.78
1.59,-9.79,-1.78
0.7,-9.8,-1.53
1.55,-9.62,-1.75
1.55,-9.62,-1.75
1.55,-9.62,-1.75
1.41,-9.07,-2.21
1.41,-9.07,-2.21
1.41,-9.07,-2.21
1.26,-9.74,-1.65
1.26,-9.74,-1.65
1.26,-9.74,-1.65
1.51,-8.32,-1.72
1.51,-8.32,-1.72
1.56,-9.26,-1.64
0.89,-9.83,-1.72
0.89,-9.83,-1.72
0.89,-9.83,-1.72
2.01,-8.97,-1.87
2.01,-8.97,-1.87
2.01,-8.97,-1.87
0.77,-9.68,-1.34
0.77,-9.68,-1.34
0.77,-9.68,-1.34
1.39,-9.24,-1.94
1.39,-9.24,-1.94
1.39,-9.24,-1.94
1.13,-9.33,-1.42
1.11,-8.71,-1.7
1.11,-8.71,-1.7
1.55,-9.7,-1.97
1.55,-9.7,-1.97
1.55,-9.7,-1.97
1.25,-9.07,-1.83
1.25,-9.07,-1.83
1.25,-9.07,-1.83
1.33,-8.87,-1.56
1.33,-8.87,-1.56
0.73,-9.62,-1.61
1.9,-9.44,-1.82
1.9,-9.44,-1.82
1.9,-9.44,-1.82
1.01,-9.41,-1.59
1.01,-9.41,-1.59
1.01,-9.41,-1.59
1.4,-9.26,-1.65
1.4,-9.26,-1.65
1.4,-9.26,-1.65
0.76,-9.2,-1.72
0.76,-9.2,-1.72
1.14,-9.34,-1.69
1.33,-9.54,-1.61
1.42,-9.12,-1.84
1.42,-9.12,-1.84
0.87,-9.32,-1.8
0.87,-9.32,-1.8
0.87,-9.32,-1.8
1.22,-8.86,-1.81
1.22,-8.86,-1.81
0.85,-9.22,-1.63
1.08,-9.24,-1.62
1.53,-9.1,-1.85
1.53,-9.1,-1.85
0.83,-9.85,-1.76
0.83,-9.85,-1.76
0.83,-9.85,-1.76
1.69,-9.18,-1.82
1.69,-9.18,-1.82
1.69,-9.18,-1.82
0.95,-9.51,-1.63
0.95,-9.51,-1.63
1.31,-9.18,-1.79
1.38,-9.47,-1.55
1.38,-9.47,-1.55
1.06,-9.53,-1.37
1.15,-9.13,-1.88
1.15,-9.13,-1.88
1.15,-9.13,-1.88
1.5,-9.2,-1.77
1.5,-9.2,-1.77
1.5,-9.2,-1.77
1.21,-9.7,-1.81
1.21,-9.7,-1.81
1.21,-9.7,-1.81
1.28,-9.16,-1.67
1.28,-9.16,-1.67
1.28,-9.16,-1.67
1.28,-9.03,-2.04
1.28,-9.03,-2.04
1.28,-9.03,-2.04
1.26,-9.29,-1.7
1.26,-9.29,-1.7
1.26,-9.29,-1.7
0.89,-9.29,-1.71
0.89,-9.29,-1.71
0.89,-9.29,-1.71
0.87,-9.09,-1.74
0.87,-9.09,-1.74
0.87,-9.09,-1.74
1.78,-9.07,-1.82
1.78,-9.07,-1.82
1.78,-9.07,-1.82
1.26,-9.54,-1.93
1.26,-9.54,-1.93
1.54,-9.21,-1.65
1.54,-9.21,-1.65
1.54,-9.21,-1.65
0.5,-9.75,-1.65
0.5,-9.75,-1.65
1.3,-9.66,-1.79
1.1,-9.19,-1.69
1.1,-9.19,-1.69
1.1,-9.19,-1.69
1.63,-9.11,-1.75
1.63,-9.11,-1.75
1.63,-9.11,-1.75
0.55,-9.57,-1.74
0.55,-9.57,-1.74
1.01,-9.35,-1.55
1.01,-9.35,-1.55
1.01,-9.35,-1.55
1.43,-9.13,-1.68
1.43,-9.13,-1.68
1.43,-9.13,-1.68
1.37,-9.26,-1.92
1.37,-9.26,-1.92
1.37,-9.26,-1.92
1.41,-9.47,-1.72
1.41,-9.47,-1.72
1.41,-9.47,-1.72
1.17,-9.28,-1.72
1.17,-9.28,-1.72
1.14,-9.48,-1.85
1.32,-9.02,-1.71
1.32,-9.02,-1.71
1.32,-9.02,-1.71
0.98,-9.46,-1.71
0.98,-9.46,-1.71
0.98,-9.46,-1.71
1.49,-9.04,-1.69
1.49,-9.04,-1.69
1.49,-9.04,-1.69
0.97,-9.3,-1.47
0.97,-9.3,-1.47
0.97,-9.3,-1.47
1.17,-9.76,-1.71
1.17,-9.76,-1.71
1.17,-9.76,-1.71
1.42,-8.93,-1.86
1.42,-8.93,-1.86
1.42,-8.93,-1.86
1.22,-9.62,-1.85
1.22,-9.62,-1.85
1.22,-9.62,-1.85
1.35,-9.41,-1.75
1.35,-9.41,-1.75
1.51,-9.31,-1.74
1.03,-9.32,-1.58
1.03,-9.32,-1.58
1.03,-9.32,-1.58
1.46,-9.26,-1.72
1.46,-9.26,-1.72
1.46,-9.26,-1.72
0.99,-9.56,-1.62
0.99,-9.56,-1.62
0.99,-9.56,-1.62
1.64,-9.21,-1.87
1.44,-9.5,-1.78
1.44,-8.95,-1.77
1.44,-8.95,-1.77
1.44,-8.95,-1.77
1.58,-9.59,-1.81
1.58,-9.59,-1.81
1.58,-9.59,-1.81
1.2,-8.95,-1.71
1.2,-8.95,-1.71
1.2,-8.95,-1.71
1.09,-9.34,-1.37
1.09,-9.34,-1.37
1.09,-9.34,-1.37
1.2,-9.89,-1.6
1.2,-9.89,-1.6
1.2,-9.89,-1.6
1.71,-9.14,-1.65
1.71,-9.14,-1.65
1.71,-9.14,-1.65
1.06,-9.52,-1.49
1.06,-9.52,-1.49
1.06,-9.52,-1.49
0.77,-8.97,-1.52
0.77,-8.97,-1.52
1.02,-9.29,-1.41
1.59,-9.77,-1.67
1.59,-9.77,-1.67
1.59,-9.77,-1.67
1.42,-9.52,-1.64
1.42,-9.52,-1.64
1.42,-9.52,-1.64
1.38,-9.29,-1.67
1.38,-9.29,-1.67
1.38,-9.29,-1.67
1.11,-9.11,-1.37
1.11,-9.11,-1.37
1.16,-8.9,-1.47
1.4,-9.35,-1.71
1.4,-9.35,-1.71
1.4,-9.35,-1.71
1.59,-9.74,-1.64
1.59,-9.74,-1.64
1.59,-9.74,-1.64
1.26,-9.24,-1.82
1.26,-9.24,-1.82
0.9,-9.52,-1.57
1.37,-8.99,-1.55
1.37,-8.99,-1.55
1.37,-9.29,-1.67
1.14,-9.44,-1.61
1.14,-9.44,-1.61
1.5,-9.28,-1.66
1.5,-9.28,-1.66
1.5,-9.28,-1.66
1.11,-9.05,-1.59
1.11,-9.05,-1.59
1.4,-9.14,-1.8
1.58,-9.82,-1.59
0.79,-10.25,-1.3
0.79,-10.25,-1.3
1.74,-8.78,-1.93
1.74,-8.78,-1.93
1.74,-8.78,-1.93
1.07,-9.45,-1.79
1.07,-9.45,-1.79
1.07,-9.45,-1.79
1.64,-9.74,-1.75
1.64,-9.74,-1.75
1.49,-9.53,-1.56
0.89,-9.35,-1.54
0.89,-9.35,-1.54
0.99,-9.04,-1.57
1.05,-9.67,-1.42
1.05,-9.67,-1.42
1.05,-9.67,-1.42
1.59,-9.21,-1.6
1.59,-9.21,-1.6
1.59,-9.21,-1.6
1.23,-9.19,-1.81
1.23,-9.19,-1.81
1.48,-8.74,-1.76
1.3,-9.99,-1.55
1.3,-9.99,-1.55
1.3,-9.99,-1.55
1.21,-9.7,-1.64
1.21,-9.7,-1.64
1.21,-9.7,-1.64
1.49,-8.72,-1.89
1.49,-8.72,-1.89
1.49,-8.72,-1.89
1.0,-8.99,-1.47
1.0,-8.99,-1.47
1.0,-8.99,-1.47
1.11,-9.42,-1.57
1.11,-9.42,-1.57
1.11,-9.42,-1.57
1.2,-9.68,-1.7
1.2,-9.68,-1.7
1.2,-9.68,-1.7
1.16,-9.2,-1.8
1.16,-9.2,-1.8
1.16,-9.2,-1.8
1.47,-9.18,-1.75
1.47,-9.18,-1.75
1.47,-9.18,-1.75
1.53,-9.2,-1.7
1.53,-9.2,-1.7
1.12,-9.62,-1.65
1.12,-9.62,-1.65
1.12,-9.62,-1.65
1.38,-9.32,-1.62
1.38,-9.32,-1.62
1.38,-9.32,-1.62
1.14,-9.37,-1.66
1.14,-9.37,-1.66
1.57,-8.84,-1.67
1.08,-9.78,-1.51
1.08,-9.78,-1.51
1.08,-9.78,-1.51
0.95,-9.25,-1.66
0.95,-9.25,-1.66
0.95,-9.25,-1.66
1.92,-9.15,-2.0
1.92,-9.15,-2.0
1.92,-9.15,-2.0
0.99,-9.54,-1.66
0.99,-9.54,-1.66
0.99,-9.54,-1.66
0.98,-9.44,-1.52
0.98,-9.44,-1.52
0.98,-9.44,-1.52
1.52,-9.17,-1.63
1.52,-9.17,-1.63
1.52,-9.17,-1.63
1.46,-9.47,-1.71
1.46,-9.47,-1.71
1.46,-9.47,-1.71
1.25,-9.4,-1.56
1.25,-9.4,-1.56
1.29,-9.18,-1.51
0.81,-9.52,-1.67
0.81,-9.52,-1.67
0.81,-9.52,-1.67
1.83,-8.99,-1.8
1.83,-8.99,-1.8
1.83,-8.99,-1.8
0.82,-9.5,-1.66
0.82,-9.5,-1.66
0.82,-9.5,-1.66
0.91,-9.65,-1.67
0.91,-9.65,-1.67
0.91,-9.65,-1.67
1.5,-9.3,-1.54
1.5,-9.3,-1.54
1.5,-9.3,-1.54
0.94,-9.16,-1.46
0.94,-9.16,-1.46
0.94,-9.16,-1.46
1.59,-9.43,-1.76
1.59,-9.43,-1.76
1.59,-9.43,-1.76
1.15,-9.75,-1.67
1.15,-9.75,-1.67
1.15,-9.75,-1.67
1.39,-8.74,-1.9
1.39,-8.74,-1.9
1.39,-8.74,-1.9
1.11,-9.16,-1.68
1.11,-9.16,-1.68
1.11,-9.16,-1.68
1.11,-9.39,-1.69
1.11,-9.39,-1.69
1.11,-9.39,-1.69
1.18,-9.65,-1.74
1.18,-9.65,-1.74
1.36,-9.31,-1.76
1.17,-9.09,-1.72
1.17,-9.09,-1.72
1.17,-9.09,-1.72
1.28,-9.4,-1.74
1.28,-9.4,-1.74
1.28,-9.4,-1.74
1.35,-9.74,-1.57
1.35,-9.74,-1.57
1.35,-9.74,-1.57
1.7,-9.29,-1.85
1.7,-9.29,-1.85
1.33,-8.81,-1.63
1.33,-8.81,-1.63
1.33,-8.81,-1.63
1.05,-9.7,-1.78
1.05,-9.7,-1.78
1.05,-9.7,-1.78
1.43,-8.75,-1.72
1.43,-8.75,-1.72
1.43,-8.75,-1.72
0.91,-9.35,-1.81
1.56,-8.99,-1.81
1.56,-8.99,-1.81
1.06,-9.69,-1.8
1.06,-9.69,-1.8
1.06,-9.69,-1.8
1.4,-9.22,-1.82
1.4,-9.22,-1.82
1.4,-9.22,-1.82
1.12,-9.18,-1.82
1.12,-9.18,-1.82
1.12,-9.18,-1.82
1.37,-9.24,-1.59
1.37,-9.24,-1.59
1.52,-8.91,-1.71
0.9,-9.58,-1.77
0.9,-9.58,-1.77
0.9,-9.58,-1.77
1.25,-9.16,-1.64
1.25,-9.16,-1.64
1.25,-9.16,-1.64
1.42,-9.13,-1.85
1.42,-9.13,-1.85
1.42,-9.13,-1.85
1.3,-9.21,-1.87
1.3,-9.21,-1.87
1.13,-9.57,-1.74
1.41,-9.4,-1.78
1.41,-9.4,-1.78
1.41,-9.4,-1.78
1.0,-9.51,-1.67
1.0,-9.51,-1.67
1.0,-9.51,-1.67
1.45,-8.9,-1.75
1.45,-8.9,-1.75
1.45,-8.9,-1.75
1.17,-9.45,-1.63
1.17,-9.45,-1.63
1.43,-9.15,-1.78
1.26,-9.41,-1.56
1.26,-9.41,-1.56
1.26,-9.41,-1.56
1.13,-9.52,-1.79
1.13,-9.52,-1.79
1.13,-9.52,-1.79
1.67,-8.96,-1.87
1.67,-8.96,-1.87
1.67,-8.96,-1.87
0.87,-9.4,-1.75
0.87,-9.4,-1.75
1.14,-9.46,-1.69
1.35,-8.93,-1.66
1.35,-8.93,-1.66
1.35,-8.93,-1.66
1.22,-9.52,-1.56
1.22,-9.52,-1.56
1.22,-9.52,-1.56
1.35,-9.74,-1.65
1.35,-9.74,-1.65
1.35,-9.74,-1.65
1.3,-9.16,-1.61
1.3,-9.16,-1.61
1.37,-9.12,-1.76
1.17,-9.49,-1.85
1.17,-9.49,-1.85
1.17,-9.49,-1.85
1.92,-9.2,-1.72
1.92,-9.2,-1.72
1.92,-9.2,-1.72
0.94,-9.47,-1.8
0.94,-9.47,-1.8
1.53,-9.29,-1.7
1.46,-9.24,-1.56
1.46,-9.24,-1.56
1.07,-9.12,-1.64
1.42,-9.6,-1.52
1.42,-9.6,-1.52
1.42,-9.6,-1.52
1.18,-9.11,-1.6
1.18,-9.11,-1.6
1.18,-9.11,-1.6
1.07,-9.46,-1.49
1.07,-9.46,-1.49
1.38,-9.21,-1.55
1.29,-9.28,-1.98
1.29,-9.28,-1.98
1.29,-9.28,-1.98
1.81,-9.18,-1.8
1.81,-9.18,-1.8
1.81,-9.18,-1.8
1.29,-9.05,-2.19
1.29,-9.05,-2.19
1.29,-9.05,-2.19
2.69,-8.55,-3.27
3.65,-8.87,-3.01
3.65,-8.87,-3.01
-17.26,-5.18,11.4
-17.26,-5.18,11.4
