aX,aY,aZ
-23.93,1.82,-8.25
13.34,-7.05,0.68
13.34,-7.05,0.68
13.34,-7.05,0.68
11.6,-3.58,-14.36
11.6,-3.58,-14.36
11.6,-3.58,-14.36
6.52,-8.39,-9.02
6.52,-8.39,-9.02
6.52,-8.39,-9.02
2.44,-5.42,-7.15
0.96,-4.85,-6.98
0.96,-4.85,-6.98
-0.53,-5.82,-6.79
-0.53,-5.82,-6.79
-0.53,-5.82,-6.79
1.04,-4.7,-7.02
1.04,-4.7,-7.02
1.04,-4.7,-7.02
2.06,-4.92,-7.26
2.59,-5.02,-7.86
2.59,-5.02,-7.86
2.3,-5.17,-8.2
2.3,-5.17,-8.2
2.3,-5.17,-8.2
2.39,-5.52,-7.42
2.39,-5.52,-7.42
2.39,-5.52,-7.42
1.36,-4.93,-7.57
1.36,-4.93,-7.57
1.36,-4.93,-7.57
1.68,-5.38,-6.84
1.68,-5.38,-6.84
1.68,-5.38,-6.84
1.7,-5.2,-7.5
1.7,-5.2,-7.5
1.7,-5.2,-7.5
1.67,-5.91,-7.39
1.67,-5.91,-7.39
1.67,-5.91,-7.39
2.34,-5.67,-6.9
2.34,-5.67,-6.9
2.34,-5.67,-6.9
1.94,-6.59,-6.9
1.94,-6.59,-6.9
1.94,-6.59,-6.9
1.61,-6.65,-7.11
1.73,-6.04,-6.97
1.73,-6.04,-6.97
1.32,-6.54,-6.88
1.32,-6.54,-6.88
1.32,-6.54,-6.88
1.7,-7.13,-6.42
1.7,-7.13,-6.42
1.7,-7.13,-6.42
2.1,-6.11,-6.9
2.1,-6.11,-6.9
2.07,-6.38,-6.81
2.36,-6.36,-6.72
2.36,-6.36,-6.72
2.36,-6.36,-6.72
2.53,-6.62,-6.51
2.53,-6.62,-6.51
2.53,-6.62,-6.51
2.46,-5.91,-6.9
2.46,-5.91,-6.9
2.46,-5.91,-6.9
2.64,-6.87,-6.68
2.64,-6.87,-6.68
3.02,-6.46,-6.56
3.02,-6.46,-6.56
3.02,-6.46,-6.56
3.25,-6.48,-6.46
3.25,-6.48,-6.46
3.25,-6.48,-6.46
3.36,-6.67,-6.67
3.36,-6.67,-6.67
3.36,-6.67,-6.67
3.57,-6.43,-6.69
3.57,-6.43,-6.69
3.41,-6.26,-6.63
3.45,-6.03,-6.57
3.45,-6.03,-6.57
3.45,-6.03,-6.57
3.73,-6.17,-6.62
3.73,-6.17,-6.62
3.73,-6.17,-6.62
3.76,-5.74,-6.49
3.76,-5.74,-6.49
3.6,-5.17,-6.41
3.33,-5.0,-6.25
3.33,-5.0,-6.25
3.18,-5.26,-6.12
3.01,-5.48,-5.86
3.01,-5.48,-5.86
3.01,-5.48,-5.86
2.25,-4.93,-4.61
2.25,-4.93,-4.61
2.25,-4.93,-4.61
2.02,-4.67,-4.22
2.02,-4.67,-4.22
2.02,-4.67,-4.22
2.61,-6.7,-2.94
2.61,-6.7,-2.94
2.61,-6.7,-2.94
2.48,-4.97,-3.72
2.48,-4.97,-3.72
2.48,-4.97,-3.72
3.17,-7.52,-2.69
3.17,-7.52,-2.69
3.17,-7.52,-2.69
3.86,-9.42,-1.71
3.86,-9.42,-1.71
3.86,-9.42,-1.71
3.74,-11.19,-1.68
3.74,-11.19,-1.68
3.74,-11.19,-1.68
3.82,-10.21,-2.03
3.82,-10.21,-2.03
3.82,-10.21,-2.03
3.5,-10.61,-1.6
3.5,-10.61,-1.6
3.5,-10.61,-1.6
4.54,-10.04,-1.22
4.54,-10.04,-1.22
4.54,-10.04,-1.22
3.78,-10.28,-0.48
3.78,-10.28,-0.48
3.78,-10.28,-0.48
3.58,-9.39,0.39
3.58,-9.39,0.39
3.58,-9.39,0.39
3.12,-7.83,0.73
3.12,-7.83,0.73
3.12,-7.83,0.73
2.8,-6.66,-0.59
2.8,-6.66,-0.59
1.76,-7.93,0.03
0.46,-10.12,-0.13
0.46,-10.12,-0.13
0.46,-10.12,-0.13
0.18,-10.68,3.25
0.18,-10.68,3.25
0.18,-10.68,3.25
-1.53,-10.27,3.14
-1.53,-10.27,3.14
-1.53,-10.27,3.14
-1.33,-9.47,1.79
-1.33,-9.47,1.79
-1.33,-9.47,1.79
-1.99,-10.56,1.95
-1.99,-10.56,1.95
-2.43,-10.88,2.36
-3.49,-10.65,2.92
-3.49,-10.65,2.92
-3.49,-10.65,2.92
-4.33,-9.96,1.83
-4.33,-9.96,1.83
-4.33,-9.96,1.83
-2.91,-9.97,2.7
-2.91,-9.97,2.7
-2.91,-9.97,2.7
-3.97,-9.64,2.73
-3.97,-9.64,2.73
-3.97,-9.64,2.73
-1.72,-9.39,3.51
-1.72,-9.39,3.51
-1.72,-9.39,3.51
-3.02,-6.96,2.15
-3.02,-6.96,2.15
-3.02,-6.96,2.15
-2.6,-9.55,3.25
-2.6,-9.55,3.25
-2.35,-9.6,3.45
-2.35,-9.6,3.45
-2.72,-9.08,2.88
-2.88,-8.52,1.95
-2.88,-8.52,1.95
-2.88,-8.52,1.95
-3.16,-8.61,2.03
-3.16,-8.61,2.03
-3.16,-8.61,2.03
-3.47,-8.81,2.37
-3.47,-8.81,2.37
-3.47,-8.81,2.37
-3.68,-8.89,2.2
-3.68,-8.89,2.2
-3.44,-8.24,1.7
-3.13,-8.19,1.8
-3.13,-8.19,1.8
-3.13,-8.19,1.8
-2.86,-9.15,1.82
-2.86,-9.15,1.82
-2.86,-9.15,1.82
-2.23,-9.04,2.05
-2.23,-9.04,2.05
-2.3,-8.57,1.82
-2.7,-9.15,1.79
-2.7,-9.15,1.79
-2.7,-9.15,1.79
-2.59,-9.04,1.92
-2.59,-9.04,1.92
-2.59,-9.04,1.92
-2.53,-8.38,1.49
-2.53,-8.38,1.49
-2.53,-8.38,1.49
-2.76,-8.04,1.2
-2.91,-8.35,1.15
-2.91,-8.35,1.15
-2.58,-8.68,1.27
-2.58,-8.68,1.27
-2.58,-8.68,1.27
-2.75,-8.73,1.34
-2.75,-8.73,1.34
-2.75,-8.73,1.34
-2.85,-8.89,1.58
-2.85,-8.89,1.58
-2.85,-8.89,1.58
-3.02,-8.65,1.52
-3.02,-8.65,1.52
-3.13,-8.66,1.59
-3.23,-9.18,2.02
-3.23,-9.18,2.02
-3.23,-9.18,2.02
-3.19,-9.19,1.59
-3.19,-9.19,1.59
-3.19,-9.19,1.59
-3.36,-9.03,1.43
-3.36,-9.03,1.43
-3.36,-9.03,1.43
-3.65,-9.09,1.61
-3.65,-9.09,1.61
-3.37,-10.04,1.66
-3.02,-12.77,0.45
-3.02,-12.77,0.45
-3.81,-13.88,0.31
-3.32,-14.8,1.03
-3.32,-14.8,1.03
-3.32,-14.8,1.03
-2.27,-14.59,0.8
-2.27,-14.59,0.8
-1.88,-14.35,1.44
-1.57,-13.8,1.62
-1.2,-12.66,1.63
-1.2,-12.66,1.63
-0.68,-11.1,1.48
-0.68,-11.1,1.48
-0.68,-11.1,1.48
-0.33,-9.34,0.95
-0.33,-9.34,0.95
-0.33,-9.34,0.95
-0.48,-8.68,0.23
-0.48,-8.68,0.23
-0.48,-8.68,0.23
0.22,-7.59,0.07
0.87,-7.65,-0.2
0.87,-7.65,-0.2
1.46,-6.57,0.72
1.46,-6.57,0.72
1.46,-6.57,0.72
2.14,-5.41,-3.06
2.14,-5.41,-3.06
2.14,-5.41,-3.06
2.87,-4.7,-3.48
2.41,-4.02,-3.74
2.41,-4.02,-3.74
3.17,-3.57,-3.79
3.17,-3.57,-3.79
3.17,-3.57,-3.79
3.63,-3.14,-4.01
3.63,-3.14,-4.01
3.63,-3.14,-4.01
4.37,-2.77,-3.79
4.37,-2.77,-3.79
4.37,-2.77,-3.79
5.24,-4.36,-3.82
5.24,-4.36,-3.82
5.24,-4.36,-3.82
5.84,-3.92,-3.26
5.84,-3.92,-3.26
5.84,-3.92,-3.26
6.51,-5.26,-2.83
6.51,-5.26,-2.83
6.51,-5.26,-2.83
6.12,-4.94,-2.17
6.12,-4.94,-2.17
6.12,-4.94,-2.17
5.73,-5.81,-1.84
5.56,-6.07,-1.92
5.56,-6.07,-1.92
5.37,-5.67,-1.29
5.37,-5.67,-1.29
5.37,-5.67,-1.29
3.89,-5.02,-0.57
3.89,-5.02,-0.57
3.89,-5.02,-0.57
4.74,-6.9,-0.46
4.74,-6.9,-0.46
4.74,-6.9,-0.46
2.76,-5.69,-0.19
2.76,-5.69,-0.19
2.76,-5.69,-0.19
2.83,-7.5,0.41
2.83,-7.5,0.41
2.83,-7.5,0.41
2.86,-8.91,1.48
2.86,-8.91,1.48
2.86,-8.91,1.48
0.42,-8.31,0.08
0.42,-8.31,0.08
0.42,-8.31,0.08
0.45,-8.77,4.83
0.18,-12.38,3.88
0.18,-12.38,3.88
-1.53,-11.22,4.49
-1.53,-11.22,4.49
-1.53,-11.22,4.49
0.61,-11.27,5.24
0.61,-11.27,5.24
-0.85,-11.98,6.52
-0.85,-11.98,6.52
-0.85,-11.98,6.52
-0.66,-9.92,6.72
-0.66,-9.92,6.72
-0.66,-9.92,6.72
-1.05,-10.22,7.04
-1.05,-10.22,7.04
-1.05,-10.22,7.04
-1.59,-9.57,6.53
-1.59,-9.57,6.53
-1.59,-9.57,6.53
-2.11,-8.84,6.27
-2.11,-8.84,6.27
-2.11,-8.84,6.27
-1.93,-8.73,6.91
-1.93,-8.73,6.91
-2.02,-8.16,6.79
-2.8,-7.59,6.63
-2.8,-7.59,6.63
-2.8,-7.59,6.63
-2.45,-7.26,7.27
-2.45,-7.26,7.27
-2.45,-7.26,7.27
-3.09,-6.69,6.71
-3.09,-6.69,6.71
-3.09,-6.69,6.71
-3.25,-7.14,6.89
-3.25,-7.14,6.89
-3.25,-7.14,6.89
-3.15,-6.45,6.94
-3.15,-6.45,6.94
-2.84,-6.82,6.93
-2.84,-6.82,6.93
-2.84,-6.82,6.93
-3.04,-6.58,6.64
-3.04,-6.58,6.64
-3.04,-6.58,6.64
-3.18,-6.35,6.68
-3.18,-6.35,6.68
-3.13,-6.68,6.83
-3.32,-6.46,6.61
-3.32,-6.46,6.61
-3.32,-6.46,6.61
-2.89,-6.89,6.57
-2.89,-6.89,6.57
-2.89,-6.89,6.57
-2.75,-6.31,6.46
-2.75,-6.31,6.46
-2.75,-6.31,6.46
-2.62,-6.83,6.52
-2.62,-6.83,6.52
-2.61,-6.8,6.44
-2.49,-6.4,6.52
-2.49,-6.4,6.52
-2.49,-6.4,6.52
-2.27,-6.37,6.39
-2.27,-6.37,6.39
-2.27,-6.37,6.39
-2.45,-6.22,6.17
-2.45,-6.22,6.17
-2.45,-6.22,6.17
-3.17,-6.43,6.71
-3.17,-6.43,6.71
-3.17,-6.43,6.71
-3.28,-5.95,6.29
-3.28,-5.95,6.29
-3.28,-5.95,6.29
-3.56,-6.23,6.47
-3.56,-6.23,6.47
-3.56,-6.23,6.47
-3.8,-6.27,6.32
-3.8,-6.27,6.32
-3.8,-6.27,6.32
-3.6,-5.6,5.82
-3.6,-5.6,5.82
-4.34,-5.96,6.28
-5.21,-6.62,6.17
-5.21,-6.62,6.17
-5.21,-6.62,6.17
-5.61,-6.01,5.94
-5.61,-6.01,5.94
-5.61,-6.01,5.94
-7.12,-6.14,5.9
-7.12,-6.14,5.9
-7.12,-6.14,5.9
-4.57,-7.34,6.26
-4.57,-7.34,6.26
-4.49,-6.1,5.9
-5.43,-5.22,5.28
-5.43,-5.22,5.28
-5.43,-5.22,5.28
-6.06,-5.1,5.74
-6.06,-5.1,5.74
-5.46,-6.43,6.39
-5.46,-6.43,6.39
-5.46,-6.43,6.39
-5.21,-6.16,5.9
-4.81,-5.72,5.7
-4.81,-5.72,5.7
-4.46,-5.67,5.5
-4.46,-5.67,5.5
-4.46,-5.67,5.5
-4.4,-6.09,5.8
-4.4,-6.09,5.8
-4.4,-6.09,5.8
-4.66,-6.02,5.9
-4.66,-6.02,5.9
-4.66,-6.02,5.9
-4.62,-5.44,5.73
-4.62,-5.44,5.73
-4.62,-5.44,5.73
-4.63,-5.29,5.89
-4.63,-5.29,5.89
-4.63,-5.29,5.89
-5.29,-5.73,6.06
-5.29,-5.73,6.06
-5.29,-5.73,6.06
-5.59,-6.79,5.89
-5.59,-6.79,5.89
-5.59,-6.79,5.89
-4.82,-6.02,5.47
-4.82,-6.02,5.47
-4.82,-6.02,5.47
-4.54,-5.1,5.35
-4.54,-5.1,5.35
-4.54,-5.1,5.35
-4.4,-5.44,5.88
-4.4,-5.44,5.88
-4.4,-5.44,5.88
-4.85,-5.73,6.57
-4.85,-5.73,6.57
-4.85,-5.73,6.57
-5.15,-5.78,6.51
-5.11,-5.82,6.24
-5.11,-5.82,6.24
-4.67,-5.98,5.82
-4.67,-5.98,5.82
-4.67,-5.98,5.82
-4.87,-6.4,5.89
-4.87,-6.4,5.89
-4.87,-6.4,5.89
-5.02,-5.45,5.78
-5.02,-5.45,5.78
-5.02,-5.45,5.78
-4.97,-5.64,6.11
-4.97,-5.64,6.11
-4.97,-5.64,6.11
-5.06,-5.45,6.22
-5.06,-5.45,6.22
-5.06,-5.45,6.22
-5.05,-5.56,6.0
-5.05,-5.56,6.0
-5.05,-5.56,6.0
-4.81,-6.01,6.24
-4.81,-6.01,6.24
-4.82,-5.62,6.01
-4.72,-5.59,6.13
-4.72,-5.59,6.13
-4.72,-5.59,6.13
-5.06,-5.71,6.15
-5.06,-5.71,6.15
-5.06,-5.71,6.15
-5.1,-6.29,6.03
-5.1,-6.29,6.03
-5.1,-6.29,6.03
-5.23,-5.69,5.34
-5.54,-6.14,5.4
-5.42,-5.44,6.32
-5.42,-5.44,6.32
-5.42,-5.44,6.32
-6.02,-5.3,6.95
-6.02,-5.3,6.95
-6.02,-5.3,6.95
-3.76,-7.36,7.26
-3.76,-7.36,7.26
-3.76,-7.36,7.26
-3.03,-6.77,6.09
-3.03,-6.77,6.09
-2.24,-6.23,5.78
-2.07,-6.12,5.84
-2.07,-6.12,5.84
-2.07,-6.12,5.84
-2.72,-6.38,6.94
-2.72,-6.38,6.94
-2.72,-6.38,6.94
-2.81,-6.8,8.24
-2.81,-6.8,8.24
-2.81,-6.8,8.24
-3.5,-6.2,8.21
-3.5,-6.2,8.21
-3.5,-6.2,8.21
-1.93,-5.13,7.16
-1.93,-5.13,7.16
-1.93,-5.13,7.16
-1.12,-6.0,7.36
-1.12,-6.0,7.36
-1.12,-6.0,7.36
-1.08,-7.39,8.44
-1.08,-7.39,8.44
-1.08,-7.39,8.44
-1.66,-6.2,7.36
-1.66,-6.2,7.36
-1.66,-6.2,7.36
-1.74,-6.79,6.6
-1.68,-6.82,6.34
-1.68,-6.82,6.34
-1.75,-6.91,6.3
-1.75,-6.91,6.3
-1.75,-6.91,6.3
-1.61,-6.88,6.66
-1.61,-6.88,6.66
-2.01,-6.15,6.26
-2.25,-6.98,6.34
-2.25,-6.98,6.34
-2.62,-6.79,5.99
-2.62,-6.79,5.99
-2.62,-6.79,5.99
-2.56,-6.6,6.33
-2.56,-6.6,6.33
-2.56,-6.6,6.33
-2.93,-6.72,6.56
-2.93,-6.72,6.56
-2.93,-6.72,6.56
-3.07,-6.31,6.26
-3.07,-6.31,6.26
-2.99,-5.89,5.98
-2.99,-6.26,6.56
-2.99,-6.26,6.56
-2.99,-6.26,6.56
-2.94,-6.77,6.79
-2.94,-6.77,6.79
-2.94,-6.77,6.79
-2.27,-5.97,6.58
-2.27,-5.97,6.58
-2.27,-5.97,6.58
-2.06,-7.02,6.44
-2.06,-7.02,6.44
-2.48,-6.92,6.5
-2.62,-6.84,6.83
-2.62,-6.84,6.83
-2.62,-6.84,6.83
-2.5,-7.06,7.26
-2.5,-7.06,7.26
-2.5,-7.06,7.26
-2.2,-6.91,7.45
-2.2,-6.91,7.45
-2.2,-6.91,7.45
-2.18,-6.52,7.03
-2.18,-6.52,7.03
-2.29,-6.56,6.81
-2.4,-6.09,6.77
-2.4,-6.09,6.77
-2.4,-6.09,6.77
-3.07,-6.18,6.9
-3.07,-6.18,6.9
-3.07,-6.18,6.9
-3.08,-6.18,6.66
-3.08,-6.18,6.66
-3.08,-6.18,6.66
-3.07,-6.38,6.77
-2.97,-6.4,6.72
-2.97,-6.4,6.72
-3.03,-6.57,6.83
-2.98,-6.46,6.89
-2.98,-6.46,6.89
-3.29,-6.15,6.75
-3.29,-6.15,6.75
-3.29,-6.15,6.75
-3.28,-6.19,6.55
-3.28,-6.19,6.55
-3.28,-6.19,6.55
-3.08,-5.59,6.65
-3.08,-5.59,6.65
-3.17,-6.04,6.99
-2.88,-6.45,7.03
-2.88,-6.45,7.03
-2.88,-6.45,7.03
-2.6,-5.16,6.57
-2.6,-5.16,6.57
-2.6,-5.16,6.57
-2.89,-5.72,6.78
-2.89,-5.72,6.78
-2.87,-5.91,6.9
-2.86,-5.56,7.04
-2.86,-5.56,7.04
-3.06,-5.49,7.25
-3.08,-5.37,7.14
-3.08,-5.37,7.14
-3.08,-5.37,7.14
-3.18,-5.19,6.89
-3.18,-5.19,6.89
-3.18,-5.19,6.89
-3.52,-6.06,7.21
-3.52,-6.06,7.21
-3.52,-6.06,7.21
-3.23,-6.01,7.41
-3.23,-6.01,7.41
-3.03,-5.99,7.59
-2.75,-6.59,7.88
-2.75,-6.59,7.88
-2.75,-6.59,7.88
-2.45,-6.09,7.36
-2.45,-6.09,7.36
-2.45,-6.09,7.36
-2.9,-6.35,7.1
-2.9,-6.35,7.1
-2.96,-6.53,7.29
-2.9,-6.44,7.35
-2.9,-6.44,7.35
-2.82,-6.4,7.41
-2.79,-6.53,7.77
-2.79,-6.53,7.77
-2.79,-6.53,7.77
-2.55,-6.33,7.72
-2.55,-6.33,7.72
-2.55,-6.33,7.72
-2.56,-6.32,7.45
-2.56,-6.32,7.45
-2.83,-6.45,7.27
-3.06,-6.48,7.13
-2.99,-6.28,6.79
-2.99,-6.28,6.79
-3.01,-5.92,6.55
-3.01,-5.92,6.55
-3.01,-5.92,6.55
-3.07,-5.9,6.52
-3.07,-5.9,6.52
-3.07,-5.9,6.52
-2.81,-5.2,6.57
-2.81,-5.2,6.57
-3.46,-5.41,6.71
-4.06,-5.78,6.7
-4.06,-5.78,6.7
-4.07,-5.9,6.73
-3.57,-5.24,6.9
-3.57,-5.24,6.9
-3.46,-6.72,7.29
-3.46,-6.72,7.29
-3.46,-6.72,7.29
-3.24,-5.48,6.76
-3.24,-5.48,6.76
-3.36,-4.77,6.35
-3.31,-4.81,6.39
-3.52,-5.71,6.83
-3.52,-5.71,6.83
-3.93,-5.8,7.36
-3.93,-5.8,7.36
-3.93,-5.8,7.36
-3.63,-6.32,7.55
-3.63,-6.32,7.55
-3.63,-6.32,7.55
-3.12,-6.23,7.5
-3.12,-6.23,7.5
-2.88,-6.02,7.35
-2.84,-5.65,7.04
-2.98,-5.69,7.11
-2.98,-5.69,7.11
-3.17,-6.46,7.26
-3.17,-6.46,7.26
-3.17,-6.46,7.26
-3.21,-6.3,7.11
-3.21,-6.3,7.11
-3.21,-6.3,7.11
-3.45,-6.05,6.98
-3.45,-6.05,6.98
-3.45,-6.05,6.98
-3.25,-6.2,7.32
-3.25,-6.2,7.32
-3.25,-6.2,7.32
-3.33,-5.52,7.11
-3.33,-5.52,7.11
-3.33,-5.52,7.11
-3.85,-5.35,6.98
-3.85,-5.35,6.98
-3.59,-5.67,7.06
-3.59,-5.67,7.06
-3.59,-5.67,7.06
-3.3,-5.89,7.22
-3.3,-5.89,7.22
-3.33,-6.04,7.3
-3.34,-5.87,7.2
-3.34,-5.87,7.2
-3.34,-5.87,7.2
-3.31,-6.18,6.93
-3.31,-6.18,6.93
-3.31,-6.18,6.93
-3.31,-6.17,6.81
-3.31,-6.17,6.81
-3.31,-6.17,6.81
-3.78,-5.69,6.64
-3.78,-5.69,6.64
-3.78,-5.69,6.64
-3.59,-6.54,6.9
-3.59,-6.54,6.9
-3.59,-6.54,6.9
-3.15,-6.14,6.93
-3.15,-6.14,6.93
-3.15,-6.14,6.93
-3.06,-6.05,7.05
-3.06,-6.05,7.05
-3.06,-6.05,7.05
-2.69,-6.88,7.14
-2.69,-6.88,7.14
-2.69,-6.88,7.14
-2.5,-6.69,7.16
-2.5,-6.69,7.16
-2.5,-6.69,7.16
-2.56,-6.85,7.41
-2.56,-6.85,7.41
-2.56,-6.85,7.41
-2.73,-6.65,6.9
-2.73,-6.65,6.9
-2.73,-6.65,6.9
-2.88,-6.82,6.8
-2.88,-6.82,6.8
-2.88,-6.82,6.8
-2.61,-6.94,6.82
-2.61,-6.94,6.82
-2.61,-6.94,6.82
-1.97,-7.46,6.82
-1.97,-7.46,6.82
-1.97,-7.46,6.82
-1.26,-7.36,6.52
-1.26,-7.36,6.52
-1.26,-7.36,6.52
-1.76,-7.15,6.46
-1.76,-7.15,6.46
-1.76,-7.15,6.46
-1.73,-7.35,6.32
-1.73,-7.35,6.32
-1.73,-7.35,6.32
-1.91,-7.88,5.99
-1.91,-7.88,5.99
-1.91,-7.88,5.99
-1.6,-8.82,5.72
-1.6,-8.82,5.72
-1.6,-8.82,5.72
-1.53,-8.97,5.92
-1.53,-8.97,5.92
-1.37,-8.93,5.52
-1.39,-8.1,4.98
-1.39,-8.1,4.98
-1.39,-8.1,4.98
-1.21,-8.59,5.33
-1.21,-8.59,5.33
-1.21,-8.59,5.33
-1.34,-8.5,5.23
-1.34,-8.5,5.23
-1.34,-8.5,5.23
-1.04,-8.26,5.08
-1.04,-8.26,5.08
-0.74,-8.53,4.7
-0.6,-9.64,4.69
-0.6,-9.64,4.69
-0.6,-9.64,4.69
-0.79,-8.19,4.42
-0.79,-8.19,4.42
-0.79,-8.19,4.42
-1.21,-8.53,3.81
-1.21,-8.53,3.81
-1.21,-8.53,3.81
-1.74,-9.35,2.56
-1.74,-9.35,2.56
-1.74,-9.35,2.56
-1.45,-10.48,2.04
-1.45,-10.48,2.04
-1.45,-10.48,2.04
-1.34,-9.71,2.15
-1.34,-9.71,2.15
-1.34,-9.71,2.15
-1.61,-9.74,1.76
-1.61,-9.74,1.76
-1.46,-9.75,1.56
-1.23,-9.17,1.07
-1.23,-9.17,1.07
-1.23,-9.17,1.07
-0.6,-9.96,1.29
-0.6,-9.96,1.29
-0.6,-9.96,1.29
-0.05,-9.4,1.22
-0.05,-9.4,1.22
0.04,-8.88,0.81
0.04,-8.88,0.81
0.04,-8.88,0.81
-0.32,-9.61,0.27
-0.11,-9.05,-0.07
-0.11,-9.05,-0.07
0.12,-10.24,-0.17
0.12,-10.24,-0.17
0.12,-10.24,-0.17
0.26,-9.79,-0.32
0.26,-9.79,-0.32
0.26,-9.79,-0.32
0.34,-9.7,-0.33
0.34,-9.7,-0.33
0.65,-9.52,-0.41
0.22,-9.22,-1.61
0.22,-9.22,-1.61
0.22,-9.22,-1.61
1.23,-9.12,-3.0
1.23,-9.12,-3.0
1.23,-9.12,-3.0
0.45,-7.08,-4.96
0.45,-7.08,-4.96
1.28,-8.04,-2.75
1.28,-8.04,-2.75
1.29,-8.3,-3.32
1.44,-8.21,-3.6
1.44,-8.21,-3.6
1.44,-8.21,-3.6
1.52,-8.54,-3.97
1.52,-8.54,-3.97
1.52,-8.54,-3.97
1.94,-7.75,-4.51
1.94,-7.75,-4.51
2.04,-7.89,-4.48
2.12,-8.31,-4.21
2.12,-8.31,-4.21
1.95,-8.18,-4.2
1.8,-7.7,-4.43
1.8,-7.7,-4.43
1.8,-7.7,-4.43
2.15,-7.86,-5.15
2.15,-7.86,-5.15
2.15,-7.86,-5.15
2.0,-7.82,-5.38
2.0,-7.82,-5.38
2.57,-7.63,-5.01
2.73,-7.77,-4.64
2.73,-7.77,-4.64
2.3,-7.32,-4.4
2.98,-6.72,-5.42
2.98,-6.72,-5.42
2.98,-6.72,-5.42
2.64,-6.31,-5.88
2.64,-6.31,-5.88
2.64,-6.31,-5.88
2.62,-5.66,-5.23
2.62,-5.66,-5.23
2.62,-5.66,-5.23
2.49,-5.26,-5.35
2.49,-5.26,-5.35
2.49,-5.26,-5.35
2.84,-5.56,-5.76
2.84,-5.56,-5.76
2.84,-5.56,-5.76
2.72,-5.61,-5.84
2.72,-5.61,-5.84
2.72,-5.61,-5.84
3.13,-5.24,-5.95
3.13,-5.24,-5.95
2.51,-5.57,-6.14
2.8,-6.91,-6.29
3.15,-6.74,-6.48
3.15,-6.74,-6.48
3.44,-6.68,-6.39
3.44,-6.68,-6.39
3.44,-6.68,-6.39
3.27,-6.3,-6.12
3.27,-6.3,-6.12
3.27,-6.3,-6.12
3.27,-5.65,-6.36
3.27,-5.65,-6.36
3.27,-5.65,-6.36
3.14,-6.97,-6.29
3.14,-6.97,-6.29
2.94,-5.83,-6.42
3.45,-6.55,-5.9
3.45,-6.55,-5.9
3.45,-6.55,-5.9
3.09,-5.88,-6.59
3.09,-5.88,-6.59
3.09,-5.88,-6.59
3.24,-6.57,-6.73
3.24,-6.57,-6.73
3.24,-6.57,-6.73
2.98,-6.13,-6.14
2.98,-6.13,-6.14
2.98,-6.13,-6.14
2.91,-6.06,-6.64
2.91,-6.06,-6.64
2.91,-6.06,-6.64
2.97,-6.94,-6.61
2.97,-6.94,-6.61
2.97,-6.94,-6.61
3.05,-6.29,-6.58
3.05,-6.29,-6.58
3.05,-6.29,-6.58
3.02,-6.46,-6.41
3.02,-6.46,-6.41
2.78,-6.26,-6.46
3.46,-6.63,-5.79
3.46,-6.63,-5.79
3.46,-6.63,-5.79
2.9,-6.44,-6.23
2.9,-6.44,-6.23
2.9,-6.44,-6.23
2.93,-6.99,-6.17
2.93,-6.99,-6.17
2.93,-6.99,-6.17
2.8,-6.4,-6.76
2.8,-6.4,-6.76
2.89,-6.85,-6.67
2.78,-6.58,-6.42
2.78,-6.58,-6.42
2.78,-6.58,-6.42
2.78,-6.32,-6.34
2.78,-6.32,-6.34
2.78,-6.32,-6.34
2.7,-6.25,-6.27
2.7,-6.25,-6.27
2.67,-6.58,-6.42
2.28,-6.28,-6.83
2.28,-6.28,-6.83
2.28,-6.28,-6.83
2.45,-7.1,-6.43
2.45,-7.1,-6.43
2.45,-7.1,-6.43
2.32,-6.23,-6.5
2.32,-6.23,-6.5
2.32,-6.23,-6.5
2.56,-6.8,-6.46
2.56,-6.8,-6.46
2.56,-6.8,-6.46
2.73,-6.46,-6.2
2.73,-6.46,-6.2
2.73,-6.46,-6.2
2.53,-6.59,-6.52
2.53,-6.59,-6.52
2.53,-6.59,-6.52
2.6,-6.65,-6.29
2.6,-6.65,-6.29
2.6,-6.65,-6.29
2.49,-6.89,-6.42
2.49,-6.89,-6.42
2.52,-6.78,-6.48
2.76,-6.71,-6.37
2.76,-6.71,-6.37
2.76,-6.71,-6.37
2.75,-6.58,-6.26
2.75,-6.58,-6.26
2.75,-6.58,-6.26
2.52,-6.58,-6.2
2.52,-6.58,-6.2
2.52,-6.58,-6.2
2.45,-6.6,-6.41
2.45,-6.6,-6.41
2.5,-6.6,-6.39
2.33,-6.85,-6.5
2.49,-7.14,-6.43
2.49,-7.14,-6.43
2.48,-6.56,-6.19
2.48,-6.56,-6.19
2.48,-6.56,-6.19
2.55,-6.96,-6.27
2.55,-6.96,-6.27
2.55,-6.96,-6.27
2.42,-6.57,-6.55
2.42,-6.57,-6.55
2.42,-6.57,-6.55
2.31,-6.41,-6.34
2.24,-6.17,-6.31
2.24,-6.17,-6.31
2.26,-6.66,-6.45
2.26,-6.66,-6.45
2.26,-6.66,-6.45
2.56,-6.28,-6.37
2.56,-6.28,-6.37
2.56,-6.28,-6.37
2.61,-6.42,-6.27
2.65,-6.69,-6.27
2.65,-6.69,-6.27
2.59,-7.07,-6.23
2.59,-7.07,-6.23
2.59,-7.07,-6.23
2.51,-7.01,-6.31
2.51,-7.01,-6.31
2.51,-7.01,-6.31
2.3,-6.86,-6.4
2.3,-6.86,-6.4
2.3,-6.86,-6.4
2.27,-6.37,-6.3
2.27,-6.37,-6.3
2.34,-6.34,-6.26
2.17,-6.42,-6.28
2.04,-6.8,-6.31
2.04,-6.8,-6.31
2.17,-6.7,-6.39
2.17,-6.7,-6.39
2.17,-6.7,-6.39
2.58,-6.82,-6.09
2.58,-6.82,-6.09
2.58,-6.82,-6.09
2.52,-6.94,-6.49
2.52,-6.94,-6.49
2.29,-6.64,-6.58
2.47,-6.69,-6.25
2.47,-6.69,-6.25
2.47,-6.69,-6.25
2.2,-6.57,-6.34
2.2,-6.57,-6.34
2.2,-6.57,-6.34
2.08,-6.14,-6.46
2.08,-6.14,-6.46
2.08,-6.14,-6.46
2.18,-6.45,-6.47
2.18,-6.45,-6.47
2.39,-6.2,-6.4
1.98,-6.5,-6.75
1.98,-6.5,-6.75
1.98,-6.5,-6.75
1.83,-6.14,-6.45
1.83,-6.14,-6.45
1.83,-6.14,-6.45
2.06,-6.82,-6.37
2.08,-6.06,-6.36
2.08,-6.06,-6.36
2.29,-6.97,-6.34
2.29,-6.97,-6.34
2.29,-6.97,-6.34
2.44,-6.1,-6.14
2.44,-6.1,-6.14
2.44,-6.1,-6.14
1.62,-6.18,-6.13
1.62,-6.18,-6.13
1.62,-6.18,-6.13
2.05,-6.92,-6.69
2.05,-6.92,-6.69
2.05,-6.92,-6.69
1.94,-6.34,-5.84
1.94,-6.34,-5.84
1.94,-6.34,-5.84
2.3,-7.13,-6.18
2.3,-7.13,-6.18
2.3,-7.13,-6.18
2.87,-7.44,-6.13
2.87,-7.44,-6.13
2.87,-7.44,-6.13
2.09,-6.61,-5.48
2.09,-6.61,-5.48
2.02,-6.45,-5.48
1.65,-6.46,-6.38
1.65,-6.46,-6.38
1.65,-6.46,-6.38
1.6,-6.61,-5.84
1.6,-6.61,-5.84
1.6,-6.61,-5.84
1.85,-7.76,-5.22
1.85,-7.76,-5.22
1.85,-7.76,-5.22
2.34,-6.41,-5.51
2.34,-6.41,-5.51
2.34,-6.41,-5.51
3.4,-7.84,-4.79
3.4,-7.84,-4.79
1.56,-8.95,-5.69
1.56,-8.95,-5.69
1.56,-8.95,-5.69
1.36,-7.59,-5.55
1.36,-7.59,-5.55
1.36,-7.59,-5.55
2.61,-8.63,-4.8
3.12,-7.87,-4.78
3.12,-7.87,-4.78
3.85,-7.47,-4.95
3.06,-7.5,-4.73
3.06,-7.5,-4.73
2.46,-8.85,-4.64
2.46,-8.85,-4.64
2.46,-8.85,-4.64
1.31,-7.09,-4.51
1.31,-7.09,-4.51
1.31,-7.09,-4.51
1.36,-8.83,-4.31
1.36,-8.83,-4.31
1.92,-9.49,-4.05
2.72,-8.04,-4.66
2.72,-8.04,-4.66
2.72,-8.04,-4.66
2.79,-8.61,-4.42
2.79,-8.61,-4.42
2.79,-8.61,-4.42
2.3,-8.09,-4.95
2.3,-8.09,-4.95
2.3,-8.09,-4.95
1.97,-7.59,-5.97
2.5,-9.86,-5.34
1.81,-10.46,-4.64
0.27,-8.83,-5.2
0.27,-8.83,-5.2
2.69,-9.35,-4.76
2.69,-9.35,-4.76
2.69,-9.35,-4.76
2.35,-8.26,-5.12
2.35,-8.26,-5.12
2.35,-8.26,-5.12
2.63,-7.29,-5.98
2.63,-7.29,-5.98
2.47,-7.26,-5.27
2.4,-6.91,-4.48
2.4,-6.91,-4.48
2.4,-6.91,-4.48
1.04,-7.25,-5.81
1.04,-7.25,-5.81
1.04,-7.25,-5.81
0.65,-8.49,-5.01
0.65,-8.49,-5.01
0.3,-7.96,-5.24
0.37,-7.64,-5.41
0.37,-7.64,-5.41
0.37,-7.64,-5.41
1.53,-8.68,-4.84
1.53,-8.68,-4.84
1.53,-8.68,-4.84
0.57,-7.63,-6.23
0.57,-7.63,-6.23
0.57,-7.63,-6.23
2.51,-7.82,-5.85
2.51,-7.82,-5.85
0.64,-7.6,-6.5
2.59,-7.76,-5.88
2.59,-7.76,-5.88
2.59,-7.76,-5.88
1.24,-4.67,-7.62
1.24,-4.67,-7.62
1.24,-4.67,-7.62
2.56,-7.47,-6.4
2.56,-7.47,-6.4
2.56,-7.47,-6.4
1.58,-2.86,-7.74
1.58,-2.86,-7.74
1.58,-2.86,-7.74
1.53,-7.63,-6.86
1.53,-7.63,-6.86
-0.29,-5.66,-6.79
2.42,-5.51,-7.05
2.42,-5.51,-7.05
2.42,-5.51,-7.05
0.14,-4.67,-7.82
0.14,-4.67,-7.82
0.14,-4.67,-7.82
1.8,-5.63,-6.99
1.8,-5.63,-6.99
4.79,-2.5,-6.49
-1.1,-4.97,-8.09
-1.1,-4.97,-8.09
-0.81,-6.71,-7.59
3.37,-4.25,-7.17
3.37,-4.25,-7.17
3.37,-4.25,-7.17
-1.12,-6.6,-7.87
-1.12,-6.6,-7.87
-1.12,-6.6,-7.87
3.51,-3.82,-6.96
3.51,-3.82,-6.96
3.51,-3.82,-6.96
0.16,-7.19,-8.54
0.16,-7.19,-8.54
2.88,-6.72,-7.45
-0.75,-5.67,-7.92
-0.75,-5.67,-7.92
-0.75,-5.67,-7.92
2.83,-5.01,-7.43
2.83,-5.01,-7.43
2.83,-5.01,-7.43
0.48,-6.19,-8.36
-1.41,-4.53,-7.14
-1.41,-4.53,-7.14
-1.41,-4.53,-7.14
-0.01,-5.83,-7.91
-0.01,-5.83,-7.91
-0.01,-5.83,-7.91
2.06,-4.19,-7.53
2.06,-4.19,-7.53
2.06,-4.19,-7.53
2.85,-5.04,-7.13
2.85,-5.04,-7.13
2.85,-5.04,-7.13
-0.73,-5.28,-7.93
-0.73,-5.28,-7.93
-0.73,-5.28,-7.93
1.66,-5.53,-7.45
1.66,-5.53,-7.45
1.66,-5.53,-7.45
2.25,-5.48,-7.37
2.25,-5.48,-7.37
0.94,-6.11,-7.82
-0.22,-4.94,-7.23
-0.22,-4.94,-7.23
-0.22,-4.94,-7.23
0.96,-5.38,-7.75
0.96,-5.38,-7.75
0.96,-5.38,-7.75
0.36,-6.07,-7.73
0.36,-6.07,-7.73
2.37,-5.5,-7.22
-0.26,-5.0,-7.99
-0.26,-5.0,-7.99
-0.26,-5.0,-7.99
1.0,-5.45,-7.37
1.0,-5.45,-7.37
1.0,-5.45,-7.37
-0.07,-5.11,-7.86
-0.07,-5.11,-7.86
-0.07,-5.11,-7.86
1.14,-5.15,-7.66
1.14,-5.15,-7.66
0.29,-5.53,-8.02
0.59,-4.68,-7.64
0.59,-4.68,-7.64
0.59,-4.68,-7.64
-0.46,-5.72,-8.07
-0.46,-5.72,-8.07
-0.46,-5.72,-8.07
1.72,-4.45,-7.3
1.72,-4.45,-7.3
1.72,-4.45,-7.3
-0.3,-4.98,-8.12
-0.3,-4.98,-8.12
0.73,-5.3,-7.83
0.88,-5.19,-7.89
0.88,-5.19,-7.89
0.88,-5.19,-7.89
-0.01,-6.06,-7.76
0.85,-4.57,-7.55
0.85,-4.57,-7.55
0.85,-4.57,-7.55
0.14,-5.78,-7.8
0.14,-5.78,-7.8
0.79,-5.28,-7.57
0.86,-4.93,-7.56
-0.16,-5.4,-7.91
-0.16,-5.4,-7.91
0.76,-5.29,-7.57
0.76,-5.29,-7.57
0.76,-5.29,-7.57
0.36,-4.62,-7.57
0.36,-4.62,-7.57
0.36,-4.62,-7.57
0.56,-5.81,-8.01
0.56,-5.81,-8.01
-0.19,-5.92,-7.96
0.8,-5.16,-7.49
0.8,-5.16,-7.49
0.8,-5.16,-7.49
0.24,-4.53,-7.67
0.24,-4.53,-7.67
0.24,-4.53,-7.67
0.07,-5.98,-7.61
0.07,-5.98,-7.61
0.07,-5.98,-7.61
0.57,-4.86,-7.84
0.57,-4.86,-7.84
0.46,-5.43,-7.85
0.63,-5.1,-7.85
0.63,-5.1,-7.85
0.63,-5.1,-7.85
0.28,-5.13,-7.74
0.28,-5.13,-7.74
0.28,-5.13,-7.74
0.4,-4.81,-7.6
0.4,-4.81,-7.6
0.4,-4.81,-7.6
0.15,-5.5,-8.11
0.15,-5.5,-8.11
0.15,-5.5,-8.11
0.09,-5.11,-7.99
0.09,-5.11,-7.99
0.09,-5.11,-7.99
0.82,-4.57,-7.49
0.82,-4.57,-7.49
0.82,-4.57,-7.49
-0.49,-5.97,-8.11
-0.49,-5.97,-8.11
-0.49,-5.97,-8.11
1.24,-4.46,-7.57
0.28,-4.87,-7.98
0.28,-4.87,-7.98
0.47,-5.23,-7.54
0.47,-5.23,-7.54
0.47,-5.23,-7.54
0.39,-5.4,-7.67
0.39,-5.4,-7.67
0.39,-5.4,-7.67
0.4,-5.1,-7.85
0.4,-5.1,-7.85
0.4,-5.1,-7.85
0.57,-5.18,-7.79
0.57,-5.18,-7.79
0.57,-5.18,-7.79
0.44,-5.19,-7.67
0.44,-5.19,-7.67
-0.12,-5.11,-7.92
-0.12,-5.11,-7.92
-0.12,-5.11,-7.92
0.59,-5.32,-7.6
0.59,-5.32,-7.6
0.59,-5.32,-7.6
0.28,-5.0,-7.76
0.28,-5.0,-7.76
0.77,-4.88,-7.82
0.65,-4.76,-7.82
0.65,-4.76,-7.82
0.65,-4.76,-7.82
0.29,-5.2,-7.79
0.29,-5.2,-7.79
0.29,-5.2,-7.79
0.17,-5.24,-7.84
-0.0,-5.61,-7.95
-0.0,-5.61,-7.95
0.42,-4.71,-7.59
0.42,-4.71,-7.59
0.42,-4.71,-7.59
0.26,-5.22,-7.76
0.26,-5.22,-7.76
0.26,-5.22,-7.76
0.46,-5.1,-7.75
0.46,-5.1,-7.75
0.46,-5.1,-7.75
0.44,-5.22,-7.93
0.44,-5.22,-7.93
0.97,-4.79,-7.59
-0.14,-5.44,-7.89
-0.14,-5.44,-7.89
-0.14,-5.44,-7.89
0.48,-5.21,-7.7
0.48,-5.21,-7.7
0.48,-5.21,-7.7
0.68,-4.99,-7.89
0.68,-4.99,-7.89
0.68,-4.99,-7.89
-0.33,-5.46,-7.95
-0.33,-5.46,-7.95
0.01,-5.32,-7.63
0.45,-4.77,-7.8
0.45,-4.77,-7.8
0.45,-4.77,-7.8
0.33,-5.28,-7.94
0.33,-5.28,-7.94
0.33,-5.28,-7.94
0.31,-4.83,-7.63
0.31,-4.83,-7.63
0.31,-4.83,-7.63
0.14,-5.25,-7.82
0.14,-5.25,-7.82
0.14,-5.25,-7.82
0.32,-5.18,-7.7
0.32,-5.18,-7.7
0.32,-5.18,-7.7
0.7,-5.02,-7.87
0.7,-5.02,-7.87
0.7,-5.02,-7.87
-0.02,-5.65,-7.73
-0.02,-5.65,-7.73
0.54,-4.98,-7.7
-0.23,-5.57,-8.01
-0.23,-5.57,-8.01
-0.23,-5.57,-8.01
0.97,-4.43,-7.52
0.97,-4.43,-7.52
0.97,-4.43,-7.52
0.09,-5.83,-8.02
0.09,-5.83,-8.02
0.09,-5.83,-8.02
0.32,-4.87,-7.78
0.32,-4.87,-7.78
0.33,-5.21,-7.81
0.42,-4.76,-7.97
0.42,-4.76,-7.97
0.42,-4.76,-7.97
0.76,-5.05,-7.73
0.76,-5.05,-7.73
0.76,-5.05,-7.73
-0.17,-5.4,-8.07
-0.17,-5.4,-8.07
-0.17,-5.4,-8.07
0.57,-5.02,-7.53
0.57,-5.02,-7.53
0.56,-4.86,-7.9
0.56,-4.86,-7.9
0.56,-4.86,-7.9
0.34,-5.41,-7.84
0.34,-5.41,-7.84
0.34,-5.41,-7.84
0.84,-4.53,-7.8
0.84,-4.53,-7.8
0.84,-4.53,-7.8
0.09,-5.67,-7.72
0.09,-5.67,-7.72
0.84,-4.53,-7.42
-0.3,-5.52,-7.94
-0.3,-5.52,-7.94
-0.3,-5.52,-7.94
1.07,-4.93,-7.94
1.07,-4.93,-7.94
1.07,-4.93,-7.94
0.09,-5.2,-7.88
0.09,-5.2,-7.88
0.09,-5.2,-7.88
-0.22,-5.13,-7.86
-0.22,-5.13,-7.86
-0.22,-5.13,-7.86
0.79,-4.93,-7.78
0.79,-4.93,-7.78
0.79,-4.93,-7.78
-0.19,-5.47,-7.86
-0.19,-5.47,-7.86
-0.19,-5.47,-7.86
1.22,-4.74,-7.44
1.22,-4.74,-7.44
1.22,-4.74,-7.44
0.32,-4.91,-7.84
0.32,-4.91,-7.84
0.32,-4.91,-7.84
0.23,-5.61,-8.24
0.23,-5.61,-8.24
0.23,-5.61,-8.24
0.96,-4.84,-7.68
0.96,-4.84,-7.68
0.96,-4.84,-7.68
-0.16,-5.27,-7.77
-0.16,-5.27,-7.77
0.51,-4.4,-7.81
-0.13,-5.61,-8.0
-0.13,-5.61,-8.0
-0.13,-5.61,-8.0
0.6,-5.56,-7.7
0.6,-5.56,-7.7
0.6,-5.56,-7.7
-0.39,-5.21,-8.05
-0.39,-5.21,-8.05
-0.39,-5.21,-8.05
1.06,-4.85,-7.43
0.48,-4.96,-7.82
0.48,-4.96,-7.82
-0.34,-5.44,-8.31
-0.34,-5.44,-8.31
1.13,-4.93,-7.63
-0.86,-5.32,-7.99
-0.86,-5.32,-7.99
-0.86,-5.32,-7.99
1.39,-4.79,-7.78
1.39,-4.79,-7.78
1.39,-4.79,-7.78
-0.26,-5.3,-8.0
0.47,-4.7,-7.99
0.47,-4.7,-7.99
-0.28,-5.66,-7.76
-0.28,-5.66,-7.76
-0.28,-5.66,-7.76
0.95,-4.29,-7.79
0.95,-4.29,-7.79
0.95,-4.29,-7.79
-0.48,-6.08,-8.02
-0.48,-6.08,-8.02
-0.48,-6.08,-8.02
1.13,-4.07,-7.64
0.24,-5.56,-7.6
0.24,-5.56,-7.6
0.31,-4.56,-8.04
0.31,-4.56,-8.04
0.31,-4.56,-8.04
0.95,-5.41,-7.8
0.95,-5.41,-7.8
0.95,-5.41,-7.8
-0.79,-5.22,-7.96
-0.79,-5.22,-7.96
-0.79,-5.22,-7.96
1.47,-4.72,-7.54
1.47,-4.72,-7.54
1.47,-4.72,-7.54
0.69,-4.87,-7.69
0.69,-4.87,-7.69
0.69,-4.87,-7.69
-0.39,-5.16,-7.87
-0.39,-5.16,-7.87
-0.39,-5.16,-7.87
0.6,-5.08,-7.75
0.6,-5.08,-7.75
0.6,-5.08,-7.75
0.22,-5.21,-7.76
0.22,-5.21,-7.76
0.22,-5.21,-7.76
0.51,-4.88,-7.76
0.53,-4.79,-7.59
0.53,-4.79,-7.59
0.14,-5.46,-7.99
0.14,-5.46,-7.99
0.14,-5.46,-7.99
0.33,-5.2,-7.7
0.33,-5.2,-7.7
0.33,-5.2,-7.7
0.33,-5.06,-8.12
0.33,-5.06,-8.12
1.39,-4.82,-7.58
0.09,-5.33,-8.07
0.09,-5.33,-8.07
0.09,-5.33,-8.07
0.77,-4.34,-7.82
0.77,-4.34,-7.82
0.77,-4.34,-7.82
0.12,-5.41,-7.92
0.12,-5.41,-7.92
0.12,-5.41,-7.92
-0.19,-5.37,-7.77
-0.19,-5.37,-7.77
-0.19,-5.37,-7.77
0.42,-5.19,-7.62
0.42,-5.19,-7.62
0.42,-5.19,-7.62
0.38,-5.01,-7.71
0.38,-5.01,-7.71
0.38,-5.01,-7.71
0.22,-5.41,-7.97
0.22,-5.41,-7.97
0.22,-5.41,-7.97
0.87,-4.51,-7.75
0.87,-4.51,-7.75
0.87,-4.51,-7.75
1.05,-4.99,-7.54
1.05,-4.99,-7.54
1.05,-4.99,-7.54
-0.55,-5.3,-8.15
-0.55,-5.3,-8.15
-0.55,-5.3,-8.15
0.88,-5.17,-7.54
0.88,-5.17,-7.54
0.88,-5.17,-7.54
-0.07,-4.95,-7.9
-0.07,-4.95,-7.9
-0.07,-4.95,-7.9
0.93,-4.94,-7.69
0.93,-4.94,-7.69
0.93,-4.94,-7.69
-0.47,-5.48,-8.11
-0.47,-5.48,-8.11
-0.47,-5.48,-8.11
1.21,-4.37,-7.42
1.21,-4.37,-7.42
1.21,-4.37,-7.42
0.04,-4.91,-8.01
0.04,-4.91,-8.01
0.04,-4.91,-8.01
-0.66,-5.64,-8.26
-0.66,-5.64,-8.26
-0.66,-5.64,-8.26
1.32,-4.54,-7.53
1.32,-4.54,-7.53
-0.32,-5.2,-8.09
-0.32,-5.2,-8.09
-0.32,-5.2,-8.09
0.83,-5.03,-7.73
0.83,-5.03,-7.73
0.83,-5.03,-7.73
0.74,-4.32,-7.89
0.74,-4.32,-7.89
0.74,-4.32,-7.89
0.61,-5.55,-7.83
0.61,-5.55,-7.83
0.61,-5.55,-7.83
-0.06,-4.92,-7.92
-0.06,-4.92,-7.92
-0.06,-4.92,-7.92
0.17,-5.17,-7.48
0.17,-5.17,-7.48
-0.13,-5.31,-7.7
1.7,-4.98,-7.59
1.7,-4.98,-7.59
1.7,-4.98,-7.59
-0.2,-5.29,-8.24
-0.2,-5.29,-8.24
-0.2,-5.29,-8.24
0.69,-5.19,-7.69
0.69,-5.19,-7.69
0.69,-5.19,-7.69
0.19,-4.84,-8.16
-0.29,-4.81,-8.05
-0.29,-4.81,-8.05
0.93,-4.9,-7.78
0.93,-4.9,-7.78
0.93,-4.9,-7.78
-0.2,-5.24,-7.87
-0.2,-5.24,-7.87
-0.2,-5.24,-7.87
0.98,-5.0,-7.83
0.98,-5.0,-7.83
-0.45,-5.35,-8.01
-0.17,-5.3,-7.72
1.38,-4.5,-7.48
1.38,-4.5,-7.48
-0.64,-5.68,-8.04
-0.64,-5.68,-8.04
-0.64,-5.68,-8.04
1.61,-4.87,-7.58
1.61,-4.87,-7.58
-0.67,-5.08,-8.28
-0.67,-5.08,-8.28
-0.67,-5.08,-8.28
1.05,-4.84,-7.42
0.13,-4.84,-8.0
0.13,-4.84,-8.0
1.0,-5.36,-7.64
1.0,-5.36,-7.64
1.0,-5.36,-7.64
-0.09,-5.0,-8.01
-0.09,-5.0,-8.01
-0.09,-5.0,-8.01
1.39,-4.38,-7.67
1.39,-4.38,-7.67
-0.39,-5.17,-8.03
-0.56,-5.4,-7.85
1.02,-4.36,-7.7
1.02,-4.36,-7.7
-0.59,-5.93,-7.94
-0.59,-5.93,-7.94
-0.59,-5.93,-7.94
1.0,-4.52,-7.84
1.0,-4.52,-7.84
1.0,-4.52,-7.84
-0.18,-5.22,-7.82
-0.18,-5.22,-7.82
0.04,-4.79,-7.98
0.83,-4.81,-7.93
0.58,-5.15,-7.6
0.58,-5.15,-7.6
0.44,-5.07,-7.87
0.44,-5.07,-7.87
0.44,-5.07,-7.87
-0.17,-5.38,-7.88
-0.17,-5.38,-7.88
-0.17,-5.38,-7.88
0.96,-4.77,-7.89
0.96,-4.77,-7.89
0.69,-5.1,-7.76
-0.5,-5.37,-7.73
0.1,-4.91,-7.77
0.1,-4.91,-7.77
-0.09,-5.76,-7.63
-0.09,-5.76,-7.63
-0.09,-5.76,-7.63
0.48,-4.52,-8.0
0.48,-4.52,-8.0
0.48,-4.52,-8.0
0.15,-5.23,-7.78
0.15,-5.23,-7.78
0.15,-5.23,-7.78
0.63,-5.07,-7.88
0.63,-5.07,-7.88
0.63,-5.07,-7.88
0.7,-5.02,-7.85
0.7,-5.02,-7.85
0.7,-5.02,-7.85
0.03,-5.21,-7.74
0.03,-5.21,-7.74
0.03,-5.21,-7.74
0.66,-4.64,-7.76
0.66,-4.64,-7.76
0.66,-4.64,-7.76
0.61,-4.98,-7.77
0.61,-4.98,-7.77
0.53,-4.9,-8.0
0.5,-5.12,-7.77
0.5,-5.12,-7.77
0.5,-5.12,-7.77
0.22,-5.12,-7.66
0.22,-5.12,-7.66
0.22,-5.12,-7.66
0.63,-5.07,-7.7
0.63,-5.07,-7.7
0.63,-5.07,-7.7
0.12,-5.2,-8.0
0.12,-5.2,-8.0
0.12,-5.2,-8.0
0.4,-5.3,-7.81
0.4,-5.3,-7.81
0.4,-5.3,-7.81
0.58,-5.29,-8.01
0.58,-5.29,-8.01
0.58,-5.29,-8.01
0.26,-5.37,-7.69
0.15,-5.18,-7.74
0.15,-5.18,-7.74
0.37,-4.76,-7.74
0.37,-4.76,-7.74
0.37,-4.76,-7.74
0.73,-4.92,-7.86
0.73,-4.92,-7.86
0.73,-4.92,-7.86
0.02,-5.53,-7.61
0.02,-5.53,-7.61
0.02,-5.53,-7.61
0.02,-5.04,-8.03
0.37,-5.02,-8.02
0.37,-5.02,-8.02
0.37,-5.07,-7.7
0.37,-5.07,-7.7
0.37,-5.07,-7.7
0.54,-4.76,-7.68
0.54,-4.76,-7.68
0.54,-4.76,-7.68
0.2,-5.32,-7.85
0.2,-5.32,-7.85
0.2,-5.32,-7.85
0.19,-5.44,-7.85
0.19,-5.44,-7.85
0.39,-5.55,-7.72
0.68,-4.56,-7.82
0.68,-4.56,-7.82
0.68,-4.56,-7.82
0.68,-5.02,-7.85
0.68,-5.02,-7.85
0.68,-5.02,-7.85
-0.14,-5.58,-7.99
-0.14,-5.58,-7.99
-0.14,-5.58,-7.99
0.55,-5.27,-7.63
0.55,-5.27,-7.63
0.34,-4.94,-7.92
0.34,-4.94,-7.92
0.34,-4.94,-7.92
0.15,-4.93,-7.5
0.15,-4.93,-7.5
0.15,-4.93,-7.5
-0.29,-5.34,-7.71
-0.29,-5.34,-7.71
-0.29,-5.34,-7.71
0.91,-4.95,-8.05
2.36,-5.25,-8.93
2.36,-5.25,-8.93
1.68,-1.81,-2.87
1.68,-1.81,-2.87
1.68,-1.81,-2.87
-7.52,-7.23,-0.91
-7.52,-7.23,-0.91
-7.52,-7.23,-0.91
11.27,-10.84,1.27
11.27,-10.84,1.27
11.27,-10.84,1.27
8.87,-9.88,-3.18
8.87,-9.88,-3.18
8.87,-9.88,-3.18
4.53,-3.2,-8.95
4.53,-3.2,-8.95
4.53,-3.2,-8.95
2.19,-5.13,-7.7
2.19,-5.13,-7.7
2.19,-5.13,-7.7
0.51,-4.58,-7.54
0.51,-4.58,-7.54
0.51,-4.58,-7.54
1.79,-4.48,-7.41
1.79,-4.48,-7.41
1.75,-5.01,-7.49
1.59,-5.19,-7.81
1.54,-4.65,-8.16
1.54,-4.65,-8.16
1.22,-5.53,-7.73
1.22,-5.53,-7.73
1.22,-5.53,-7.73
1.98,-5.3,-7.16
1.98,-5.3,-7.16
1.98,-5.3,-7.16
1.49,-4.64,-7.4
1.49,-4.64,-7.4
1.49,-4.64,-7.4
2.07,-5.44,-6.51
2.07,-5.44,-6.51
2.07,-5.44,-6.51
2.67,-4.59,-6.75
2.67,-4.59,-6.75
2.67,-4.59,-6.75
2.52,-5.25,-6.57
2.52,-5.25,-6.57
2.52,-5.25,-6.57
3.0,-5.64,-6.23
3.0,-5.64,-6.23
2.93,-5.36,-6.59
3.8,-5.87,-6.28
3.8,-5.87,-6.28
3.8,-5.87,-6.28
4.19,-6.8,-5.85
4.19,-6.8,-5.85
3.58,-6.32,-6.3
3.58,-6.32,-6.3
3.58,-6.32,-6.3
2.81,-7.99,-5.33
3.35,-8.48,-5.51
3.35,-8.48,-5.51
3.78,-6.83,-4.79
3.78,-6.83,-4.79
3.78,-6.83,-4.79
2.72,-7.39,-4.52
2.72,-7.39,-4.52
2.72,-7.39,-4.52
2.4,-7.2,-3.64
2.4,-7.2,-3.64
2.4,-7.2,-3.64
2.48,-7.3,-2.82
2.48,-7.3,-2.82
2.48,-7.3,-2.82
1.43,-8.19,-2.04
1.43,-8.19,-2.04
1.43,-8.19,-2.04
2.37,-8.21,-0.42
2.37,-8.21,-0.42
2.37,-8.21,-0.42
2.06,-8.17,-1.05
2.06,-8.17,-1.05
2.06,-8.17,-1.05
1.42,-9.17,-0.13
2.53,-9.81,0.09
2.53,-9.81,0.09
2.73,-7.76,0.37
2.73,-7.76,0.37
2.73,-7.76,0.37
2.72,-8.72,3.46
2.72,-8.72,3.46
2.72,-8.72,3.46
1.87,-10.37,3.98
1.87,-10.37,3.98
2.52,-9.55,4.46
2.28,-10.04,4.67
2.28,-10.04,4.67
1.97,-9.81,4.86
1.38,-8.22,5.56
1.38,-8.22,5.56
1.38,-8.22,5.56
0.66,-9.7,6.24
0.66,-9.7,6.24
0.66,-9.7,6.24
0.85,-8.13,6.73
0.85,-8.13,6.73
0.85,-8.13,6.73
0.91,-7.77,6.85
0.91,-7.77,6.85
0.41,-8.48,6.87
-0.14,-8.46,7.24
-0.14,-8.46,7.24
-0.14,-8.46,7.24
-0.59,-7.72,6.99
-0.59,-7.72,6.99
-0.59,-7.72,6.99
-1.3,-8.06,6.4
-1.3,-8.06,6.4
-1.3,-8.06,6.4
-2.45,-9.41,6.99
-2.83,-9.1,6.71
-2.83,-9.1,6.71
-1.75,-7.2,5.75
-1.75,-7.2,5.75
-1.75,-7.2,5.75
-5.66,-6.83,5.14
-5.66,-6.83,5.14
-5.66,-6.83,5.14
-5.48,-7.29,5.94
-5.48,-7.29,5.94
-5.48,-7.29,5.94
-5.35,-6.93,5.47
-5.35,-6.93,5.47
-5.25,-6.83,5.44
-5.47,-6.61,5.43
-5.47,-6.61,5.43
-5.47,-6.61,5.43
-5.43,-5.79,4.97
-5.43,-5.79,4.97
-5.43,-5.79,4.97
-5.44,-5.78,5.26
-5.44,-5.78,5.26
-5.53,-5.59,5.28
-5.89,-4.82,5.14
-5.89,-4.82,5.14
-5.89,-4.82,5.14
-6.37,-4.38,4.92
-6.37,-4.38,4.92
-6.37,-4.38,4.92
-6.47,-4.77,5.1
-6.47,-4.77,5.1
-6.47,-4.77,5.1
-7.27,-4.68,4.86
-7.27,-4.68,4.86
-7.27,-4.68,4.86
-7.72,-4.55,4.62
-7.72,-4.55,4.62
-8.21,-4.27,4.64
-8.18,-4.78,4.32
-8.18,-4.78,4.32
-8.18,-4.78,4.32
-8.26,-4.56,3.89
-8.26,-4.56,3.89
-8.26,-4.56,3.89
-8.4,-4.61,4.09
-8.4,-4.61,4.09
-8.4,-4.61,4.09
-7.98,-5.0,4.58
-7.98,-5.0,4.58
-8.11,-5.15,4.53
-7.83,-5.93,4.92
-7.83,-5.93,4.92
-7.83,-5.93,4.92
-6.32,-6.64,5.37
-6.32,-6.64,5.37
-6.32,-6.64,5.37
-4.77,-7.0,5.74
-4.77,-7.0,5.74
-4.77,-7.0,5.74
-4.4,-7.67,6.28
-4.4,-7.67,6.28
-4.26,-8.01,6.25
-3.07,-7.34,5.81
-3.07,-7.34,5.81
-3.07,-7.34,5.81
-2.25,-7.41,5.45
-2.25,-7.41,5.45
-2.25,-7.41,5.45
-1.43,-7.37,5.62
-1.43,-7.37,5.62
-1.19,-7.7,5.5
-0.86,-7.62,5.04
-0.86,-7.62,5.04
-0.52,-6.46,5.38
1.09,-5.55,4.1
1.09,-5.55,4.1
1.09,-5.55,4.1
4.02,-6.46,5.1
4.02,-6.46,5.1
4.02,-6.46,5.1
1.26,-6.34,4.12
1.26,-6.34,4.12
1.26,-6.34,4.12
1.68,-5.9,2.89
2.38,-7.26,3.18
2.38,-7.26,3.18
1.42,-8.29,4.49
1.42,-8.29,4.49
1.42,-8.29,4.49
-0.21,-8.3,4.57
-0.21,-8.3,4.57
-0.21,-8.3,4.57
1.09,-9.04,4.67
1.09,-9.04,4.67
1.09,-9.04,4.67
-0.63,-9.18,4.06
-1.91,-9.7,4.08
-1.91,-9.7,4.08
-1.72,-9.93,4.77
-1.72,-9.93,4.77
-1.64,-8.69,4.63
-1.64,-8.69,4.63
-1.64,-8.69,4.63
-2.2,-9.3,4.24
-2.2,-9.3,4.24
-1.1,-8.84,4.32
-1.1,-8.84,4.32
-1.1,-8.84,4.32
-0.88,-8.71,4.35
-0.88,-8.71,4.35
-0.88,-8.71,4.35
-0.17,-8.31,4.49
-0.17,-8.31,4.49
-0.17,-8.31,4.49
-0.91,-8.61,4.47
-0.91,-8.61,4.47
-0.59,-8.64,4.63
-0.57,-8.77,5.21
-0.57,-8.77,5.21
-0.57,-8.77,5.21
-1.58,-9.18,6.2
-1.58,-9.18,6.2
-1.85,-8.42,5.39
-1.85,-8.42,5.39
-1.85,-8.42,5.39
-1.38,-7.71,5.38
-1.38,-7.71,5.38
-2.15,-8.16,5.62
-2.62,-8.66,5.86
-2.42,-9.13,5.73
-2.42,-9.13,5.73
-1.46,-9.58,3.92
-1.46,-9.58,3.92
-1.46,-9.58,3.92
0.21,-10.19,2.91
0.21,-10.19,2.91
0.21,-10.19,2.91
0.75,-9.76,2.35
0.82,-9.55,2.27
0.82,-9.55,2.27
0.64,-10.13,2.12
0.64,-10.13,2.12
0.64,-10.13,2.12
2.12,-10.73,1.3
2.12,-10.73,1.3
2.12,-10.73,1.3
2.12,-9.05,0.34
2.12,-9.05,0.34
2.12,-9.05,0.34
1.77,-8.28,-0.34
1.77,-8.28,-0.34
1.77,-8.95,-0.77
1.85,-9.71,-0.62
1.94,-9.97,-0.9
1.94,-9.97,-0.9
0.29,-11.97,-0.76
0.29,-11.97,-0.76
0.29,-11.97,-0.76
1.34,-15.11,3.16
1.34,-15.11,3.16
1.34,-15.11,3.16
1.02,-13.88,1.66
1.02,-13.88,1.66
1.02,-13.88,1.66
2.24,-13.15,1.17
2.24,-13.15,1.17
2.24,-13.15,1.17
2.04,-12.68,1.84
2.04,-12.68,1.84
2.04,-12.68,1.84
1.07,-11.77,2.46
1.07,-11.77,2.46
1.07,-11.77,2.46
0.19,-10.4,1.86
0.19,-10.4,1.86
0.19,-10.4,1.86
0.44,-8.27,0.1
0.44,-8.27,0.1
0.44,-8.27,0.1
0.33,-8.34,-0.54
0.33,-8.34,-0.54
0.33,-8.34,-0.54
-0.03,-7.6,-0.12
-0.03,-7.6,-0.12
-0.03,-7.6,-0.12
2.63,-7.51,4.36
2.63,-7.51,4.36
2.63,-7.51,4.36
2.65,-2.91,-2.95
2.65,-2.91,-2.95
2.65,-2.91,-2.95
3.52,-2.54,-3.04
3.52,-2.54,-3.04
3.52,-2.54,-3.04
3.83,-2.28,-2.57
3.83,-2.28,-2.57
3.83,-2.28,-2.57
4.91,-3.51,-2.0
5.46,-3.61,-1.47
5.46,-3.61,-1.47
3.96,-3.29,-0.39
3.96,-3.29,-0.39
3.96,-3.29,-0.39
3.92,-4.75,-0.25
3.92,-4.75,-0.25
3.92,-4.75,-0.25
3.75,-4.36,-0.37
3.75,-4.36,-0.37
3.75,-4.36,-0.37
2.51,-5.69,1.0
2.51,-5.69,1.0
2.05,-6.95,0.95
1.45,-5.49,0.77
1.45,-5.49,0.77
1.45,-5.49,0.77
0.87,-8.71,6.14
0.87,-8.71,6.14
0.87,-8.71,6.14
-0.04,-7.31,5.57
-0.04,-7.31,5.57
-0.04,-7.31,5.57
-1.7,-10.79,6.66
-1.7,-10.79,6.66
-1.7,-10.79,6.66
-3.61,-10.78,6.5
-3.61,-10.78,6.5
-3.61,-10.78,6.5
-4.28,-13.51,7.58
-4.28,-13.51,7.58
-4.28,-13.51,7.58
-4.42,-12.34,6.68
-4.42,-12.34,6.68
-4.42,-12.34,6.68
-6.21,-11.37,6.57
-6.21,-11.37,6.57
-5.67,-11.15,6.77
-5.73,-9.68,6.73
-5.73,-9.68,6.73
-5.73,-9.68,6.73
-5.18,-7.82,6.66
-5.18,-7.82,6.66
-5.18,-7.82,6.66
-4.93,-7.38,6.65
-4.93,-7.38,6.65
-4.93,-7.38,6.65
-4.9,-6.64,6.65
-4.9,-6.64,6.65
-4.94,-6.38,6.87
-4.63,-5.81,6.97
-4.63,-5.81,6.97
-4.63,-5.81,6.97
-4.51,-5.82,6.76
-4.51,-5.82,6.76
-4.51,-5.82,6.76
-4.52,-5.78,6.65
-4.52,-5.78,6.65
-4.52,-5.78,6.65
-4.18,-5.55,6.58
-4.18,-5.55,6.58
-4.27,-5.6,6.53
-4.1,-5.71,6.66
-4.1,-5.71,6.66
-4.1,-5.71,6.66
-4.03,-6.23,6.81
-4.03,-6.23,6.81
-4.03,-6.23,6.81
-3.63,-5.93,6.42
-3.63,-5.93,6.42
-3.63,-5.93,6.42
-4.51,-5.9,6.08
-4.51,-5.9,6.08
-4.98,-5.89,6.15
-4.43,-6.44,6.34
-4.43,-6.44,6.34
-4.43,-6.44,6.34
-4.29,-5.89,5.76
-4.29,-5.89,5.76
-4.29,-5.89,5.76
-4.75,-6.24,5.88
-4.75,-6.24,5.88
-4.38,-6.44,5.99
-3.89,-5.99,5.98
-3.89,-5.99,5.98
-3.89,-5.99,5.98
-5.56,-5.02,5.4
-5.56,-5.02,5.4
-5.56,-5.02,5.4
-5.98,-5.99,5.66
-5.98,-5.99,5.66
-5.98,-5.99,5.66
-5.47,-5.69,5.48
-5.67,-5.46,5.4
-5.51,-5.97,5.72
-5.51,-5.97,5.72
-5.41,-5.83,6.05
-6.01,-4.47,5.29
-6.01,-4.47,5.29
-6.14,-6.0,5.57
-6.14,-6.0,5.57
-6.14,-6.0,5.57
-5.87,-5.42,5.42
-5.87,-5.42,5.42
-5.55,-5.21,5.1
-5.48,-5.59,5.03
-5.27,-5.49,5.08
-5.27,-5.49,5.08
-5.26,-5.87,5.69
-5.26,-5.87,5.69
-5.26,-5.87,5.69
-5.72,-5.22,5.3
-5.72,-5.22,5.3
-5.72,-5.22,5.3
-4.51,-6.42,5.9
-4.51,-6.42,5.9
-4.51,-6.42,5.9
-5.03,-5.27,5.59
-5.63,-6.2,5.52
-5.63,-6.2,5.52
-5.26,-6.41,5.62
-5.26,-6.41,5.62
-5.26,-6.41,5.62
-5.53,-5.66,5.37
-5.53,-5.66,5.37
-5.53,-5.66,5.37
-5.45,-5.38,5.49
-5.45,-5.38,5.49
-5.45,-5.38,5.49
-5.52,-5.74,5.68
-5.59,-5.56,5.76
-5.59,-5.56,5.76
-5.77,-4.93,5.61
-5.77,-4.93,5.61
-5.77,-4.93,5.61
-5.56,-5.26,5.68
-5.56,-5.26,5.68
-5.56,-5.26,5.68
-5.78,-5.17,5.69
-5.78,-5.17,5.69
-5.78,-5.17,5.69
-6.04,-5.05,5.67
-6.04,-5.05,5.67
-6.04,-5.05,5.67
-5.74,-5.54,5.71
-5.74,-5.54,5.71
-5.74,-5.54,5.71
-5.67,-5.26,5.21
-5.67,-5.26,5.21
-5.67,-5.26,5.21
-5.43,-5.41,5.43
-5.43,-5.41,5.43
-5.32,-5.68,5.59
-5.11,-5.58,5.41
-5.11,-5.58,5.41
-5.64,-5.2,5.19
-5.13,-5.46,5.84
-5.13,-5.46,5.84
-5.13,-5.46,5.84
-5.88,-5.23,5.59
-5.88,-5.23,5.59
-5.88,-5.23,5.59
-5.34,-5.39,5.62
-5.64,-5.03,5.45
-5.64,-5.03,5.45
-5.59,-5.5,5.69
-5.59,-5.5,5.69
-5.59,-5.5,5.69
-5.73,-5.1,5.42
-5.73,-5.1,5.42
-5.73,-5.1,5.42
-5.7,-5.44,5.65
-5.7,-5.44,5.65
-5.7,-5.44,5.65
-5.54,-4.88,5.58
-5.71,-5.18,5.68
-5.71,-5.18,5.68
-5.63,-5.24,5.56
-5.63,-5.24,5.56
-5.63,-5.24,5.56
-5.71,-5.2,5.59
-5.71,-5.2,5.59
-5.71,-5.2,5.59
-5.81,-5.13,5.55
-5.81,-5.13,5.55
-5.81,-5.13,5.55
-5.73,-5.29,5.64
-5.7,-5.35,5.63
-5.7,-5.35,5.63
-5.71,-5.22,5.52
-5.71,-5.22,5.52
-5.71,-5.22,5.52
-5.7,-5.29,5.55
-5.7,-5.29,5.55
-5.7,-5.29,5.55
-5.66,-5.41,5.54
-5.66,-5.41,5.54
-5.66,-5.41,5.54
-5.61,-5.25,5.59
-5.61,-5.25,5.59
-5.61,-5.25,5.59
-5.56,-5.31,5.61
-5.56,-5.31,5.61
-5.56,-5.31,5.61
-5.68,-5.23,5.62
-5.68,-5.23,5.62
-5.68,-5.23,5.62
-5.85,-5.3,5.53
-5.85,-5.3,5.53
-5.85,-5.3,5.53
-5.97,-5.31,5.56
-5.97,-5.31,5.56
-5.97,-5.31,5.56
-6.21,-5.55,5.46
-6.36,-5.56,5.44
-6.36,-5.56,5.44
-6.15,-5.58,5.39
-6.15,-5.58,5.39
-6.15,-5.58,5.39
-5.94,-4.51,5.44
-5.94,-4.51,5.44
-5.94,-4.51,5.44
-6.11,-6.19,6.07
-6.11,-6.19,6.07
-6.11,-6.19,6.07
-4.18,-5.89,6.13
-4.18,-5.89,6.13
-4.18,-5.89,6.13
-3.8,-6.25,6.65
-3.8,-6.25,6.65
-3.8,-6.25,6.65
-3.84,-6.39,6.64
-3.84,-6.39,6.64
-3.84,-6.39,6.64
-4.05,-6.16,6.67
-4.05,-6.16,6.67
-3.96,-5.67,6.9
-3.82,-5.78,7.1
-3.82,-5.78,7.1
-3.82,-5.78,7.1
-3.36,-5.75,6.61
-3.36,-5.75,6.61
-3.36,-5.75,6.61
-3.34,-5.45,6.85
-3.34,-5.45,6.85
-3.13,-5.6,6.62
-3.13,-5.6,6.62
-3.13,-5.6,6.62
-2.61,-5.25,6.6
-2.61,-5.25,6.6
-2.61,-5.25,6.6
-2.43,-6.17,7.23
-2.43,-6.17,7.23
-2.43,-6.17,7.23
-2.27,-6.05,7.55
-2.27,-6.05,7.55
-2.27,-6.05,7.55
-3.3,-5.76,7.36
-3.3,-5.76,7.36
-3.3,-5.76,7.36
-3.54,-5.21,6.76
-3.54,-5.21,6.76
-3.54,-5.21,6.76
-3.39,-6.1,7.03
-3.39,-6.1,7.03
-3.39,-6.1,7.03
-2.57,-5.52,6.95
-2.57,-5.52,6.95
-2.57,-5.52,6.95
-2.44,-6.62,7.12
-2.44,-6.62,7.12
-2.43,-6.38,6.99
-2.33,-6.24,6.97
-2.35,-6.4,6.93
-2.35,-6.4,6.93
-2.65,-6.66,7.11
-2.65,-6.66,7.11
-2.65,-6.66,7.11
-3.21,-6.37,7.14
-3.21,-6.37,7.14
-3.21,-6.37,7.14
-3.06,-6.5,7.25
-3.06,-6.5,7.25
-3.06,-6.5,7.25
-3.42,-5.9,6.82
-3.42,-5.9,6.82
-3.42,-5.9,6.82
-3.51,-5.95,6.74
-3.51,-5.95,6.74
-3.51,-5.95,6.74
-4.17,-6.12,6.86
-4.17,-6.12,6.86
-4.17,-6.12,6.86
-3.58,-5.93,6.34
-3.58,-5.93,6.34
-3.33,-5.75,6.35
-3.32,-6.01,7.01
-3.32,-6.01,7.01
-3.32,-6.01,7.01
-3.18,-5.88,7.07
-3.18,-5.88,7.07
-3.18,-5.88,7.07
-3.52,-5.78,7.39
-3.52,-5.78,7.39
-3.52,-5.78,7.39
-3.99,-5.63,7.31
-3.99,-5.63,7.31
-3.94,-5.57,7.19
-4.11,-5.99,7.13
-4.11,-5.99,7.13
-4.11,-5.99,7.13
-3.9,-5.62,6.71
-3.9,-5.62,6.71
-3.9,-5.62,6.71
-3.61,-5.16,6.34
-3.61,-5.16,6.34
-3.61,-5.16,6.34
-3.12,-5.66,7.21
-3.12,-5.66,7.21
-3.12,-5.66,7.21
-3.18,-5.78,7.35
-3.18,-5.78,7.35
-3.18,-5.78,7.35
-3.32,-4.74,6.91
-3.32,-4.74,6.91
-3.32,-4.74,6.91
-3.65,-5.46,6.91
-3.65,-5.46,6.91
-3.65,-5.46,6.91
-4.06,-5.45,6.56
-4.04,-5.32,6.8
-4.04,-5.32,6.8
-3.28,-5.66,7.46
-3.28,-5.66,7.46
-3.28,-5.66,7.46
-3.34,-5.11,7.42
-3.34,-5.11,7.42
-3.34,-5.11,7.42
-3.56,-4.39,7.59
-3.56,-4.39,7.59
-3.56,-4.39,7.59
-3.5,-5.16,7.93
-3.64,-5.07,7.8
-3.64,-5.07,7.8
-3.68,-4.54,7.52
-3.68,-4.54,7.52
-3.68,-4.54,7.52
-3.25,-5.04,7.58
-3.25,-5.04,7.58
-3.25,-5.04,7.58
-3.61,-5.59,7.8
-3.61,-5.59,7.8
-3.57,-5.66,7.97
-3.31,-5.32,7.67
-3.31,-5.32,7.67
-3.31,-5.32,7.67
-3.38,-5.31,7.42
-3.38,-5.31,7.42
-3.38,-5.31,7.42
-3.4,-5.01,7.19
-3.4,-5.01,7.19
-3.4,-5.01,7.19
-3.44,-6.16,7.47
-3.44,-6.16,7.47
-3.62,-6.2,7.53
-4.04,-5.83,7.22
-4.04,-5.83,7.22
-4.04,-5.83,7.22
-3.93,-6.18,7.27
-3.93,-6.18,7.27
-3.93,-6.18,7.27
-3.37,-5.51,7.58
-3.37,-5.51,7.58
-3.37,-5.51,7.58
-3.09,-5.94,8.01
-3.09,-5.94,8.01
-3.09,-5.94,8.01
-3.25,-5.19,7.59
-3.25,-5.19,7.59
-3.25,-5.19,7.59
-3.53,-5.62,7.44
-3.53,-5.62,7.44
-3.53,-5.62,7.44
-3.6,-5.69,7.2
-3.6,-5.69,7.2
-3.6,-5.69,7.2
-3.96,-5.22,6.76
-3.96,-5.22,6.76
-3.96,-5.22,6.76
-3.6,-5.35,6.3
-3.6,-5.35,6.3
-3.64,-5.32,6.46
-3.64,-5.32,6.46
-3.64,-5.32,6.46
-3.72,-5.63,6.96
-3.72,-5.63,6.96
-3.44,-5.31,6.87
-3.44,-5.31,6.87
-3.44,-5.31,6.87
-3.34,-4.85,6.34
-3.34,-4.85,6.34
-3.34,-4.85,6.34
-3.73,-6.44,6.49
-3.73,-6.44,6.49
-3.73,-6.44,6.49
-3.76,-6.66,8.8
-3.76,-6.66,8.8
-3.76,-6.66,8.8
-3.67,-5.79,8.71
-3.56,-4.87,7.66
-3.56,-4.87,7.66
-3.57,-4.95,6.29
-3.57,-4.95,6.29
-3.57,-4.95,6.29
-3.48,-5.66,6.99
-3.48,-5.66,6.99
-3.48,-5.66,6.99
-3.76,-6.42,7.9
-3.76,-6.42,7.9
-3.76,-6.42,7.9
-3.1,-5.3,7.26
-3.1,-5.3,7.26
-3.1,-5.3,7.26
-3.59,-5.81,6.92
-3.59,-5.81,6.92
-3.59,-5.81,6.92
-3.42,-5.49,6.94
-3.42,-5.49,6.94
-3.42,-5.49,6.94
-3.36,-5.44,7.16
-3.36,-5.44,7.16
-3.66,-5.84,7.19
-3.66,-5.84,7.19
-3.74,-5.74,7.03
-3.74,-5.57,7.0
-3.74,-5.57,7.0
-3.62,-5.28,6.99
-3.77,-5.51,7.11
-3.77,-5.51,7.11
-3.77,-5.51,7.11
-3.5,-5.38,7.18
-3.5,-5.38,7.18
-3.5,-5.38,7.18
-3.59,-5.14,7.1
-3.59,-5.14,7.1
-3.66,-5.2,7.2
-3.66,-5.73,7.53
-3.66,-5.73,7.53
-3.66,-5.73,7.53
-3.88,-5.47,7.27
-3.88,-5.47,7.27
-3.88,-5.47,7.27
-3.79,-5.41,7.05
-3.79,-5.41,7.05
-3.79,-5.41,7.05
-3.74,-5.93,7.48
-3.74,-5.93,7.48
-3.74,-5.93,7.48
-3.25,-5.32,6.97
-3.25,-5.32,6.97
-3.25,-5.32,6.97
-3.55,-5.11,6.91
-3.55,-5.11,6.91
-3.55,-5.11,6.91
-4.0,-5.55,7.49
-4.0,-5.55,7.49
-4.0,-5.55,7.49
-3.85,-5.47,7.38
-3.74,-5.17,7.05
-3.74,-5.17,7.05
-3.6,-5.36,6.84
-3.6,-5.36,6.84
-3.6,-5.36,6.84
-3.86,-5.8,7.17
-3.86,-5.8,7.17
-3.86,-5.8,7.17
-3.89,-5.34,7.29
-3.89,-5.34,7.29
-3.89,-5.34,7.29
-4.0,-5.5,7.29
-4.0,-5.5,7.29
-3.86,-5.33,7.14
-3.55,-5.0,7.19
-3.61,-5.47,7.18
-3.61,-5.47,7.18
-3.91,-5.89,7.08
-3.91,-5.89,7.08
-3.91,-5.89,7.08
-3.71,-5.55,6.9
-3.71,-5.55,6.9
-3.71,-5.55,6.9
-3.82,-4.92,6.9
-3.82,-4.92,6.9
-3.82,-4.92,6.9
-3.98,-5.11,6.95
-3.98,-5.11,6.95
-3.98,-5.11,6.95
-4.01,-5.26,7.06
-4.01,-5.26,7.06
-4.01,-5.26,7.06
-4.32,-4.82,6.75
-4.32,-4.82,6.75
-4.32,-4.82,6.75
-4.49,-5.49,7.13
-4.49,-5.49,7.13
-4.26,-5.75,7.28
-4.09,-5.49,7.06
-4.09,-5.49,7.06
-3.66,-5.66,7.24
-3.66,-5.66,7.24
-3.66,-5.66,7.24
-3.79,-5.36,7.04
-3.79,-5.36,7.04
-3.79,-5.36,7.04
-3.76,-5.18,7.13
-3.76,-5.18,7.13
-3.87,-5.23,7.26
-4.04,-5.27,7.48
-4.04,-5.27,7.48
-4.04,-5.27,7.48
-3.83,-6.07,7.15
-3.83,-6.07,7.15
-3.83,-6.07,7.15
-3.33,-5.62,7.23
-3.33,-5.62,7.23
-3.45,-5.81,7.51
-3.51,-6.23,7.69
-3.51,-6.23,7.69
-3.34,-6.23,7.59
-3.69,-6.01,6.94
-3.69,-6.01,6.94
-3.69,-6.01,6.94
-3.39,-6.19,7.2
-3.39,-6.19,7.2
-3.39,-6.19,7.2
-3.19,-6.48,7.57
-3.19,-6.48,7.57
-2.83,-6.12,7.5
-2.62,-5.97,7.44
-2.62,-5.97,7.44
-3.02,-6.17,7.44
-2.6,-6.15,7.21
-2.6,-6.15,7.21
-2.6,-6.15,7.21
-2.27,-6.6,7.14
-2.27,-6.6,7.14
-2.27,-6.6,7.14
-2.1,-6.09,6.91
-2.1,-6.09,6.91
-2.12,-6.52,6.79
-2.7,-6.39,6.72
-2.7,-6.39,6.72
-2.82,-6.12,6.57
-2.82,-6.12,6.57
-2.82,-6.12,6.57
-1.87,-7.48,7.52
-1.87,-7.48,7.52
-1.87,-7.48,7.52
-1.23,-7.39,7.53
-1.23,-7.39,7.53
-1.23,-7.39,7.53
-1.83,-6.46,6.43
-1.85,-6.67,6.34
-1.01,-7.54,6.44
-1.01,-7.54,6.44
-1.01,-7.54,6.44
-1.41,-7.36,6.74
-1.41,-7.36,6.74
-1.41,-7.36,6.74
-1.43,-7.5,6.33
-1.43,-7.5,6.33
-1.43,-7.5,6.33
-1.48,-8.07,6.47
-1.48,-8.07,6.47
-1.48,-8.07,6.47
-0.93,-8.21,5.89
-0.93,-8.21,5.89
-0.93,-8.21,5.89
-0.99,-8.77,6.12
-0.99,-8.77,6.12
-0.99,-8.77,6.12
-1.54,-7.51,6.0
-1.54,-7.51,6.0
-1.54,-7.51,6.0
-0.64,-8.91,5.97
-0.64,-8.91,5.97
-0.64,-8.91,5.97
-0.54,-8.6,5.86
-0.54,-8.6,5.86
-0.54,-8.6,5.86
-0.54,-7.9,5.69
-0.54,-7.9,5.69
-0.54,-7.9,5.69
-1.01,-7.92,4.55
-1.01,-7.92,4.55
-1.01,-7.92,4.55
-0.76,-9.89,4.72
-0.81,-9.77,4.33
-0.99,-9.51,4.05
-0.99,-9.51,4.05
-0.99,-9.51,4.05
-1.37,-9.69,2.89
-1.37,-9.69,2.89
-1.37,-9.69,2.89
-0.64,-9.59,2.91
-0.64,-9.59,2.91
-0.64,-9.59,2.91
-0.6,-9.9,3.06
-0.6,-9.9,3.06
-0.31,-9.6,2.81
-0.28,-10.04,2.46
-0.28,-10.04,2.46
-0.28,-10.04,2.46
-0.52,-8.84,1.45
-0.52,-8.84,1.45
-0.52,-8.84,1.45
-0.55,-9.96,1.78
-0.55,-9.96,1.78
-0.55,-9.96,1.78
-0.46,-9.81,1.02
-0.46,-9.81,1.02
-0.21,-9.8,0.62
-0.09,-9.52,0.57
-0.09,-9.52,0.57
-0.09,-9.52,0.57
0.08,-10.05,0.53
0.08,-10.05,0.53
0.08,-10.05,0.53
0.3,-9.26,-0.12
0.3,-9.26,-0.12
0.3,-9.26,-0.12
0.05,-9.51,-0.14
0.05,-9.51,-0.14
0.05,-9.51,-0.14
0.88,-9.29,0.25
0.88,-9.29,0.25
0.88,-9.29,0.25
1.32,-8.2,-2.25
1.32,-8.2,-2.25
1.32,-8.2,-2.25
0.83,-8.17,-2.76
0.83,-8.17,-2.76
1.2,-8.54,-3.63
1.57,-8.85,-3.23
1.57,-8.85,-3.23
1.57,-8.85,-3.23
1.41,-7.57,-3.9
1.41,-7.57,-3.9
1.41,-7.57,-3.9
1.36,-7.6,-4.29
1.36,-7.6,-4.29
1.36,-7.6,-4.29
1.42,-7.77,-4.18
1.42,-7.77,-4.18
2.23,-7.7,-4.76
2.23,-7.7,-4.76
2.23,-7.7,-4.76
2.23,-7.84,-4.89
2.23,-7.84,-4.89
2.23,-7.84,-4.89
2.0,-7.82,-4.55
2.0,-7.82,-4.55
2.0,-7.82,-4.55
2.1,-7.37,-4.89
2.1,-7.37,-4.89
2.1,-7.37,-4.89
1.84,-6.66,-4.54
1.84,-6.66,-4.54
1.84,-6.66,-4.54
2.33,-6.21,-5.4
2.33,-6.21,-5.4
2.33,-6.21,-5.4
3.03,-6.41,-5.36
3.03,-6.41,-5.36
3.03,-6.41,-5.36
2.74,-5.45,-5.61
2.74,-5.45,-5.61
2.74,-5.45,-5.61
2.74,-7.01,-5.38
2.21,-5.96,-5.53
2.21,-5.96,-5.53
2.45,-5.48,-5.72
2.45,-5.48,-5.72
2.45,-5.48,-5.72
2.4,-6.34,-6.03
2.4,-6.34,-6.03
2.4,-6.34,-6.03
2.63,-6.41,-6.17
2.63,-6.41,-6.17
2.36,-6.76,-6.23
2.83,-6.04,-6.37
2.89,-5.66,-6.24
2.89,-5.66,-6.24
2.64,-6.54,-6.4
2.64,-6.54,-6.4
2.64,-6.54,-6.4
2.72,-6.37,-6.63
2.72,-6.37,-6.63
2.72,-6.37,-6.63
2.82,-6.91,-6.06
2.82,-6.91,-6.06
2.82,-6.91,-6.06
2.42,-6.35,-6.46
2.42,-6.35,-6.46
2.53,-7.17,-6.43
2.64,-7.02,-6.16
2.64,-7.02,-6.16
2.64,-7.02,-6.16
2.49,-6.81,-6.45
2.49,-6.81,-6.45
2.49,-6.81,-6.45
2.45,-6.63,-6.08
2.45,-6.63,-6.08
2.45,-6.63,-6.08
2.55,-6.84,-6.42
2.55,-6.84,-6.42
2.59,-6.83,-6.4
2.59,-6.83,-6.4
2.59,-6.83,-6.4
2.31,-7.16,-6.33
2.31,-7.16,-6.33
2.31,-7.16,-6.33
2.45,-6.78,-6.27
2.38,-6.93,-6.08
2.38,-6.93,-6.08
2.15,-6.57,-6.31
2.15,-6.57,-6.31
2.15,-6.57,-6.31
2.1,-6.67,-6.46
2.1,-6.67,-6.46
2.1,-6.67,-6.46
1.91,-6.51,-6.53
1.91,-6.51,-6.53
1.91,-6.51,-6.53
2.03,-6.65,-6.17
2.03,-6.65,-6.17
1.92,-6.82,-6.4
2.22,-6.5,-6.64
2.22,-6.5,-6.64
2.22,-6.5,-6.64
2.3,-7.06,-6.53
2.3,-7.06,-6.53
2.3,-7.06,-6.53
2.07,-6.27,-6.39
2.07,-6.27,-6.39
2.07,-6.27,-6.39
2.05,-6.68,-6.22
2.05,-6.68,-6.22
1.95,-6.59,-6.38
2.14,-6.35,-6.46
2.14,-6.35,-6.46
2.14,-6.35,-6.46
2.36,-6.74,-6.15
2.36,-6.74,-6.15
2.36,-6.74,-6.15
2.06,-6.91,-6.6
2.06,-6.91,-6.6
2.06,-6.91,-6.6
2.35,-6.72,-6.14
2.35,-6.72,-6.14
2.35,-6.72,-6.14
1.94,-6.91,-6.4
1.94,-6.91,-6.4
1.94,-6.91,-6.4
2.13,-6.64,-6.44
2.13,-6.64,-6.44
1.98,-6.81,-6.48
1.98,-6.81,-6.48
1.98,-6.81,-6.48
2.11,-6.81,-6.26
2.11,-6.81,-6.26
1.94,-7.09,-6.37
1.91,-6.53,-6.38
1.91,-6.53,-6.38
1.91,-6.53,-6.38
2.07,-6.74,-6.4
2.07,-6.74,-6.4
2.07,-6.74,-6.4
1.74,-6.59,-6.54
1.74,-6.59,-6.54
1.74,-6.59,-6.54
1.74,-6.87,-6.3
1.74,-6.87,-6.3
1.79,-6.6,-6.2
2.02,-6.08,-6.25
2.28,-5.92,-6.29
2.28,-5.92,-6.29
1.78,-6.82,-6.4
1.78,-6.82,-6.4
1.78,-6.82,-6.4
1.79,-6.5,-6.73
1.79,-6.5,-6.73
1.79,-6.5,-6.73
1.89,-7.36,-6.32
1.89,-7.36,-6.32
1.89,-7.36,-6.32
2.24,-6.3,-6.08
2.24,-6.3,-6.08
2.24,-6.3,-6.08
2.23,-6.97,-6.3
2.23,-6.97,-6.3
2.23,-6.97,-6.3
1.76,-6.92,-6.43
1.76,-6.92,-6.43
1.76,-6.92,-6.43
1.83,-6.66,-6.4
1.83,-6.66,-6.4
1.83,-6.66,-6.4
1.94,-6.93,-6.35
1.94,-6.93,-6.35
1.94,-6.93,-6.35
1.92,-6.41,-6.12
1.92,-6.41,-6.12
1.92,-6.41,-6.12
2.32,-7.19,-6.17
2.32,-7.19,-6.17
2.32,-7.19,-6.17
1.97,-6.54,-6.45
1.97,-6.54,-6.45
1.8,-6.86,-6.36
1.67,-7.03,-6.03
1.67,-7.03,-6.03
1.67,-7.03,-6.03
1.61,-6.72,-6.57
1.61,-6.72,-6.57
1.61,-6.72,-6.57
2.0,-5.84,-6.15
2.0,-5.84,-6.15
2.0,-5.84,-6.15
2.1,-6.3,-5.98
2.1,-6.3,-5.98
2.2,-7.29,-5.96
1.78,-6.72,-6.42
1.78,-6.72,-6.42
1.78,-6.72,-6.42
2.06,-7.36,-5.86
2.06,-7.36,-5.86
2.06,-7.36,-5.86
1.74,-7.37,-6.18
1.74,-7.37,-6.18
1.2,-6.34,-6.55
1.18,-6.12,-6.03
1.81,-7.3,-5.45
1.81,-7.3,-5.45
1.7,-6.79,-5.96
1.7,-6.79,-5.96
1.7,-6.79,-5.96
1.8,-6.8,-5.26
1.8,-6.8,-5.26
1.8,-6.8,-5.26
0.11,-6.12,-5.0
0.11,-6.12,-5.0
0.11,-6.12,-5.0
1.27,-7.7,-5.96
1.27,-7.7,-5.96
2.74,-8.27,-5.81
2.58,-7.53,-5.06
2.58,-7.53,-5.06
2.58,-7.53,-5.06
2.59,-8.54,-5.76
2.59,-8.54,-5.76
2.59,-8.54,-5.76
2.04,-7.98,-6.0
2.04,-7.98,-6.0
1.78,-8.16,-5.75
1.31,-8.11,-4.71
1.77,-8.27,-4.9
1.77,-8.27,-4.9
1.59,-8.05,-5.67
1.59,-8.05,-5.67
1.59,-8.05,-5.67
1.87,-7.9,-5.68
1.87,-7.9,-5.68
1.87,-7.9,-5.68
4.38,-8.14,-4.54
4.38,-8.14,-4.54
4.38,-8.14,-4.54
2.5,-7.35,-6.13
2.5,-7.35,-6.13
2.5,-7.35,-6.13
2.95,-7.67,-5.32
2.95,-7.67,-5.32
3.8,-7.57,-5.08
3.8,-7.57,-5.08
3.8,-7.57,-5.08
1.15,-6.52,-5.75
1.15,-6.52,-5.75
1.15,-6.52,-5.75
1.29,-6.51,-5.6
1.72,-8.1,-5.13
1.72,-8.1,-5.13
1.43,-7.41,-4.87
1.43,-7.41,-4.87
1.43,-7.41,-4.87
1.64,-8.49,-4.87
1.64,-8.49,-4.87
1.64,-8.49,-4.87
1.05,-8.59,-5.37
1.05,-8.59,-5.37
1.1,-9.29,-5.71
1.79,-9.49,-5.54
1.79,-9.49,-5.54
2.52,-8.83,-5.17
3.02,-8.19,-5.62
3.02,-8.19,-5.62
3.02,-8.19,-5.62
2.5,-7.78,-5.38
2.5,-7.78,-5.38
2.5,-7.78,-5.38
2.38,-7.56,-5.68
2.38,-7.56,-5.68
2.38,-7.56,-5.68
0.75,-6.6,-5.89
0.75,-6.6,-5.89
0.75,-6.6,-5.89
1.01,-8.72,-5.23
1.01,-8.72,-5.23
1.01,-8.72,-5.23
2.87,-6.89,-5.48
2.87,-6.89,-5.48
2.87,-6.89,-5.48
0.67,-8.76,-6.42
0.67,-8.76,-6.42
0.77,-7.23,-6.32
0.95,-7.22,-4.84
0.95,-7.22,-4.84
0.95,-7.22,-4.84
0.82,-5.54,-5.54
0.82,-5.54,-5.54
0.82,-5.54,-5.54
0.99,-8.09,-5.46
0.99,-8.09,-5.46
0.99,-8.09,-5.46
1.74,-7.5,-6.69
1.74,-7.5,-6.69
1.74,-7.5,-6.69
2.66,-5.71,-7.33
2.66,-5.71,-7.33
2.66,-5.71,-7.33
2.1,-6.06,-6.75
2.1,-6.06,-6.75
2.1,-6.06,-6.75
1.27,-5.32,-7.27
1.27,-5.32,-7.27
1.27,-5.32,-7.27
3.69,-6.45,-6.99
3.69,-6.45,-6.99
3.69,-6.45,-6.99
0.16,-6.03,-8.16
0.16,-6.03,-8.16
0.16,-6.03,-8.16
2.68,-3.85,-7.12
2.68,-3.85,-7.12
2.68,-3.85,-7.12
1.4,-7.0,-7.53
1.4,-7.0,-7.53
1.4,-7.0,-7.53
0.45,-4.45,-7.72
1.34,-6.48,-7.16
1.34,-6.48,-7.16
0.27,-4.69,-7.15
0.27,-4.69,-7.15
0.27,-4.69,-7.15
1.3,-5.26,-7.47
1.3,-5.26,-7.47
1.3,-5.26,-7.47
0.46,-7.2,-8.07
0.46,-7.2,-8.07
0.46,-7.2,-8.07
2.57,-3.55,-6.83
-0.22,-3.87,-7.6
-0.22,-3.87,-7.6
1.67,-6.36,-6.58
1.67,-6.36,-6.58
1.67,-6.36,-6.58
0.5,-4.6,-7.88
0.5,-4.6,-7.88
0.5,-4.6,-7.88
1.46,-5.11,-8.42
1.46,-5.11,-8.42
1.46,-5.11,-8.42
0.45,-6.08,-7.34
1.17,-4.83,-6.71
1.17,-4.83,-6.71
-1.55,-5.83,-8.3
-1.55,-5.83,-8.3
-1.55,-5.83,-8.3
2.34,-5.72,-7.07
2.34,-5.72,-7.07
2.34,-5.72,-7.07
-0.62,-5.05,-7.86
-0.62,-5.05,-7.86
-0.62,-5.05,-7.86
2.1,-5.62,-7.88
-1.14,-5.41,-8.04
-1.14,-5.41,-8.04
1.7,-5.33,-7.57
1.7,-5.33,-7.57
1.7,-5.33,-7.57
-0.44,-5.7,-8.06
-0.44,-5.7,-8.06
-0.44,-5.7,-8.06
1.47,-4.41,-7.19
1.47,-4.41,-7.19
1.47,-4.41,-7.19
-1.4,-5.35,-7.74
-1.4,-5.35,-7.74
-1.4,-5.35,-7.74
2.05,-3.91,-7.38
-0.26,-5.87,-7.87
-0.26,-5.87,-7.87
1.34,-4.87,-7.87
1.34,-4.87,-7.87
1.34,-4.87,-7.87
-0.83,-5.23,-7.7
-0.83,-5.23,-7.7
-0.83,-5.23,-7.7
1.59,-4.36,-7.87
0.57,-5.24,-8.04
0.55,-5.25,-7.82
0.55,-5.25,-7.82
0.55,-5.25,-7.82
0.37,-5.46,-7.82
0.37,-5.46,-7.82
0.37,-5.46,-7.82
0.69,-4.83,-7.75
0.69,-4.83,-7.75
-0.04,-6.05,-7.63
-0.04,-6.05,-7.63
-0.04,-6.05,-7.63
-0.75,-5.99,-7.92
-0.75,-5.99,-7.92
-0.75,-5.99,-7.92
1.57,-4.1,-7.71
1.57,-4.1,-7.71
1.57,-4.1,-7.71
-0.29,-5.4,-7.68
-0.29,-5.4,-7.68
-0.29,-5.4,-7.68
0.62,-5.21,-7.67
-0.09,-5.53,-8.03
-0.09,-5.53,-8.03
0.53,-5.32,-7.54
0.53,-5.32,-7.54
0.53,-5.32,-7.54
0.33,-5.55,-7.63
0.33,-5.55,-7.63
0.33,-5.55,-7.63
0.62,-5.0,-7.81
0.62,-5.0,-7.81
0.62,-5.0,-7.81
0.22,-5.07,-7.77
0.22,-5.07,-7.77
-0.06,-5.39,-7.93
0.34,-5.49,-7.79
0.91,-4.8,-7.57
0.91,-4.8,-7.57
-0.08,-5.36,-8.01
-0.08,-5.36,-8.01
-0.08,-5.36,-8.01
0.88,-4.92,-7.5
0.88,-4.92,-7.5
0.39,-5.13,-7.69
-0.1,-5.26,-8.12
-0.1,-5.26,-8.12
1.24,-4.86,-7.81
-0.58,-5.7,-7.83
-0.58,-5.7,-7.83
-0.58,-5.7,-7.83
1.16,-4.83,-7.66
1.16,-4.83,-7.66
1.16,-4.83,-7.66
0.04,-5.42,-7.97
0.04,-5.42,-7.97
0.04,-5.42,-7.97
0.33,-4.95,-7.64
0.33,-4.95,-7.64
0.25,-4.95,-7.6
0.37,-5.23,-8.07
0.37,-5.23,-8.07
0.37,-5.23,-8.07
0.56,-5.58,-7.84
0.56,-5.58,-7.84
0.13,-4.93,-7.92
0.13,-4.93,-7.92
0.13,-4.93,-7.92
0.16,-5.14,-7.74
0.48,-4.84,-7.52
-0.09,-5.23,-8.05
-0.09,-5.23,-8.05
-0.09,-5.23,-8.05
0.91,-4.75,-7.61
0.91,-4.75,-7.61
0.91,-4.75,-7.61
-0.47,-5.43,-8.06
-0.47,-5.43,-8.06
-0.47,-5.43,-8.06
0.85,-5.06,-7.46
0.39,-4.99,-7.8
0.39,-4.99,-7.8
0.61,-5.25,-7.73
0.61,-5.25,-7.73
0.61,-5.25,-7.73
0.34,-5.25,-8.0
0.34,-5.25,-8.0
0.34,-5.25,-8.0
-0.09,-5.62,-7.89
-0.09,-5.62,-7.89
-0.09,-5.62,-7.89
0.91,-4.74,-7.58
0.91,-4.74,-7.58
0.91,-4.74,-7.58
-0.26,-4.84,-7.82
-0.26,-4.84,-7.82
-0.26,-4.84,-7.82
0.39,-5.47,-7.72
0.39,-5.47,-7.72
0.39,-5.47,-7.72
0.24,-5.19,-7.92
0.24,-5.19,-7.92
0.88,-4.83,-7.54
0.15,-5.05,-7.6
0.1,-5.21,-7.84
0.1,-5.21,-7.84
0.63,-4.85,-7.71
0.63,-4.85,-7.71
0.63,-4.85,-7.71
0.21,-5.47,-7.84
0.21,-5.47,-7.84
0.21,-5.47,-7.84
0.26,-5.41,-7.72
0.26,-5.41,-7.72
-0.14,-5.73,-7.91
0.63,-4.69,-7.89
0.69,-4.7,-7.73
0.69,-4.7,-7.73
0.01,-5.4,-7.87
0.01,-5.4,-7.87
0.01,-5.4,-7.87
0.57,-4.98,-7.54
0.57,-4.98,-7.54
0.57,-4.98,-7.54
0.35,-5.03,-7.9
0.35,-5.03,-7.9
0.28,-5.05,-7.82
0.3,-5.27,-7.8
0.68,-5.28,-7.98
0.68,-5.28,-7.98
-0.07,-5.03,-7.71
-0.07,-5.03,-7.71
-0.07,-5.03,-7.71
0.76,-4.81,-7.55
0.76,-4.81,-7.55
0.76,-4.81,-7.55
-0.11,-5.69,-8.03
-0.11,-5.69,-8.03
0.68,-5.11,-7.82
0.14,-5.44,-7.83
0.14,-5.44,-7.83
0.14,-5.44,-7.83
-0.05,-4.89,-7.89
-0.05,-4.89,-7.89
-0.05,-4.89,-7.89
0.38,-5.43,-7.57
0.38,-5.43,-7.57
0.38,-5.43,-7.57
-0.08,-4.57,-7.74
-0.08,-4.57,-7.74
0.87,-4.69,-7.72
-0.25,-5.36,-7.97
-0.25,-5.36,-7.97
-0.25,-5.36,-7.97
0.97,-4.87,-7.63
0.97,-4.87,-7.63
0.97,-4.87,-7.63
-0.27,-4.88,-8.01
-0.27,-4.88,-8.01
-0.27,-4.88,-8.01
0.87,-4.96,-7.81
0.87,-4.96,-7.81
0.87,-4.96,-7.81
0.22,-5.07,-8.11
0.22,-5.07,-8.11
0.22,-5.07,-8.11
0.59,-5.41,-7.64
0.59,-5.41,-7.64
-0.77,-5.16,-8.03
-0.77,-5.16,-8.03
-0.77,-5.16,-8.03
1.67,-4.72,-7.64
1.67,-4.72,-7.64
1.67,-4.72,-7.64
0.53,-4.42,-7.41
0.53,-4.42,-7.41
0.53,-4.42,-7.41
-0.34,-5.34,-8.03
-0.34,-5.34,-8.03
-0.34,-5.34,-8.03
1.06,-4.68,-7.55
1.06,-4.68,-7.55
1.06,-4.68,-7.55
-0.25,-5.31,-8.12
-0.25,-5.31,-8.12
0.1,-4.96,-7.96
0.5,-5.13,-8.01
0.5,-5.13,-8.01
0.5,-5.13,-8.01
-0.27,-5.2,-7.79
-0.27,-5.2,-7.79
-0.27,-5.2,-7.79
0.99,-5.02,-7.55
0.99,-5.02,-7.55
0.99,-5.02,-7.55
-0.42,-5.48,-8.06
-0.42,-5.48,-8.06
-0.42,-5.48,-8.06
1.25,-4.75,-7.59
-0.04,-4.87,-7.87
-0.04,-4.87,-7.87
1.28,-4.75,-7.7
1.28,-4.75,-7.7
1.28,-4.75,-7.7
-0.48,-5.51,-8.19
-0.48,-5.51,-8.19
-0.48,-5.51,-8.19
0.75,-4.38,-7.95
0.75,-4.38,-7.95
0.62,-4.63,-7.93
0.1,-5.11,-7.9
0.72,-4.88,-7.76
0.72,-4.88,-7.76
-0.19,-5.53,-8.05
-0.19,-5.53,-8.05
-0.19,-5.53,-8.05
0.36,-4.98,-7.57
0.36,-4.98,-7.57
0.36,-4.98,-7.57
0.47,-5.02,-7.92
0.47,-5.02,-7.92
0.03,-5.48,-7.78
0.81,-4.52,-7.75
0.81,-4.52,-7.75
0.81,-4.52,-7.75
0.02,-4.99,-7.83
0.02,-4.99,-7.83
0.02,-4.99,-7.83
0.47,-5.31,-8.01
0.47,-5.31,-8.01
0.47,-5.31,-8.01
0.2,-5.03,-7.92
0.2,-5.03,-7.92
0.2,-5.03,-7.92
0.41,-5.18,-7.82
0.41,-5.18,-7.82
0.41,-5.18,-7.82
0.0,-5.02,-8.1
0.0,-5.02,-8.1
0.0,-5.02,-8.1
0.8,-4.56,-7.61
0.8,-4.56,-7.61
0.8,-4.56,-7.61
-0.52,-5.7,-8.08
-0.52,-5.7,-8.08
0.12,-5.07,-7.89
0.84,-4.69,-7.56
0.84,-4.69,-7.56
0.84,-4.69,-7.56
0.05,-5.5,-8.14
0.05,-5.5,-8.14
0.05,-5.5,-8.14
0.36,-4.98,-7.74
0.36,-4.98,-7.74
0.0,-4.75,-7.91
0.37,-5.01,-7.97
0.37,-5.01,-7.97
0.55,-5.28,-7.73
0.35,-4.8,-7.58
0.35,-4.8,-7.58
0.35,-4.8,-7.58
0.24,-5.31,-7.98
0.24,-5.31,-7.98
0.24,-5.31,-7.98
0.75,-4.93,-7.88
0.75,-4.93,-7.88
0.75,-4.93,-7.88
0.45,-5.24,-8.16
0.45,-5.24,-8.16
0.62,-5.09,-7.87
0.11,-4.99,-7.77
0.11,-4.99,-7.77
0.11,-4.99,-7.77
0.71,-5.08,-7.69
0.71,-5.08,-7.69
0.71,-5.08,-7.69
-0.3,-5.43,-8.14
-0.3,-5.43,-8.14
-0.3,-5.43,-8.14
1.45,-4.38,-7.58
1.45,-4.38,-7.58
-0.53,-5.3,-7.96
1.58,-4.65,-7.68
1.58,-4.65,-7.68
1.58,-4.65,-7.68
-0.84,-5.79,-7.96
-0.84,-5.79,-7.96
-0.84,-5.79,-7.96
1.22,-4.67,-8.0
1.22,-4.67,-8.0
0.44,-5.61,-7.81
-0.28,-4.76,-7.76
0.66,-4.09,-7.82
0.66,-4.09,-7.82
-0.53,-5.89,-7.95
-0.53,-5.89,-7.95
-0.53,-5.89,-7.95
1.22,-4.44,-7.83
1.22,-4.44,-7.83
1.22,-4.44,-7.83
-0.18,-5.65,-8.08
-0.18,-5.65,-8.08
0.23,-4.87,-7.86
0.97,-4.16,-7.85
0.41,-5.21,-7.89
0.41,-5.21,-7.89
0.19,-4.7,-7.99
0.19,-4.7,-7.99
0.19,-4.7,-7.99
0.67,-5.36,-7.59
0.67,-5.36,-7.59
0.67,-5.36,-7.59
-0.09,-4.79,-8.1
-0.09,-4.79,-8.1
0.47,-5.18,-7.9
0.92,-4.78,-7.8
1.22,-4.5,-7.93
1.22,-4.5,-7.93
-0.26,-5.61,-8.04
-0.26,-5.61,-8.04
-0.26,-5.61,-8.04
0.94,-4.33,-7.69
0.94,-4.33,-7.69
0.94,-4.33,-7.69
-0.31,-5.76,-7.9
-0.31,-5.76,-7.9
0.42,-4.38,-7.87
1.18,-4.7,-7.83
0.24,-6.18,-7.91
0.24,-6.18,-7.91
0.65,-3.85,-7.89
0.65,-3.85,-7.89
0.65,-3.85,-7.89
0.04,-5.89,-7.88
0.04,-5.89,-7.88
0.04,-5.89,-7.88
1.11,-4.1,-7.66
1.02,-5.07,-7.66
0.62,-4.31,-7.93
0.62,-4.31,-7.93
0.62,-4.31,-7.93
-0.21,-5.91,-7.93
-0.21,-5.91,-7.93
-0.21,-5.91,-7.93
0.82,-4.39,-7.86
0.82,-4.39,-7.86
0.82,-4.39,-7.86
0.42,-4.95,-7.87
0.42,-4.95,-7.87
1.21,-4.21,-7.7
0.15,-5.14,-7.89
0.15,-5.14,-7.89
-0.46,-5.88,-8.04
1.26,-4.43,-7.93
1.26,-4.43,-7.93
1.26,-4.43,-7.93
0.37,-5.04,-8.0
0.37,-5.04,-8.0
0.37,-5.04,-8.0
0.63,-5.13,-7.69
0.63,-5.13,-7.69
0.63,-5.13,-7.69
0.68,-4.29,-7.75
0.68,-4.29,-7.75
0.68,-4.29,-7.75
-0.17,-6.12,-7.7
-0.17,-6.12,-7.7
-0.17,-6.12,-7.7
0.76,-3.8,-7.76
0.76,-3.8,-7.76
0.76,-3.8,-7.76
0.63,-5.23,-7.92
0.63,-5.23,-7.92
0.63,-5.23,-7.92
1.2,-4.87,-7.9
0.44,-5.69,-8.27
0.44,-5.69,-8.27
4.84,-2.35,-11.55
4.84,-2.35,-11.55
4.84,-2.35,-11.55
-16.63,-4.32,-3.02
-16.63,-4.32,-3.02
