aX,aY,aZ
-26.31,0.42,-3.29
14.31,-2.09,3.0
7.57,-3.45,-20.54
7.57,-3.45,-20.54
-2.15,-10.8,-10.74
-2.15,-10.8,-10.74
-2.15,-10.8,-10.74
4.64,-7.33,-7.47
4.64,-7.33,-7.47
4.64,-7.33,-7.47
-0.11,-6.05,-7.82
-0.11,-6.05,-7.82
-0.11,-6.05,-7.82
-0.11,-5.34,-7.12
-0.11,-5.34,-7.12
0.86,-5.53,-6.65
0.2,-5.31,-7.29
0.2,-5.31,-7.29
0.2,-5.31,-7.29
2.19,-5.68,-7.29
2.19,-5.68,-7.29
2.19,-5.68,-7.29
1.36,-6.38,-7.59
1.36,-6.38,-7.59
1.36,-6.38,-7.59
1.68,-5.21,-7.95
1.68,-5.21,-7.95
1.62,-5.38,-7.63
0.79,-6.09,-6.94
0.79,-6.09,-6.94
0.79,-6.09,-6.94
0.95,-5.65,-7.19
0.95,-5.65,-7.19
0.95,-5.65,-7.19
0.63,-5.99,-7.11
0.63,-5.99,-7.11
0.63,-5.99,-7.11
1.23,-6.42,-7.29
1.23,-6.42,-7.29
1.23,-6.42,-7.29
0.86,-5.99,-7.13
0.86,-5.99,-7.13
0.86,-5.99,-7.13
1.84,-5.67,-6.98
1.84,-5.67,-6.98
1.84,-5.67,-6.98
0.94,-6.49,-7.28
0.94,-6.49,-7.28
0.94,-6.49,-7.28
1.34,-6.19,-6.96
1.59,-5.96,-7.07
1.59,-5.96,-7.07
1.06,-5.99,-7.24
1.06,-5.99,-7.24
1.06,-5.99,-7.24
1.0,-6.06,-7.05
1.0,-6.06,-7.05
1.0,-6.06,-7.05
0.85,-6.09,-7.0
0.85,-6.09,-7.0
0.85,-6.09,-7.0
1.38,-6.37,-7.14
1.38,-6.37,-7.14
1.38,-6.37,-7.14
1.63,-5.95,-7.32
1.63,-5.95,-7.32
1.51,-6.3,-7.31
1.51,-6.3,-7.31
1.51,-6.3,-7.31
1.34,-5.94,-7.22
1.34,-5.94,-7.22
1.34,-5.94,-7.22
1.27,-6.18,-7.11
1.27,-6.18,-7.11
0.9,-6.35,-7.02
1.0,-5.82,-6.82
1.0,-5.82,-6.82
1.0,-5.82,-6.82
0.69,-6.32,-6.83
0.69,-6.32,-6.83
0.69,-6.32,-6.83
1.0,-6.25,-6.76
1.0,-6.25,-6.76
1.07,-6.25,-6.81
1.15,-6.46,-6.83
1.09,-6.45,-6.91
1.09,-6.45,-6.91
1.31,-6.35,-7.02
1.31,-6.35,-7.02
1.31,-6.35,-7.02
1.72,-6.1,-7.23
1.72,-6.1,-7.23
1.72,-6.1,-7.23
2.31,-6.0,-7.16
2.31,-6.0,-7.16
2.31,-6.0,-7.16
2.61,-5.49,-7.45
2.61,-5.49,-7.45
2.61,-5.49,-7.45
2.26,-5.66,-7.37
2.09,-5.32,-7.23
2.09,-5.32,-7.23
2.09,-5.32,-7.23
1.77,-5.42,-7.05
1.77,-5.42,-7.05
1.79,-5.21,-6.8
1.39,-5.01,-6.76
1.39,-5.01,-6.76
1.39,-5.01,-6.76
1.48,-5.08,-7.07
1.48,-5.08,-7.07
1.48,-5.08,-7.07
2.21,-5.42,-6.8
2.21,-5.42,-6.8
2.21,-5.42,-6.8
2.08,-5.5,-6.68
2.08,-5.5,-6.68
2.08,-5.5,-6.68
1.89,-6.43,-5.75
1.89,-6.43,-5.75
1.89,-6.43,-5.75
1.8,-6.96,-5.76
1.8,-6.96,-5.76
1.8,-6.96,-5.76
2.29,-7.32,-6.17
2.29,-7.32,-6.17
2.29,-7.32,-6.17
1.81,-8.3,-7.09
1.81,-8.3,-7.09
1.43,-8.11,-7.04
2.14,-6.56,-5.45
2.14,-6.56,-5.45
2.14,-6.56,-5.45
1.55,-6.45,-4.03
1.55,-6.45,-4.03
1.55,-6.45,-4.03
0.64,-7.22,-3.57
0.64,-7.22,-3.57
0.64,-7.22,-3.57
1.33,-5.59,-3.4
1.33,-5.59,-3.4
0.79,-6.75,-3.31
0.56,-7.99,-3.16
0.56,-7.99,-3.16
1.13,-8.22,-2.83
1.91,-6.42,-2.41
1.91,-6.42,-2.41
1.91,-6.42,-2.41
2.26,-7.91,-1.69
2.26,-7.91,-1.69
2.26,-7.91,-1.69
2.68,-8.96,-1.91
2.68,-8.96,-1.91
2.38,-10.23,-1.52
3.14,-9.58,-1.78
3.14,-9.58,-1.78
3.14,-9.58,-1.78
2.72,-10.17,-1.67
2.72,-10.17,-1.67
2.72,-10.17,-1.67
3.17,-11.76,-1.04
3.17,-11.76,-1.04
3.17,-11.76,-1.04
2.88,-11.5,-0.06
2.88,-11.5,-0.06
3.07,-10.52,0.37
2.65,-9.63,-0.12
2.65,-9.63,-0.12
2.65,-9.63,-0.12
2.27,-9.59,0.64
2.27,-9.59,0.64
2.27,-9.59,0.64
1.15,-8.82,0.42
1.15,-8.82,0.42
1.15,-8.82,0.42
0.9,-9.7,7.04
0.9,-9.7,7.04
-1.35,-11.53,5.62
-0.25,-10.48,3.44
-0.25,-10.48,3.44
-0.25,-10.48,3.44
0.51,-9.24,2.44
0.51,-9.24,2.44
0.51,-9.24,2.44
-0.03,-10.73,2.29
-0.03,-10.73,2.29
-0.03,-10.73,2.29
-0.29,-10.37,1.56
-0.29,-10.37,1.56
-0.29,-10.37,1.56
-1.85,-10.31,1.95
-1.85,-10.31,1.95
-1.85,-10.31,1.95
-2.28,-10.71,2.13
-2.28,-10.71,2.13
-2.28,-10.71,2.13
-2.26,-10.11,1.88
-2.26,-10.11,1.88
-2.26,-10.11,1.88
-2.28,-9.56,2.2
-2.28,-9.56,2.2
-3.85,-10.11,2.55
-4.44,-10.29,1.84
-4.44,-10.29,1.84
-4.44,-10.29,1.84
-2.79,-9.61,1.78
-2.79,-9.61,1.78
-2.79,-9.61,1.78
-2.59,-10.21,1.92
-2.59,-10.21,1.92
-2.59,-10.21,1.92
-0.73,-8.69,2.43
-0.73,-8.69,2.43
-0.73,-8.69,2.43
-1.11,-8.77,2.58
-1.11,-8.77,2.58
-1.11,-8.77,2.58
-1.32,-9.62,2.65
-1.32,-9.62,2.65
-1.32,-9.62,2.65
-1.13,-9.63,2.52
-1.13,-9.63,2.52
-1.13,-9.63,2.52
-1.31,-8.29,1.84
-1.31,-8.29,1.84
-1.31,-8.29,1.84
-1.08,-8.77,1.91
-1.08,-8.77,1.91
-1.08,-8.77,1.91
-1.29,-9.11,1.37
-1.29,-9.11,1.37
-1.29,-9.11,1.37
-1.54,-9.2,0.91
-1.54,-9.2,0.91
-1.91,-10.13,0.59
-1.91,-10.13,0.59
-1.91,-10.13,0.59
-1.7,-10.54,-0.11
-1.7,-10.54,-0.11
-1.7,-10.54,-0.11
-1.92,-11.04,-0.12
-1.92,-11.04,-0.12
-1.92,-11.04,-0.12
-2.1,-11.73,-0.02
-2.1,-11.73,-0.02
-2.1,-11.73,-0.02
-1.73,-12.42,-0.4
-1.73,-12.42,-0.4
-1.52,-12.62,-0.74
-2.25,-12.38,-1.19
-2.25,-12.38,-1.19
-2.25,-12.38,-1.19
-0.5,-14.43,0.14
-0.5,-14.43,0.14
-0.5,-14.43,0.14
-0.77,-17.23,2.73
-0.77,-17.23,2.73
0.86,-14.53,0.87
0.04,-13.25,0.63
0.04,-13.25,0.63
0.04,-13.25,0.63
-0.47,-9.7,-0.11
-0.47,-9.7,-0.11
0.18,-8.12,-0.34
0.18,-8.12,-0.34
0.18,-8.12,-0.34
-0.08,-6.23,-0.06
-0.08,-6.23,-0.06
-0.08,-6.23,-0.06
-1.93,-3.51,-9.16
-1.93,-3.51,-9.16
0.36,-1.38,-2.7
1.43,2.01,-3.24
1.43,2.01,-3.24
1.43,2.01,-3.24
1.96,1.53,-3.05
1.96,1.53,-3.05
1.96,1.53,-3.05
2.26,0.43,-2.39
2.26,0.43,-2.39
2.26,0.43,-2.39
3.52,-1.74,-1.03
3.52,-1.74,-1.03
3.52,-1.74,-1.03
3.21,-3.5,-0.65
3.21,-3.5,-0.65
3.21,-3.5,-0.65
2.16,-5.28,0.91
2.16,-5.28,0.91
2.16,-5.28,0.91
2.97,-7.85,1.39
2.97,-7.85,1.39
2.97,-7.85,1.39
3.06,-7.21,0.84
3.06,-7.21,0.84
3.06,-7.21,0.84
-0.85,-11.21,7.79
-0.85,-11.21,7.79
-0.85,-11.21,7.79
0.0,-9.93,3.0
0.0,-9.93,3.0
0.0,-9.93,3.0
-0.77,-9.34,6.17
-0.77,-9.34,6.17
-0.77,-9.34,6.17
-4.06,-12.17,3.69
-4.63,-11.99,6.38
-4.63,-11.99,6.38
-2.84,-12.79,5.39
-2.84,-12.79,5.39
-2.84,-12.79,5.39
-3.76,-12.73,6.58
-3.76,-12.73,6.58
-3.76,-12.73,6.58
-3.82,-12.49,6.68
-3.82,-12.49,6.68
-3.82,-12.49,6.68
-3.65,-9.61,5.78
-3.65,-9.61,5.78
-3.15,-8.84,5.51
-3.13,-9.19,6.56
-3.13,-9.19,6.56
-3.13,-9.19,6.56
-3.79,-8.11,5.91
-3.79,-8.11,5.91
-3.83,-7.93,6.27
-3.83,-7.93,6.27
-3.82,-7.6,6.33
-3.89,-7.7,6.54
-3.61,-7.67,6.55
-3.61,-7.67,6.55
-2.91,-7.27,6.46
-2.91,-7.27,6.46
-2.91,-7.27,6.46
-3.38,-6.63,6.28
-3.38,-6.63,6.28
-3.38,-6.63,6.28
-2.83,-6.64,6.56
-2.83,-6.64,6.56
-2.83,-6.64,6.56
-3.46,-6.69,6.51
-3.46,-6.69,6.51
-3.46,-6.69,6.51
-4.5,-7.25,6.58
-4.5,-7.25,6.58
-4.5,-7.25,6.58
-4.26,-6.87,6.1
-4.26,-6.87,6.1
-4.26,-6.87,6.1
-3.58,-7.12,6.09
-3.58,-7.12,6.09
-3.58,-7.12,6.09
-3.2,-6.58,5.86
-3.2,-6.58,5.86
-3.2,-6.58,5.86
-2.95,-6.43,6.11
-2.95,-6.43,6.11
-2.95,-6.43,6.11
-3.14,-6.21,5.97
-3.14,-6.21,5.97
-3.14,-6.21,5.97
-3.76,-6.83,6.24
-3.76,-6.83,6.24
-3.82,-6.51,6.39
-3.82,-6.51,6.39
-3.82,-6.51,6.39
-3.3,-7.45,6.69
-3.3,-7.45,6.69
-3.3,-7.45,6.69
-2.95,-6.28,6.09
-2.95,-6.28,6.09
-2.95,-6.28,6.09
-3.07,-6.34,6.0
-3.07,-6.34,6.0
-3.26,-6.44,6.17
-3.09,-6.5,6.34
-3.09,-6.5,6.34
-3.09,-6.5,6.34
-2.9,-6.43,6.31
-2.9,-6.43,6.31
-2.9,-6.43,6.31
-2.61,-6.62,6.7
-2.61,-6.62,6.7
-2.61,-6.62,6.7
-2.32,-6.38,6.64
-2.32,-6.38,6.64
-2.03,-6.31,6.42
-2.11,-6.43,6.06
-2.11,-6.43,6.06
-2.11,-6.43,6.06
-2.49,-6.22,5.45
-2.49,-6.22,5.45
-2.49,-6.22,5.45
-3.5,-5.77,5.21
-3.5,-5.77,5.21
-3.5,-5.77,5.21
-5.01,-7.15,5.82
-5.01,-7.15,5.82
-5.71,-6.99,5.87
-5.78,-6.87,5.84
-5.78,-6.87,5.84
-5.42,-6.88,6.17
-5.42,-6.88,6.17
-5.42,-6.88,6.17
-4.61,-6.19,6.11
-4.61,-6.19,6.11
-4.61,-6.19,6.11
-5.63,-5.58,5.64
-5.63,-5.58,5.64
-5.74,-5.17,5.5
-5.36,-6.15,6.04
-5.36,-6.15,6.04
-5.36,-6.15,6.04
-5.28,-5.97,5.56
-5.28,-5.97,5.56
-5.28,-5.97,5.56
-5.26,-5.71,5.41
-5.26,-5.71,5.41
-5.26,-5.71,5.41
-4.87,-5.61,5.69
-4.87,-5.61,5.69
-4.94,-5.96,5.88
-5.0,-6.46,6.06
-4.87,-6.41,5.89
-4.87,-6.41,5.89
-4.43,-5.85,5.68
-4.43,-5.85,5.68
-4.43,-5.85,5.68
-4.83,-5.65,5.44
-4.83,-5.65,5.44
-4.83,-5.65,5.44
-4.79,-5.7,5.7
-4.79,-5.7,5.7
-4.79,-5.7,5.7
-5.19,-6.15,5.88
-5.08,-5.98,5.87
-5.08,-5.98,5.87
-4.71,-6.03,5.75
-4.71,-6.03,5.75
-4.71,-6.03,5.75
-5.09,-5.89,5.48
-5.09,-5.89,5.48
-5.09,-5.89,5.48
-4.68,-6.21,6.02
-4.68,-6.21,6.02
-4.61,-6.12,6.11
-4.95,-5.81,5.98
-4.95,-5.81,5.98
-4.95,-5.81,5.98
-5.0,-5.66,5.67
-5.0,-5.66,5.67
-5.0,-5.66,5.67
-5.06,-5.84,5.89
-5.06,-5.84,5.89
-5.06,-5.84,5.89
-5.1,-5.95,5.91
-5.1,-5.95,5.91
-5.1,-5.95,5.91
-5.05,-6.02,5.78
-5.05,-6.02,5.78
-5.05,-6.02,5.78
-4.82,-5.89,5.86
-4.82,-5.89,5.86
-4.82,-5.89,5.86
-5.12,-5.49,5.81
-5.12,-5.49,5.81
-5.12,-5.49,5.81
-5.04,-5.93,5.95
-5.04,-5.93,5.95
-5.04,-5.93,5.95
-5.13,-5.53,5.7
-5.13,-5.53,5.7
-5.13,-5.53,5.7
-5.26,-5.67,5.84
-5.26,-5.67,5.84
-5.26,-5.67,5.84
-5.21,-6.34,6.46
-5.21,-6.34,6.46
-5.21,-6.34,6.46
-5.38,-5.56,5.73
-5.38,-5.56,5.73
-5.47,-5.89,5.71
-5.55,-6.05,5.46
-5.55,-6.05,5.46
-5.55,-6.05,5.46
-5.53,-6.49,5.58
-5.53,-6.49,5.58
-5.53,-6.49,5.58
-4.98,-5.88,6.12
-4.98,-5.88,6.12
-4.98,-5.88,6.12
-4.44,-5.1,5.73
-4.44,-5.1,5.73
-4.19,-5.37,5.97
-3.17,-6.92,6.63
-3.17,-6.92,6.63
-3.17,-6.92,6.63
-3.35,-6.74,6.86
-3.35,-6.74,6.86
-3.35,-6.74,6.86
-3.29,-5.86,7.14
-3.29,-5.86,7.14
-3.29,-5.86,7.14
-3.72,-6.65,7.35
-3.72,-6.65,7.35
-3.72,-6.65,7.35
-3.51,-5.13,7.14
-3.51,-5.13,7.14
-3.51,-5.13,7.14
-3.33,-5.47,6.89
-3.33,-5.47,6.89
-3.33,-5.47,6.89
-3.3,-6.01,6.91
-3.3,-6.01,6.91
-3.3,-6.01,6.91
-2.63,-5.21,6.52
-2.63,-5.21,6.52
-2.63,-5.21,6.52
-2.04,-6.36,6.93
-2.04,-6.36,6.93
-2.04,-6.36,6.93
-1.86,-6.5,7.05
-1.86,-6.5,7.05
-1.86,-6.5,7.05
-1.86,-6.17,6.98
-1.86,-6.17,6.98
-2.07,-6.2,7.17
-2.36,-6.34,7.36
-2.36,-6.34,7.36
-2.65,-6.43,7.48
-2.99,-6.64,7.46
-2.99,-6.64,7.46
-2.99,-6.64,7.46
-2.96,-6.37,7.14
-2.96,-6.37,7.14
-2.96,-6.37,7.14
-3.18,-5.55,6.74
-3.18,-5.55,6.74
-3.18,-5.55,6.74
-3.04,-6.29,6.86
-3.04,-6.52,6.89
-3.04,-6.52,6.89
-3.54,-5.93,6.87
-3.54,-5.93,6.87
-3.54,-5.93,6.87
-3.42,-5.85,6.27
-3.42,-5.85,6.27
-3.42,-5.85,6.27
-3.14,-6.03,6.42
-3.14,-6.03,6.42
-3.18,-5.7,6.65
-3.4,-5.82,6.83
-3.39,-6.4,6.78
-3.39,-6.4,6.78
-3.33,-6.46,6.58
-3.33,-6.46,6.58
-3.33,-6.46,6.58
-3.54,-6.0,6.46
-3.54,-6.0,6.46
-3.54,-6.0,6.46
-3.41,-6.6,6.52
-3.41,-6.6,6.52
-3.41,-6.6,6.52
-3.23,-5.89,6.49
-3.14,-6.11,6.49
-3.14,-6.11,6.49
-2.95,-6.21,6.21
-2.95,-6.21,6.21
-2.95,-6.21,6.21
-2.55,-6.33,6.45
-2.55,-6.33,6.45
-2.5,-6.56,6.65
-2.5,-6.56,6.65
-2.5,-6.56,6.65
-2.56,-5.5,6.5
-2.56,-5.5,6.5
-2.56,-5.5,6.5
-2.34,-6.51,7.4
-2.34,-6.51,7.4
-2.34,-6.51,7.4
-3.0,-6.29,7.5
-3.0,-6.29,7.5
-3.0,-6.29,7.5
-3.4,-7.36,7.08
-3.4,-7.36,7.08
-3.4,-7.36,7.08
-3.91,-5.77,6.54
-3.91,-5.77,6.54
-3.91,-5.77,6.54
-2.54,-5.94,7.46
-2.54,-5.94,7.46
-2.54,-5.94,7.46
-2.69,-6.25,7.41
-2.69,-6.25,7.41
-2.69,-6.25,7.41
-3.19,-4.9,6.52
-3.19,-4.9,6.52
-3.19,-4.9,6.52
-3.79,-6.44,7.06
-3.79,-6.44,7.06
-3.79,-6.44,7.06
-3.44,-6.63,7.38
-3.44,-6.63,7.38
-3.44,-6.63,7.38
-2.95,-6.62,7.16
-2.95,-6.62,7.16
-2.95,-6.62,7.16
-3.13,-6.23,6.53
-3.13,-6.23,6.53
-3.13,-6.23,6.53
-2.74,-7.12,6.97
-2.74,-7.12,6.97
-2.74,-7.12,6.97
-2.82,-6.78,6.84
-2.82,-6.78,6.84
-2.82,-6.78,6.84
-2.94,-6.7,6.75
-2.94,-6.7,6.75
-2.94,-6.7,6.75
-3.2,-7.32,6.88
-3.2,-7.32,6.88
-3.24,-6.91,6.7
-3.22,-6.05,6.25
-3.22,-6.05,6.25
-3.22,-6.05,6.25
-3.11,-6.31,6.58
-3.11,-6.31,6.58
-3.11,-6.31,6.58
-3.2,-6.0,6.69
-3.2,-6.0,6.69
-3.2,-6.0,6.69
-3.35,-5.61,6.32
-3.35,-5.61,6.32
-3.35,-5.61,6.32
-3.23,-5.9,6.11
-3.23,-5.9,6.11
-3.4,-6.27,6.17
-3.62,-6.47,6.32
-3.62,-6.47,6.32
-3.62,-6.47,6.32
-3.51,-6.06,6.35
-3.51,-6.06,6.35
-3.51,-6.06,6.35
-3.45,-6.28,6.36
-3.33,-6.47,6.35
-3.33,-6.47,6.35
-3.18,-7.05,6.76
-3.18,-7.05,6.76
-3.18,-7.05,6.76
-2.88,-6.71,7.26
-2.88,-6.71,7.26
-2.88,-6.71,7.26
-3.0,-6.08,6.9
-3.0,-6.08,6.9
-3.12,-6.1,6.61
-3.12,-6.1,6.61
-3.16,-6.16,6.49
-3.2,-6.12,6.35
-3.2,-6.12,6.35
-3.38,-6.23,6.25
-3.25,-6.66,6.75
-3.25,-6.66,6.75
-3.25,-6.66,6.75
-3.34,-6.73,7.01
-3.34,-6.73,7.01
-3.34,-6.73,7.01
-3.03,-5.94,6.73
-3.03,-5.94,6.73
-3.03,-5.94,6.73
-3.34,-6.09,6.76
-3.34,-6.09,6.76
-3.34,-6.09,6.76
-3.52,-6.38,6.9
-3.52,-6.38,6.9
-3.52,-6.38,6.9
-3.41,-6.03,6.74
-3.41,-6.03,6.74
-3.41,-6.03,6.74
-3.21,-6.23,6.87
-3.08,-6.49,6.89
-3.08,-6.49,6.89
-2.88,-6.37,6.81
-2.88,-6.37,6.81
-2.88,-6.37,6.81
-3.06,-5.92,6.57
-3.06,-5.92,6.57
-3.06,-5.92,6.57
-3.36,-6.4,6.71
-3.36,-6.4,6.71
-3.36,-6.4,6.71
-3.38,-6.23,6.86
-3.38,-6.23,6.86
-3.38,-6.23,6.86
-3.11,-6.15,6.71
-3.11,-6.15,6.71
-3.11,-6.15,6.71
-3.05,-6.1,6.69
-3.05,-6.1,6.69
-3.05,-6.1,6.69
-3.21,-6.33,6.88
-3.21,-6.33,6.88
-3.21,-6.33,6.88
-3.31,-6.53,6.86
-3.31,-6.53,6.86
-3.38,-6.62,6.78
-3.02,-6.52,6.68
-3.02,-6.52,6.68
-3.02,-6.52,6.68
-2.93,-6.29,6.62
-2.93,-6.29,6.62
-2.93,-6.29,6.62
-3.04,-6.49,6.75
-3.04,-6.49,6.75
-3.04,-6.49,6.75
-3.32,-6.53,6.88
-3.32,-6.53,6.88
-3.4,-6.41,6.87
-3.47,-6.65,6.92
-3.47,-6.65,6.92
-3.47,-6.65,6.92
-3.11,-6.37,6.56
-3.11,-6.37,6.56
-3.11,-6.37,6.56
-3.1,-6.36,6.36
-3.1,-6.36,6.36
-3.1,-6.36,6.36
-3.26,-5.86,6.27
-3.26,-5.86,6.27
-3.44,-5.78,6.36
-3.52,-5.75,6.71
-3.52,-5.75,6.71
-3.52,-5.75,6.71
-3.78,-6.0,6.55
-3.78,-6.0,6.55
-3.78,-6.0,6.55
-3.72,-6.34,6.67
-3.72,-6.34,6.67
-3.72,-6.34,6.67
-3.63,-6.47,6.88
-3.63,-6.47,6.88
-3.45,-6.06,6.55
-3.32,-5.98,6.03
-3.32,-5.98,6.03
-3.32,-5.98,6.03
-3.4,-6.5,6.71
-3.4,-6.5,6.71
-3.4,-6.5,6.71
-3.56,-6.15,6.9
-3.56,-6.15,6.9
-3.56,-6.15,6.9
-3.6,-5.97,6.45
-3.42,-6.13,6.38
-3.42,-6.13,6.38
-3.44,-7.22,7.02
-3.44,-7.22,7.02
-3.44,-7.22,7.02
-3.38,-6.37,7.13
-3.38,-6.37,7.13
-3.38,-6.37,7.13
-3.3,-6.73,7.59
-3.3,-6.73,7.59
-3.28,-7.15,7.45
-2.91,-6.32,6.72
-2.91,-6.32,6.72
-2.91,-6.32,6.72
-2.81,-7.34,7.38
-2.81,-7.34,7.38
-2.81,-7.34,7.38
-3.42,-6.98,6.6
-3.42,-6.98,6.6
-3.42,-6.98,6.6
-3.08,-6.0,6.17
-3.08,-6.0,6.17
-3.08,-6.0,6.17
-2.26,-6.95,7.6
-2.26,-6.95,7.6
-2.46,-6.79,7.11
-2.85,-5.61,5.95
-2.85,-5.61,5.95
-2.85,-5.61,5.95
-3.17,-6.72,6.31
-3.17,-6.72,6.31
-3.17,-6.72,6.31
-2.72,-7.27,6.48
-2.72,-7.27,6.48
-2.72,-7.27,6.48
-2.19,-7.04,6.65
-2.19,-7.04,6.65
-2.43,-7.59,6.55
-2.44,-7.44,6.24
-2.44,-7.44,6.24
-2.44,-7.44,6.24
-1.9,-7.88,5.86
-1.9,-7.88,5.86
-1.9,-7.88,5.86
-1.93,-8.42,5.97
-1.93,-8.42,5.97
-1.93,-8.42,5.97
-1.61,-7.39,5.76
-1.61,-7.39,5.76
-1.24,-7.86,6.1
-1.32,-8.83,6.76
-1.32,-8.83,6.76
-1.32,-8.83,6.76
-1.22,-8.06,6.19
-1.22,-8.06,6.19
-1.22,-8.06,6.19
-1.7,-7.61,5.33
-1.7,-7.61,5.33
-1.7,-7.61,5.33
-1.14,-8.66,6.04
-1.14,-8.66,6.04
-1.14,-8.66,6.04
-1.55,-7.48,4.42
-1.55,-7.48,4.42
-1.55,-7.48,4.42
-1.39,-8.78,4.87
-1.39,-8.78,4.87
-1.39,-8.78,4.87
-0.9,-8.69,4.4
-0.9,-8.69,4.4
-0.9,-8.69,4.4
-1.03,-8.23,4.31
-0.55,-8.34,4.07
-0.37,-10.29,4.58
-0.37,-10.29,4.58
-0.37,-10.29,4.58
-0.45,-10.06,3.89
-0.45,-10.06,3.89
-0.45,-10.06,3.89
-0.92,-9.17,3.27
-0.92,-9.17,3.27
-0.92,-9.17,3.27
-0.83,-9.73,2.61
-0.83,-9.73,2.61
-0.83,-9.73,2.61
-0.52,-10.31,2.95
-0.52,-10.31,2.95
-0.52,-10.31,2.95
-0.27,-9.42,2.42
-0.27,-9.42,2.42
-0.27,-9.42,2.42
-0.1,-9.58,1.72
-0.1,-9.58,1.72
-0.1,-9.58,1.72
-0.01,-9.97,1.81
-0.48,-9.99,1.48
-0.48,-9.99,1.48
-0.27,-9.52,0.98
-0.27,-9.52,0.98
-0.27,-9.52,0.98
0.05,-9.93,0.73
0.05,-9.93,0.73
0.05,-9.93,0.73
-0.02,-9.88,0.23
-0.02,-9.88,0.23
-0.01,-9.81,0.16
0.05,-10.28,0.34
0.03,-10.02,0.26
0.03,-10.02,0.26
0.13,-9.12,-0.65
0.13,-9.12,-0.65
0.13,-8.68,-1.19
0.13,-8.68,-1.19
0.13,-8.68,-1.19
1.02,-8.42,-2.37
1.02,-8.42,-2.37
1.02,-8.42,-2.37
1.07,-8.02,-2.73
1.53,-8.43,-2.44
1.53,-8.43,-2.44
1.11,-9.0,-3.14
1.11,-9.0,-3.14
1.11,-9.0,-3.14
1.58,-7.75,-3.63
1.58,-7.75,-3.63
1.58,-7.75,-3.63
1.6,-8.32,-3.8
1.6,-8.32,-3.8
1.6,-8.32,-3.8
1.58,-7.49,-3.66
1.58,-7.49,-3.66
1.78,-8.4,-3.74
1.98,-7.84,-4.3
1.98,-7.84,-4.3
1.98,-7.84,-4.3
2.19,-7.25,-5.18
2.19,-7.25,-5.18
2.19,-7.25,-5.18
2.4,-6.91,-4.49
2.4,-6.91,-4.49
2.4,-6.91,-4.49
2.39,-7.76,-4.82
2.49,-7.64,-4.76
2.49,-7.64,-4.76
3.23,-7.48,-5.03
3.23,-7.48,-5.03
3.23,-7.48,-5.03
2.65,-6.49,-5.75
2.65,-6.49,-5.75
2.65,-6.49,-5.75
2.63,-6.23,-5.33
2.63,-6.23,-5.33
2.63,-6.23,-5.33
2.38,-6.12,-5.36
2.47,-5.73,-5.43
2.63,-5.71,-4.9
2.63,-5.71,-4.9
2.63,-5.71,-4.9
3.05,-5.63,-5.92
3.05,-5.63,-5.92
3.05,-5.63,-5.92
2.87,-6.38,-6.05
2.87,-6.38,-6.05
3.03,-5.86,-6.23
3.29,-6.05,-5.68
3.29,-6.05,-5.68
3.29,-6.05,-5.68
3.2,-5.93,-6.06
3.2,-5.93,-6.06
3.2,-5.93,-6.06
2.94,-5.55,-6.69
2.94,-5.55,-6.69
2.94,-5.55,-6.69
2.66,-6.5,-6.5
2.66,-6.5,-6.5
2.9,-6.54,-6.61
2.34,-5.86,-6.29
2.34,-5.86,-6.29
2.34,-5.86,-6.29
2.48,-6.91,-6.39
2.48,-6.91,-6.39
2.48,-6.91,-6.39
3.43,-7.3,-6.33
3.43,-7.3,-6.33
3.43,-7.3,-6.33
2.95,-6.08,-6.21
2.82,-6.37,-6.29
2.82,-6.37,-6.29
2.5,-6.79,-6.75
2.5,-6.79,-6.75
2.5,-6.79,-6.75
1.99,-6.55,-6.45
1.99,-6.55,-6.45
1.99,-6.55,-6.45
2.22,-6.45,-6.4
2.22,-6.45,-6.4
2.22,-6.45,-6.4
2.63,-6.46,-6.53
2.83,-6.57,-6.54
2.83,-6.57,-6.54
3.0,-6.99,-6.21
3.0,-6.99,-6.21
3.0,-6.99,-6.21
2.43,-5.98,-6.6
2.43,-5.98,-6.6
2.43,-5.98,-6.6
2.42,-6.77,-6.39
2.42,-6.77,-6.39
2.42,-6.77,-6.39
2.09,-5.95,-7.02
2.09,-5.95,-7.02
2.05,-6.15,-7.02
2.45,-6.58,-6.28
2.45,-6.58,-6.28
2.45,-6.58,-6.28
2.2,-6.26,-6.79
2.2,-6.26,-6.79
2.2,-6.26,-6.79
2.21,-6.92,-6.9
2.21,-6.92,-6.9
2.21,-6.92,-6.9
2.23,-6.66,-5.83
2.23,-6.66,-5.83
2.23,-6.66,-5.83
1.7,-6.0,-6.63
1.7,-6.0,-6.63
1.7,-6.0,-6.63
2.36,-6.5,-6.7
2.36,-6.5,-6.7
2.36,-6.5,-6.7
2.22,-6.24,-6.74
2.22,-6.24,-6.74
2.22,-6.24,-6.74
1.96,-6.71,-6.54
1.96,-6.71,-6.54
1.96,-6.71,-6.54
2.15,-6.33,-6.3
2.15,-6.33,-6.3
2.15,-6.33,-6.3
1.92,-6.38,-6.95
1.92,-6.38,-6.95
1.88,-7.04,-6.71
1.88,-7.04,-6.71
1.88,-7.04,-6.71
1.86,-6.45,-6.41
1.86,-6.45,-6.41
1.86,-6.45,-6.41
2.0,-6.79,-6.87
2.0,-6.79,-6.87
2.0,-6.79,-6.87
1.75,-6.23,-6.68
1.75,-6.23,-6.68
1.75,-6.23,-6.68
1.87,-6.82,-6.49
1.87,-6.82,-6.49
1.87,-6.82,-6.49
1.95,-6.69,-6.56
1.95,-6.69,-6.56
1.95,-6.69,-6.56
1.94,-6.55,-6.17
1.94,-6.55,-6.17
1.94,-6.55,-6.17
1.69,-6.53,-6.63
1.69,-6.53,-6.63
1.69,-6.53,-6.63
1.6,-7.13,-6.49
1.6,-7.13,-6.49
1.6,-7.13,-6.49
1.87,-6.46,-6.34
1.87,-6.46,-6.34
1.78,-6.46,-6.39
1.63,-6.46,-6.48
1.63,-6.46,-6.48
1.63,-6.46,-6.48
1.83,-6.81,-6.55
1.83,-6.81,-6.55
1.83,-6.81,-6.55
1.42,-6.66,-6.76
1.42,-6.66,-6.76
1.36,-7.1,-6.77
1.56,-7.12,-6.5
1.56,-7.12,-6.5
1.73,-6.69,-6.41
1.81,-6.5,-6.43
1.5,-6.6,-6.62
1.5,-6.6,-6.62
1.49,-6.57,-6.34
1.49,-6.57,-6.34
1.49,-6.57,-6.34
1.35,-6.74,-6.53
1.35,-6.74,-6.53
1.35,-6.74,-6.53
1.52,-6.85,-6.57
1.52,-6.85,-6.57
1.49,-6.71,-6.39
1.46,-6.57,-6.43
1.46,-6.57,-6.43
1.46,-6.57,-6.43
1.66,-6.78,-6.53
1.66,-6.78,-6.53
1.66,-6.78,-6.53
1.73,-6.58,-6.57
1.73,-6.58,-6.57
1.73,-6.58,-6.57
1.49,-6.8,-6.36
1.49,-6.8,-6.36
1.49,-6.8,-6.36
1.5,-7.11,-6.26
1.5,-7.11,-6.26
1.5,-7.11,-6.26
1.7,-7.17,-6.25
1.7,-7.17,-6.25
1.7,-7.17,-6.25
1.32,-6.36,-6.31
1.32,-6.36,-6.31
1.32,-6.36,-6.31
1.49,-6.87,-5.88
1.49,-6.87,-5.88
1.41,-6.72,-6.17
1.26,-7.11,-6.67
1.26,-7.11,-6.67
1.26,-7.11,-6.67
1.39,-6.84,-6.58
1.39,-6.84,-6.58
1.39,-6.84,-6.58
1.59,-6.83,-6.42
1.59,-6.83,-6.42
1.59,-6.83,-6.42
1.6,-6.68,-6.46
1.6,-6.68,-6.46
1.52,-6.46,-6.25
1.41,-6.56,-6.28
1.41,-6.56,-6.28
1.41,-6.56,-6.28
1.13,-6.94,-6.61
1.13,-6.94,-6.61
1.13,-6.94,-6.61
1.34,-7.23,-6.17
1.34,-7.23,-6.17
1.34,-7.23,-6.17
1.61,-6.7,-6.23
1.61,-6.7,-6.23
1.52,-6.8,-6.28
1.53,-6.53,-6.22
1.53,-6.53,-6.22
1.53,-6.53,-6.22
1.6,-6.58,-6.39
1.6,-6.58,-6.39
1.6,-6.58,-6.39
1.27,-7.12,-6.68
1.27,-7.12,-6.68
1.27,-7.2,-6.41
1.37,-7.31,-6.24
1.37,-7.31,-6.24
1.47,-7.18,-6.2
1.57,-6.61,-6.18
1.57,-6.61,-6.18
1.57,-6.61,-6.18
1.32,-6.86,-6.31
1.32,-6.86,-6.31
1.32,-6.86,-6.31
1.47,-6.86,-6.32
1.47,-6.86,-6.32
1.47,-6.86,-6.32
1.4,-7.13,-6.21
1.32,-6.73,-6.34
1.32,-6.73,-6.34
1.53,-6.59,-5.95
1.53,-6.59,-5.95
1.53,-6.59,-5.95
1.58,-6.8,-6.21
1.58,-6.8,-6.21
1.58,-6.8,-6.21
1.44,-6.76,-6.37
1.44,-6.76,-6.37
1.54,-6.98,-6.21
1.62,-7.27,-6.21
1.49,-7.09,-6.29
1.49,-7.09,-6.29
1.25,-7.36,-6.34
1.25,-7.36,-6.34
1.25,-7.36,-6.34
1.61,-6.71,-6.27
1.61,-6.71,-6.27
1.61,-6.71,-6.27
1.45,-6.23,-6.29
1.45,-6.23,-6.29
1.43,-6.68,-6.13
1.43,-7.44,-6.02
1.43,-7.44,-6.02
1.17,-7.47,-6.08
1.26,-6.76,-6.12
1.26,-6.76,-6.12
1.26,-6.76,-6.12
1.33,-7.02,-5.98
1.33,-7.02,-5.98
1.33,-7.02,-5.98
1.31,-7.13,-6.12
1.31,-7.13,-6.12
1.12,-7.2,-6.06
1.29,-6.95,-6.09
1.29,-6.95,-6.09
1.29,-6.95,-6.09
1.28,-7.09,-5.93
1.28,-7.09,-5.93
1.28,-7.09,-5.93
1.14,-6.17,-6.15
1.14,-6.17,-6.15
1.14,-6.17,-6.15
1.14,-6.85,-6.04
1.64,-8.01,-5.83
1.31,-7.82,-5.84
0.76,-6.88,-6.09
0.76,-6.88,-6.09
0.68,-6.86,-5.7
0.68,-6.86,-5.7
0.68,-6.86,-5.7
0.51,-6.46,-5.88
0.51,-6.46,-5.88
0.51,-6.46,-5.88
0.2,-6.52,-5.6
0.43,-7.09,-5.34
0.43,-7.09,-5.34
0.78,-7.0,-5.8
0.78,-7.0,-5.8
0.78,-7.0,-5.8
1.13,-7.55,-5.22
1.13,-7.55,-5.22
1.13,-7.55,-5.22
0.86,-8.24,-5.45
0.86,-8.24,-5.45
0.86,-8.24,-5.45
1.89,-6.82,-5.78
1.89,-6.82,-5.78
1.89,-6.82,-5.78
1.43,-8.49,-5.7
1.43,-8.49,-5.7
1.43,-8.49,-5.7
0.4,-8.72,-5.25
0.4,-8.72,-5.25
0.4,-8.72,-5.25
1.2,-7.66,-5.56
1.2,-7.66,-5.56
1.2,-7.66,-5.56
1.72,-7.59,-5.5
1.72,-7.59,-5.5
1.72,-7.59,-5.5
2.03,-7.77,-5.57
2.03,-7.77,-5.57
2.03,-7.77,-5.57
0.8,-8.31,-5.31
0.8,-8.31,-5.31
0.8,-8.31,-5.31
0.53,-8.41,-5.25
0.53,-8.41,-5.25
0.53,-8.41,-5.25
0.41,-8.53,-5.68
0.41,-8.53,-5.68
0.93,-7.58,-5.44
1.38,-7.94,-4.63
1.28,-8.5,-5.56
1.28,-8.5,-5.56
1.02,-7.94,-5.76
1.02,-7.94,-5.76
1.02,-7.94,-5.76
0.86,-7.44,-4.84
0.86,-7.44,-4.84
0.86,-7.44,-4.84
0.62,-7.88,-4.79
0.62,-7.88,-4.79
0.23,-8.41,-6.0
0.37,-7.0,-5.91
0.37,-7.0,-5.91
0.37,-7.0,-5.91
0.64,-7.97,-5.4
0.64,-7.97,-5.4
0.64,-7.97,-5.4
-0.17,-8.33,-6.37
-0.17,-8.33,-6.37
-0.17,-8.33,-6.37
0.55,-6.36,-5.86
0.55,-6.36,-5.86
0.55,-6.36,-5.86
0.55,-7.35,-5.54
0.55,-7.35,-5.54
0.55,-7.35,-5.54
0.57,-6.81,-6.62
0.57,-6.81,-6.62
0.57,-6.81,-6.62
0.47,-7.95,-5.64
0.47,-7.95,-5.64
0.47,-7.95,-5.64
-0.12,-7.36,-6.78
-0.12,-7.36,-6.78
-0.12,-7.36,-6.78
-0.83,-5.0,-7.4
-0.83,-5.0,-7.4
-0.83,-5.0,-7.4
1.36,-7.92,-5.54
1.36,-7.92,-5.54
1.36,-7.92,-5.54
-0.61,-5.43,-6.76
-0.21,-6.92,-6.79
-0.21,-6.92,-6.79
-0.21,-6.92,-6.79
0.26,-3.61,-6.6
0.26,-3.61,-6.6
0.26,-3.61,-6.6
-2.09,-6.94,-7.06
-2.09,-6.94,-7.06
-2.09,-6.94,-7.06
0.64,-4.29,-6.34
0.64,-4.29,-6.34
0.64,-4.29,-6.34
-1.73,-4.56,-7.77
-1.73,-4.56,-7.77
0.52,-6.92,-6.68
0.52,-6.92,-6.68
0.52,-6.92,-6.68
-0.34,-6.32,-7.38
-0.34,-6.32,-7.38
-0.34,-6.32,-7.38
-1.79,-7.26,-6.73
-0.56,-6.47,-6.32
-0.56,-6.47,-6.32
-1.91,-7.02,-6.95
-1.91,-7.02,-6.95
-1.91,-7.02,-6.95
1.11,-5.77,-6.63
1.11,-5.77,-6.63
1.11,-5.77,-6.63
-2.26,-6.51,-7.59
-2.26,-6.51,-7.59
-2.26,-6.51,-7.59
-0.06,-7.58,-6.63
-0.06,-7.58,-6.63
-0.68,-5.92,-7.08
-1.04,-7.35,-6.68
-1.04,-7.35,-6.68
-1.04,-7.35,-6.68
-2.18,-5.28,-7.31
-2.18,-5.28,-7.31
-2.18,-5.28,-7.31
0.37,-7.16,-6.29
0.37,-7.16,-6.29
0.37,-7.16,-6.29
-1.71,-4.18,-7.67
-1.71,-4.18,-7.67
-1.74,-6.79,-6.71
-0.91,-4.12,-7.68
-0.91,-4.12,-7.68
-0.91,-4.12,-7.68
-1.1,-6.57,-7.03
-1.1,-6.57,-7.03
-1.1,-6.57,-7.03
-0.59,-4.58,-7.5
-0.59,-4.58,-7.5
-0.59,-4.58,-7.5
-1.11,-6.26,-7.49
-1.11,-6.26,-7.49
-0.29,-5.02,-7.64
-1.36,-5.59,-7.42
-1.36,-5.59,-7.42
-1.36,-5.59,-7.42
0.26,-4.39,-7.45
0.26,-4.39,-7.45
0.26,-4.39,-7.45
-2.52,-7.2,-6.32
-2.52,-7.2,-6.32
-2.52,-7.2,-6.32
-0.68,-4.12,-7.05
-1.38,-6.51,-7.54
-1.38,-6.51,-7.54
-0.33,-5.11,-7.53
-0.33,-5.11,-7.53
-1.42,-6.04,-7.42
-1.42,-6.04,-7.42
-1.42,-6.04,-7.42
-1.33,-4.93,-7.12
-1.33,-4.93,-7.12
-1.15,-5.32,-7.07
-0.21,-4.87,-7.23
-0.1,-5.01,-7.43
-0.1,-5.01,-7.43
-1.26,-5.66,-7.48
-1.26,-5.66,-7.48
-1.26,-5.66,-7.48
-0.09,-5.68,-7.53
-0.09,-5.68,-7.53
-1.52,-5.81,-7.09
-1.52,-5.81,-7.09
-0.85,-5.54,-7.02
-0.93,-5.77,-7.62
-0.93,-5.77,-7.62
-0.93,-5.77,-7.62
-0.27,-5.57,-7.71
-0.27,-5.57,-7.71
-0.27,-5.57,-7.71
-1.49,-5.08,-7.46
-1.49,-5.08,-7.46
-1.49,-5.08,-7.46
-0.57,-6.36,-7.02
-0.57,-6.36,-7.02
-0.57,-6.36,-7.02
-0.12,-4.87,-7.31
-0.12,-4.87,-7.31
-0.12,-4.87,-7.31
-1.4,-5.48,-7.98
-1.4,-5.48,-7.98
-1.4,-5.48,-7.98
-0.22,-6.64,-7.3
-0.22,-6.64,-7.3
-0.22,-6.64,-7.3
-1.29,-4.62,-7.42
-0.75,-5.03,-7.19
-0.75,-5.03,-7.19
-0.19,-5.94,-7.07
-0.19,-5.94,-7.07
-1.13,-5.34,-7.55
0.08,-5.55,-7.72
0.08,-5.55,-7.72
0.08,-5.55,-7.72
-1.37,-5.04,-7.57
-1.37,-5.04,-7.57
-1.37,-5.04,-7.57
-0.27,-5.36,-7.61
-0.27,-5.36,-7.61
-0.27,-5.36,-7.61
-0.91,-5.4,-7.49
-0.91,-5.4,-7.49
-1.02,-5.78,-7.6
-1.02,-5.78,-7.6
-1.02,-5.78,-7.6
-0.54,-5.6,-7.12
-0.54,-5.6,-7.12
-0.54,-5.6,-7.12
-0.89,-5.08,-7.59
-0.89,-5.08,-7.59
-0.89,-5.08,-7.59
-1.25,-5.99,-7.57
-1.25,-5.99,-7.57
-1.25,-5.99,-7.57
-0.84,-5.32,-7.31
-0.71,-5.39,-7.22
-0.71,-5.39,-7.22
-0.85,-4.96,-7.65
-0.85,-4.96,-7.65
-0.85,-4.96,-7.65
-0.86,-5.61,-7.49
-0.86,-5.61,-7.49
-0.86,-5.61,-7.49
-0.63,-5.44,-7.74
-0.63,-5.44,-7.74
-0.63,-5.44,-7.74
-0.87,-5.23,-7.27
-0.87,-5.23,-7.27
-0.96,-5.07,-7.44
-0.82,-5.24,-7.48
-0.82,-5.24,-7.48
-0.82,-5.24,-7.48
-0.72,-5.56,-7.88
-0.72,-5.56,-7.88
-0.72,-5.56,-7.88
-0.38,-4.93,-7.53
-0.38,-4.93,-7.53
-0.38,-4.93,-7.53
-0.6,-5.8,-7.62
-0.6,-5.8,-7.62
-0.6,-5.8,-7.62
-0.58,-5.21,-7.09
-0.58,-5.21,-7.09
-0.58,-5.21,-7.09
-0.73,-5.22,-7.76
-0.73,-5.22,-7.76
-0.73,-5.22,-7.76
-0.14,-5.66,-7.44
-0.14,-5.66,-7.44
-0.14,-5.66,-7.44
-1.5,-5.1,-7.87
-1.5,-5.1,-7.87
-1.5,-5.1,-7.87
-0.78,-4.63,-7.68
-0.78,-4.63,-7.68
-0.78,-4.63,-7.68
-0.95,-5.99,-7.34
-0.95,-5.99,-7.34
-0.95,-5.99,-7.34
-0.77,-5.03,-7.8
-0.77,-5.03,-7.8
-0.77,-5.03,-7.8
-0.98,-5.51,-7.39
-0.37,-4.63,-7.25
-0.37,-4.63,-7.25
-1.14,-5.47,-7.72
-1.14,-5.47,-7.72
-1.14,-5.47,-7.72
-0.68,-5.5,-7.72
-0.68,-5.5,-7.72
-0.68,-5.5,-7.72
-0.49,-5.78,-7.56
-0.49,-5.78,-7.56
-0.49,-5.78,-7.56
-0.56,-4.86,-7.27
-0.56,-4.86,-7.27
-0.56,-4.86,-7.27
-0.28,-5.82,-7.56
-0.28,-5.82,-7.56
-0.28,-5.82,-7.56
-1.07,-4.94,-7.97
-1.07,-4.94,-7.97
-1.07,-4.94,-7.97
-0.35,-5.85,-7.34
-0.35,-5.85,-7.34
-0.35,-5.85,-7.34
-1.1,-5.36,-7.72
-1.1,-5.36,-7.72
-1.1,-5.36,-7.72
-0.79,-4.57,-7.47
-0.79,-4.57,-7.47
-0.79,-4.57,-7.47
-0.6,-5.66,-7.43
-0.6,-5.66,-7.43
-0.6,-5.66,-7.43
-1.43,-5.66,-7.5
-1.43,-5.66,-7.5
-1.43,-5.66,-7.5
-0.44,-5.25,-7.58
-0.44,-5.25,-7.58
-0.44,-5.25,-7.58
-0.72,-5.32,-7.46
-0.72,-5.32,-7.46
-0.72,-5.32,-7.46
-1.12,-5.12,-7.38
-1.12,-5.12,-7.38
-1.12,-5.12,-7.38
-0.2,-5.23,-7.5
-0.2,-5.23,-7.5
-1.11,-5.56,-7.67
-1.11,-5.56,-7.67
-1.11,-5.56,-7.67
-0.87,-5.63,-7.26
-0.87,-5.63,-7.26
-0.87,-5.63,-7.26
-0.85,-5.15,-7.68
-0.85,-5.15,-7.68
-0.85,-5.15,-7.68
-0.61,-5.39,-7.87
-0.61,-5.39,-7.87
-0.61,-5.39,-7.87
-1.29,-5.52,-7.46
-1.29,-5.52,-7.46
-1.29,-5.52,-7.46
-0.45,-5.21,-7.06
-0.45,-5.21,-7.06
-0.45,-5.21,-7.06
-1.11,-5.77,-8.19
-1.11,-5.77,-8.19
-1.11,-5.77,-8.19
0.19,-5.27,-7.36
0.19,-5.27,-7.36
0.19,-5.27,-7.36
-1.84,-5.41,-8.04
-1.84,-5.41,-8.04
-1.84,-5.41,-8.04
-0.96,-4.72,-7.64
-0.96,-4.72,-7.64
-0.96,-4.72,-7.64
-0.36,-5.83,-7.23
-0.36,-5.83,-7.23
-0.36,-5.83,-7.23
-1.33,-5.56,-7.75
-1.33,-5.56,-7.75
-1.33,-5.56,-7.75
0.55,-4.95,-7.35
0.55,-4.95,-7.35
-0.68,-5.37,-7.51
-0.88,-5.6,-7.5
-0.88,-5.6,-7.5
-0.88,-5.6,-7.5
-0.51,-4.94,-7.53
-0.51,-4.94,-7.53
-0.51,-4.94,-7.53
-0.86,-5.41,-7.68
-0.86,-5.41,-7.68
-0.86,-5.41,-7.68
-0.93,-5.19,-7.89
-0.93,-5.19,-7.89
-0.93,-5.19,-7.89
-0.11,-5.61,-7.49
-0.11,-5.61,-7.49
-0.11,-5.61,-7.49
-1.02,-5.21,-7.26
-1.02,-5.21,-7.26
-1.02,-5.21,-7.26
-0.5,-5.48,-7.63
-0.5,-5.48,-7.63
0.03,-5.92,-7.22
-0.87,-5.25,-7.91
-0.87,-5.25,-7.91
-0.87,-5.25,-7.91
-0.3,-5.37,-7.17
-0.3,-5.37,-7.17
-0.74,-5.39,-7.8
-0.74,-5.39,-7.8
-0.74,-5.39,-7.8
-0.36,-5.35,-7.04
-0.36,-5.35,-7.04
-1.0,-5.07,-7.42
-0.73,-4.75,-7.93
-0.04,-5.22,-7.89
-0.04,-5.22,-7.89
-0.69,-5.85,-7.65
-0.69,-5.85,-7.65
-0.69,-5.85,-7.65
-0.4,-5.11,-7.32
-0.4,-5.11,-7.32
-0.4,-5.11,-7.32
-1.36,-5.38,-7.4
-1.36,-5.38,-7.4
-1.36,-5.38,-7.4
-1.05,-5.55,-7.83
-1.05,-5.55,-7.83
-1.05,-5.55,-7.83
0.18,-5.03,-7.02
0.18,-5.03,-7.02
0.18,-5.03,-7.02
-1.37,-5.5,-8.05
-1.37,-5.5,-8.05
-1.37,-5.5,-8.05
0.05,-5.8,-7.0
0.05,-5.8,-7.0
0.05,-5.8,-7.0
-0.68,-5.25,-7.3
-0.68,-5.25,-7.3
-0.68,-5.25,-7.3
-0.51,-4.9,-7.95
-0.51,-4.9,-7.95
-0.51,-4.9,-7.95
-0.1,-5.77,-7.23
-0.1,-5.77,-7.23
-0.1,-5.77,-7.23
-0.91,-4.98,-7.59
-0.91,-4.98,-7.59
-0.91,-4.98,-7.59
-1.04,-5.62,-7.28
0.04,-5.21,-7.3
0.04,-5.21,-7.3
-1.07,-5.71,-7.96
-1.07,-5.71,-7.96
-1.07,-5.71,-7.96
-0.2,-5.2,-7.33
-0.2,-5.2,-7.33
-0.2,-5.2,-7.33
-1.52,-5.92,-7.38
-1.52,-5.92,-7.38
-0.88,-5.2,-7.16
-0.37,-5.75,-7.92
-0.37,-5.75,-7.92
-0.37,-5.75,-7.92
-0.38,-4.59,-7.28
-0.38,-4.59,-7.28
-0.38,-4.59,-7.28
-0.91,-6.02,-7.6
-0.91,-6.02,-7.6
-0.91,-6.02,-7.6
-0.84,-5.25,-7.1
-0.84,-5.25,-7.1
-0.84,-5.25,-7.1
-1.16,-5.41,-7.86
-1.16,-5.41,-7.86
-1.16,-5.41,-7.86
0.23,-5.42,-7.48
0.23,-5.42,-7.48
0.23,-5.42,-7.48
-1.45,-5.43,-7.49
-1.45,-5.43,-7.49
-1.45,-5.43,-7.49
-0.31,-5.21,-7.28
-0.31,-5.21,-7.28
-0.31,-5.21,-7.28
0.57,-5.27,-7.29
0.57,-5.27,-7.29
0.57,-5.27,-7.29
-0.75,-5.32,-8.17
-0.75,-5.32,-8.17
-0.75,-5.32,-8.17
-0.06,-5.5,-7.0
-0.06,-5.5,-7.0
-0.06,-5.5,-7.0
-1.55,-5.34,-7.72
-1.55,-5.34,-7.72
-1.55,-5.34,-7.72
0.05,-5.05,-7.1
0.05,-5.05,-7.1
-0.16,-4.95,-7.88
-0.54,-5.87,-7.37
-0.54,-5.87,-7.37
-0.6,-5.41,-7.54
-0.6,-5.41,-7.54
-0.6,-5.41,-7.54
-0.81,-5.77,-7.16
-0.81,-5.77,-7.16
-0.81,-5.77,-7.16
-0.02,-5.0,-7.32
-0.16,-5.74,-7.6
-0.22,-5.34,-7.48
-0.22,-5.34,-7.48
-0.22,-5.34,-7.48
-1.08,-5.9,-7.68
-1.08,-5.9,-7.68
-1.08,-5.9,-7.68
0.02,-5.4,-7.24
0.02,-5.4,-7.24
0.02,-5.4,-7.24
-0.07,-5.43,-7.18
-0.07,-5.43,-7.18
-0.07,-5.43,-7.18
-0.41,-5.52,-7.67
-0.41,-5.52,-7.67
-0.41,-5.52,-7.67
-0.42,-5.46,-7.3
-0.42,-5.46,-7.3
-0.42,-5.46,-7.3
-0.51,-5.56,-7.56
-0.51,-5.56,-7.56
-0.49,-5.45,-7.26
-0.56,-5.61,-7.28
-0.56,-5.61,-7.28
-0.56,-5.61,-7.28
-0.45,-5.67,-7.48
-0.45,-5.67,-7.48
-0.45,-5.67,-7.48
0.05,-5.15,-7.7
0.05,-5.15,-7.7
0.05,-5.15,-7.7
-0.25,-5.89,-7.46
-0.25,-5.89,-7.46
-0.25,-5.89,-7.46
-1.09,-5.28,-7.28
-0.85,-5.23,-7.28
-0.85,-5.23,-7.28
-0.95,-5.79,-7.3
-0.95,-5.79,-7.3
-0.95,-5.79,-7.3
0.21,-5.21,-7.52
0.21,-5.21,-7.52
0.21,-5.21,-7.52
-1.36,-5.92,-7.69
-0.3,-5.42,-7.24
-0.3,-5.42,-7.24
-0.15,-5.22,-7.46
-0.83,-5.89,-7.65
-0.83,-5.89,-7.65
0.09,-4.89,-7.08
0.09,-4.89,-7.08
0.09,-4.89,-7.08
-0.9,-5.93,-7.76
-0.9,-5.93,-7.76
-0.9,-5.93,-7.76
0.1,-4.97,-7.71
0.1,-4.97,-7.71
0.13,-5.5,-7.81
-0.97,-6.14,-7.7
-0.96,-5.42,-7.13
-0.96,-5.42,-7.13
-0.48,-5.33,-7.23
-0.48,-5.33,-7.23
-0.48,-5.33,-7.23
-1.2,-5.48,-7.22
-1.2,-5.48,-7.22
-1.2,-5.48,-7.22
-0.11,-5.23,-7.74
-0.11,-5.23,-7.74
-0.11,-5.39,-7.53
-0.17,-5.42,-7.6
-0.17,-5.42,-7.6
-0.17,-5.42,-7.6
-1.6,-6.17,-7.56
-1.6,-6.17,-7.56
-1.6,-6.17,-7.56
-0.23,-5.4,-7.34
-0.23,-5.4,-7.34
-0.23,-5.4,-7.34
-0.73,-5.65,-7.42
-0.66,-5.1,-7.91
-0.66,-5.1,-7.91
-0.11,-5.23,-7.51
-0.67,-5.64,-7.23
-0.67,-5.64,-7.23
-0.24,-5.29,-7.71
-0.24,-5.29,-7.71
-0.24,-5.29,-7.71
-0.71,-5.56,-7.0
-0.71,-5.56,-7.0
-0.72,-5.61,-7.52
-1.16,-5.43,-7.82
-1.16,-5.43,-7.82
0.09,-5.47,-7.07
-0.34,-5.31,-7.92
-0.34,-5.31,-7.92
-0.34,-5.31,-7.92
-0.62,-6.05,-7.0
-0.62,-6.05,-7.0
-0.62,-6.05,-7.0
-1.25,-5.11,-8.02
-1.25,-5.11,-8.02
-1.08,-5.86,-7.58
0.59,-5.02,-7.29
0.59,-5.02,-7.29
0.59,-5.02,-7.29
-0.53,-5.53,-7.7
-0.53,-5.53,-7.7
-0.53,-5.53,-7.7
-0.39,-5.3,-7.14
-0.39,-5.3,-7.14
-0.39,-5.3,-7.14
-1.04,-5.87,-7.73
-1.04,-5.87,-7.73
-1.04,-5.87,-7.73
-0.56,-5.09,-7.93
-0.56,-5.09,-7.93
-0.56,-5.09,-7.93
-0.23,-5.35,-7.11
-0.23,-5.35,-7.11
-0.23,-5.35,-7.11
-0.75,-5.49,-7.78
-0.75,-5.49,-7.78
-0.75,-5.49,-7.78
0.35,-5.55,-7.31
0.35,-5.55,-7.31
0.35,-5.55,-7.31
0.23,-5.5,-7.26
0.23,-5.5,-7.26
0.23,-5.5,-7.26
-0.97,-4.95,-8.0
-0.97,-4.95,-8.0
-0.97,-4.95,-8.0
0.81,-5.64,-7.63
0.81,-5.64,-7.63
0.81,-5.64,-7.63
-1.42,-5.86,-7.46
-1.42,-5.86,-7.46
-1.42,-5.86,-7.46
0.55,-4.78,-7.32
0.55,-4.78,-7.32
0.52,-5.64,-7.45
-0.5,-5.27,-7.45
-0.5,-5.27,-7.45
-0.5,-5.27,-7.45
-0.44,-5.5,-7.9
-0.44,-5.5,-7.9
-0.44,-5.5,-7.9
0.22,-5.44,-7.1
0.22,-5.44,-7.1
0.22,-5.44,-7.1
-1.13,-5.7,-7.69
-1.13,-5.7,-7.69
-0.59,-5.32,-7.48
0.0,-5.16,-7.65
0.0,-5.16,-7.65
0.0,-5.16,-7.65
-0.5,-5.49,-7.48
-0.5,-5.49,-7.48
-0.21,-4.87,-7.52
-0.21,-4.87,-7.52
-0.21,-4.87,-7.52
-1.17,-6.22,-7.47
-0.11,-5.35,-7.14
-0.11,-5.35,-7.14
-0.51,-6.07,-7.68
-0.51,-6.07,-7.68
-0.51,-6.07,-7.68
-0.14,-5.05,-7.19
-0.14,-5.05,-7.19
-0.35,-5.5,-7.44
-0.35,-5.5,-7.44
-0.35,-5.5,-7.44
-0.05,-5.32,-7.31
-0.05,-5.32,-7.31
0.58,-5.26,-7.27
-0.7,-5.65,-7.49
-0.7,-5.65,-7.49
-0.7,-5.65,-7.49
0.5,-5.46,-7.59
0.5,-5.46,-7.59
0.5,-5.46,-7.59
-0.73,-5.83,-7.65
-0.73,-5.83,-7.65
-0.73,-5.83,-7.65
2.02,-4.92,-8.6
2.02,-4.92,-8.6
2.65,-3.6,-9.96
-11.98,-2.24,0.22
-11.98,-2.24,0.22
-11.98,-2.24,0.22
20.43,8.62,-23.28
20.43,8.62,-23.28
20.43,8.62,-23.28
1.36,-7.31,-10.17
1.36,-7.31,-10.17
1.36,-7.31,-10.17
6.8,-7.78,-8.8
6.8,-7.78,-8.8
3.4,-5.08,-9.21
2.34,-7.3,-7.59
2.34,-7.3,-7.59
2.34,-7.3,-7.59
0.49,-5.21,-7.06
0.49,-5.21,-7.06
0.49,-5.21,-7.06
1.66,-5.22,-6.8
1.66,-5.22,-6.8
1.66,-5.22,-6.8
1.26,-5.64,-7.52
1.26,-5.64,-7.52
1.07,-5.4,-7.85
2.17,-5.88,-7.7
2.17,-5.88,-7.7
2.17,-5.88,-7.7
1.74,-5.57,-7.62
1.74,-5.57,-7.62
1.74,-5.57,-7.62
0.87,-5.77,-7.48
0.87,-5.77,-7.48
0.87,-5.77,-7.48
0.89,-5.81,-6.86
1.36,-5.34,-7.04
1.36,-5.34,-7.04
2.08,-4.3,-7.36
2.08,-4.3,-7.36
2.08,-4.3,-7.36
1.75,-5.27,-7.15
1.75,-5.27,-7.15
1.75,-5.27,-7.15
1.74,-6.06,-7.08
1.74,-6.06,-7.08
1.74,-6.06,-7.08
1.45,-5.96,-7.25
1.56,-6.28,-7.02
1.56,-6.28,-7.02
1.43,-5.98,-7.07
1.43,-5.98,-7.07
1.62,-5.84,-6.46
1.62,-5.84,-6.46
1.62,-5.84,-6.46
1.52,-4.94,-6.85
1.52,-4.94,-6.85
1.59,-5.16,-6.78
1.59,-5.89,-6.45
1.59,-5.89,-6.45
1.79,-6.42,-6.14
2.15,-5.23,-6.23
2.15,-5.23,-6.23
2.15,-5.23,-6.23
2.35,-5.89,-6.23
2.35,-5.89,-6.23
2.35,-5.89,-6.23
2.17,-6.7,-5.44
2.17,-6.7,-5.44
2.31,-7.01,-5.19
2.49,-6.8,-5.36
2.49,-6.8,-5.36
2.54,-6.4,-5.03
2.64,-7.35,-4.44
2.64,-7.35,-4.44
2.64,-7.35,-4.44
2.27,-7.6,-4.43
2.27,-7.6,-4.43
2.27,-7.6,-4.43
4.04,-8.08,-3.53
3.43,-9.47,-3.25
3.43,-9.47,-3.25
3.13,-7.2,-2.83
3.13,-7.2,-2.83
3.13,-7.2,-2.83
2.68,-7.81,-3.28
2.68,-7.81,-3.28
2.68,-7.81,-3.28
3.22,-9.45,-1.4
3.22,-9.45,-1.4
3.22,-9.45,-1.4
3.03,-9.62,-1.72
3.27,-8.57,-2.05
3.27,-8.57,-2.05
3.47,-9.36,-1.16
3.47,-9.36,-1.16
3.47,-9.36,-1.16
3.81,-9.7,-0.59
3.81,-9.7,-0.59
3.81,-9.7,-0.59
4.12,-9.37,-0.09
4.12,-9.37,-0.09
4.12,-9.37,-0.09
4.16,-9.48,-0.43
4.16,-9.48,-0.43
4.16,-9.48,-0.43
4.44,-10.32,0.49
4.44,-10.32,0.49
4.44,-10.32,0.49
4.03,-10.06,0.25
4.03,-10.06,0.25
4.03,-10.06,0.25
4.01,-9.59,1.27
4.01,-9.59,1.27
4.01,-9.59,1.27
4.2,-9.25,0.97
4.2,-9.25,0.97
4.2,-9.25,0.97
3.09,-9.13,0.7
3.09,-9.13,0.7
3.09,-9.13,0.7
3.14,-7.9,1.42
3.14,-7.9,1.42
3.14,-7.9,1.42
2.37,-9.96,3.25
2.37,-9.96,3.25
2.37,-9.96,3.25
2.24,-9.33,3.1
1.88,-8.92,2.86
1.88,-8.92,2.86
0.31,-9.57,2.91
0.31,-9.57,2.91
0.31,-9.57,2.91
-0.31,-9.14,2.83
-0.31,-9.14,2.83
-0.31,-9.14,2.83
-1.01,-9.74,3.57
-1.01,-9.74,3.57
-1.01,-9.74,3.57
-1.77,-9.86,3.64
-1.77,-9.86,3.64
-1.77,-9.86,3.64
-2.0,-9.97,2.72
-2.0,-9.97,2.72
-2.0,-9.97,2.72
-2.5,-10.18,2.79
-2.5,-10.18,2.79
-2.5,-10.18,2.79
-3.36,-9.74,2.83
-3.36,-9.74,2.83
-3.36,-9.74,2.83
-2.51,-9.39,3.37
-2.51,-9.39,3.37
-2.51,-9.39,3.37
-2.98,-9.01,3.19
-2.92,-9.15,3.32
-2.92,-9.15,3.32
-3.22,-8.17,3.19
-3.22,-8.17,3.19
-3.22,-8.17,3.19
-2.41,-8.61,3.32
-2.41,-8.61,3.32
-2.41,-8.61,3.32
-2.53,-8.22,3.18
-2.53,-8.22,3.18
-2.15,-8.32,3.66
-2.3,-8.5,3.5
-2.77,-8.22,2.76
-2.77,-8.22,2.76
-1.74,-8.58,2.76
-1.74,-8.58,2.76
-1.74,-8.58,2.76
-1.43,-8.74,2.65
-1.43,-8.74,2.65
-1.42,-8.56,2.6
-1.52,-9.18,2.48
-1.52,-9.18,2.48
-1.84,-8.25,2.16
-3.31,-8.93,2.59
-3.31,-8.93,2.59
-3.31,-8.93,2.59
-3.36,-10.56,3.12
-3.36,-10.56,3.12
-3.36,-10.56,3.12
-4.25,-9.9,2.64
-4.25,-9.9,2.64
-4.25,-9.9,2.64
-2.93,-9.57,2.51
-2.93,-9.57,2.51
-3.31,-9.37,1.99
-2.46,-9.38,1.92
-2.46,-9.38,1.92
-2.46,-9.38,1.92
-2.04,-8.89,2.05
-2.04,-8.89,2.05
-2.04,-8.89,2.05
-2.06,-8.67,2.68
-2.06,-8.67,2.68
-2.06,-8.67,2.68
-2.76,-8.84,2.38
-2.76,-8.84,2.38
-2.49,-8.63,2.59
-2.38,-9.18,2.92
-2.38,-9.18,2.92
-2.38,-9.18,2.92
-2.43,-9.6,2.49
-2.43,-9.6,2.49
-2.43,-9.6,2.49
-2.04,-9.08,2.07
-2.04,-9.08,2.07
-2.04,-9.08,2.07
-1.9,-8.61,1.97
-1.9,-8.61,1.97
-1.65,-8.71,2.19
-2.17,-9.51,2.06
-2.17,-9.51,2.06
-2.17,-9.51,2.06
-1.76,-8.78,1.71
-1.76,-8.78,1.71
-1.76,-8.78,1.71
-1.56,-8.75,1.49
-1.56,-8.75,1.49
-1.56,-8.75,1.49
-1.84,-8.98,1.34
-1.84,-8.98,1.34
-1.76,-9.18,1.32
-1.7,-9.43,1.44
-1.7,-9.43,1.44
-2.02,-9.16,0.76
-2.02,-9.16,0.76
-2.02,-9.16,0.76
-2.13,-8.69,0.64
-2.13,-8.69,0.64
-2.13,-8.69,0.64
-2.16,-8.5,0.73
-2.04,-8.42,0.5
-1.88,-8.81,0.65
-1.88,-8.81,0.65
-1.88,-8.81,0.65
-2.2,-9.27,1.11
-2.2,-9.27,1.11
-2.2,-9.27,1.11
-2.14,-9.08,0.85
-2.14,-9.08,0.85
-2.14,-9.08,0.85
-2.17,-9.54,0.37
-2.4,-9.14,0.0
-2.4,-9.14,0.0
-2.19,-8.81,0.18
-2.19,-8.81,0.18
-2.19,-8.81,0.18
-1.97,-10.13,1.11
-1.97,-10.13,1.11
-1.97,-10.13,1.11
-1.23,-9.2,0.44
-1.23,-9.2,0.44
-1.34,-9.06,0.01
-1.4,-9.35,-0.37
-0.57,-9.0,0.0
-0.57,-9.0,0.0
-0.56,-9.23,0.78
-0.56,-9.23,0.78
-0.56,-9.23,0.78
-0.57,-11.07,0.72
-0.57,-11.07,0.72
-0.57,-11.07,0.72
-1.28,-10.45,0.09
-1.28,-10.45,0.09
-0.96,-10.53,-0.04
-1.3,-10.13,0.19
-1.53,-10.81,2.03
-1.53,-10.81,2.03
-2.61,-9.22,1.11
-2.61,-9.22,1.11
-2.61,-9.22,1.11
-3.53,-7.99,0.35
-3.53,-7.99,0.35
-3.78,-7.87,0.56
-3.78,-7.87,0.56
-3.78,-7.87,0.56
-3.39,-6.76,-0.08
-3.29,-5.88,-0.67
-3.29,-5.88,-0.67
-2.9,-5.75,-0.18
-2.9,-5.75,-0.18
-2.9,-5.75,-0.18
-4.24,-8.97,0.55
-4.24,-8.97,0.55
-4.24,-8.97,0.55
-4.1,-8.55,-0.48
-4.1,-8.55,-0.48
-4.1,-8.55,-0.48
-3.29,-10.04,-1.16
-3.29,-10.04,-1.16
-3.29,-10.04,-1.16
-3.39,-11.78,-0.67
-3.39,-11.78,-0.67
-3.39,-11.78,-0.67
-2.92,-12.23,-0.71
-2.92,-12.23,-0.71
-2.92,-12.23,-0.71
-3.12,-12.81,-0.85
-3.12,-12.81,-0.85
-3.12,-12.81,-0.85
-3.97,-13.14,-1.31
-3.97,-13.14,-1.31
-3.97,-13.14,-1.31
-3.53,-13.28,-0.47
-3.53,-13.28,-0.47
-3.53,-13.28,-0.47
-3.33,-12.52,-0.51
-3.33,-12.52,-0.51
-3.33,-12.52,-0.51
-2.82,-10.99,-0.91
-2.59,-10.35,-0.75
-2.59,-10.35,-0.75
-1.47,-9.59,-1.13
-1.47,-9.59,-1.13
-1.47,-9.59,-1.13
-0.63,-8.95,-1.02
-0.63,-8.95,-1.02
-0.63,-8.95,-1.02
0.23,-8.4,-1.23
0.23,-8.4,-1.23
0.23,-8.4,-1.23
1.37,-7.82,-4.21
1.37,-7.82,-4.21
1.37,-7.82,-4.21
1.64,-5.84,-3.14
1.64,-5.84,-3.14
1.64,-5.84,-3.14
3.01,-4.74,-3.39
3.01,-4.74,-3.39
3.01,-4.74,-3.39
3.83,-4.83,-3.17
3.83,-4.83,-3.17
3.83,-4.83,-3.17
3.76,-3.28,-3.46
3.76,-3.28,-3.46
3.76,-3.28,-3.46
4.15,-3.17,-2.84
4.15,-3.17,-2.84
4.73,-3.18,-2.86
5.25,-3.06,-2.55
5.25,-3.06,-2.55
5.18,-4.12,-1.17
5.18,-4.12,-1.17
5.18,-4.12,-1.17
5.86,-5.11,-1.67
5.86,-5.11,-1.67
5.86,-5.11,-1.67
6.07,-3.98,-1.22
5.98,-4.81,-0.79
5.98,-4.81,-0.79
5.12,-5.27,-2.58
5.12,-5.27,-2.58
5.12,-5.27,-2.58
4.69,-4.77,-0.57
4.69,-4.77,-0.57
4.69,-4.77,-0.57
3.22,-6.34,-0.31
3.22,-6.34,-0.31
3.22,-6.34,-0.31
1.37,-7.28,0.34
1.37,-7.28,0.34
1.37,-7.28,0.34
1.62,-8.85,0.81
1.62,-8.85,0.81
1.62,-8.85,0.81
-0.28,-9.13,1.14
-0.28,-9.13,1.14
-0.28,-9.13,1.14
-1.05,-12.05,3.91
-1.05,-12.05,3.91
-1.05,-12.05,3.91
-1.99,-10.22,5.16
-1.99,-10.22,5.16
-1.99,-10.22,5.16
-2.7,-9.78,4.97
-2.7,-9.78,4.97
-2.7,-9.78,4.97
-2.91,-8.73,5.89
-2.91,-8.73,5.89
-2.91,-8.73,5.89
-0.91,-9.4,6.67
-0.91,-9.4,6.67
-0.91,-9.4,6.67
-1.2,-6.86,5.34
-1.2,-6.86,5.34
-1.2,-6.86,5.34
-2.17,-9.22,6.1
-2.17,-9.22,6.1
-2.17,-9.22,6.1
-2.1,-9.02,6.01
-2.1,-9.02,6.01
-2.1,-9.02,6.01
-2.86,-8.58,6.02
-2.86,-8.58,6.02
-2.86,-8.58,6.02
-3.28,-9.54,7.51
-3.25,-7.83,7.05
-3.25,-7.83,7.05
-3.86,-8.4,7.0
-3.86,-8.4,7.0
-3.98,-8.43,7.66
-3.98,-8.43,7.66
-3.98,-8.43,7.66
-4.12,-6.76,6.71
-4.12,-6.76,6.71
-4.12,-6.76,6.71
-4.45,-7.21,6.81
-4.45,-7.21,6.81
-4.45,-7.21,6.81
-4.25,-6.35,6.68
-4.25,-6.35,6.68
-4.25,-6.35,6.68
-3.85,-6.63,6.79
-3.85,-6.63,6.79
-3.85,-6.63,6.79
-4.24,-6.2,6.86
-4.24,-6.2,6.86
-4.16,-6.1,6.7
-3.59,-6.89,6.92
-3.59,-6.89,6.92
-3.59,-6.89,6.92
-3.43,-5.79,5.88
-3.43,-5.79,5.88
-3.43,-5.79,5.88
-3.51,-7.51,6.26
-3.51,-7.51,6.26
-3.51,-7.51,6.26
-3.66,-7.31,6.45
-3.66,-7.31,6.45
-3.66,-7.31,6.45
-3.29,-6.29,6.01
-3.29,-6.29,6.01
-3.29,-6.29,6.01
-2.86,-6.36,5.96
-2.86,-6.36,5.96
-2.86,-6.36,5.96
-3.02,-6.34,5.5
-3.02,-6.34,5.5
-3.69,-6.72,5.6
-3.84,-6.85,5.92
-3.84,-6.85,5.92
-3.54,-6.35,6.15
-3.87,-6.48,6.81
-3.87,-6.48,6.81
-3.87,-6.48,6.81
-6.6,-5.55,2.44
-6.6,-5.55,2.44
-6.6,-5.55,2.44
-5.28,-7.16,6.3
-5.28,-7.16,6.3
-5.28,-7.16,6.3
-5.23,-6.16,6.2
-5.23,-6.16,6.2
-5.13,-4.49,4.96
-5.69,-6.04,4.99
-5.69,-6.04,4.99
-5.69,-6.04,4.99
-6.19,-5.09,4.34
-6.19,-5.09,4.34
-6.19,-5.09,4.34
-6.08,-6.66,5.27
-6.08,-6.66,5.27
-5.27,-6.85,5.81
-4.72,-6.38,5.09
-4.72,-6.38,5.09
-4.86,-6.2,4.81
-4.77,-6.57,6.0
-4.77,-6.57,6.0
-4.77,-6.57,6.0
-5.01,-5.31,4.98
-5.01,-5.31,4.98
-5.01,-5.31,4.98
-5.1,-6.46,5.61
-5.1,-6.46,5.61
-5.1,-6.46,5.61
-5.06,-6.22,5.75
-4.89,-5.87,5.66
-4.89,-5.87,5.66
-5.32,-6.15,5.87
-5.32,-6.15,5.87
-5.32,-6.15,5.87
-4.59,-5.95,5.86
-4.59,-5.95,5.86
-4.59,-5.95,5.86
-4.84,-5.45,5.59
-4.84,-5.45,5.59
-4.84,-5.45,5.59
-5.06,-5.93,5.77
-5.06,-5.93,5.77
-5.06,-5.93,5.77
-4.82,-6.39,5.89
-4.82,-6.39,5.89
-4.82,-6.39,5.89
-5.06,-5.89,5.67
-5.06,-5.89,5.67
-5.06,-5.89,5.67
-5.09,-6.07,5.69
-5.09,-6.07,5.69
-5.09,-6.07,5.69
-5.1,-5.81,5.61
-5.1,-5.81,5.61
-5.17,-5.73,5.62
-5.15,-5.68,5.67
-5.15,-5.68,5.67
-5.07,-6.29,6.13
-5.07,-6.29,6.13
-5.07,-6.29,6.13
-5.88,-5.82,5.16
-5.88,-5.82,5.16
-5.88,-5.82,5.16
-5.78,-6.61,5.23
-5.78,-6.61,5.23
-5.81,-6.5,4.95
-5.19,-5.89,5.92
-5.19,-5.89,5.92
-5.19,-5.89,5.92
-4.85,-6.54,5.76
-4.85,-6.54,5.76
-4.85,-6.54,5.76
-3.58,-6.32,5.99
-3.58,-6.32,5.99
-3.58,-6.32,5.99
-3.14,-6.58,6.29
-3.14,-6.58,6.29
-3.14,-6.58,6.29
-3.78,-7.25,6.47
-3.78,-7.25,6.47
-3.78,-7.25,6.47
-3.43,-6.77,6.63
-3.43,-6.77,6.63
-3.43,-6.77,6.63
-4.28,-5.75,6.7
-4.28,-5.75,6.7
-4.28,-5.75,6.7
-3.13,-6.59,6.31
-3.13,-6.59,6.31
-3.13,-6.59,6.31
-2.78,-5.89,6.0
-2.78,-5.89,6.0
-2.78,-5.89,6.0
-2.3,-7.07,6.8
-2.3,-7.07,6.8
-2.3,-7.07,6.8
-2.12,-5.0,6.07
-2.12,-5.0,6.07
-2.01,-5.34,6.71
-1.83,-6.89,7.04
-1.83,-6.89,7.04
-1.83,-6.89,7.04
-1.98,-6.34,6.59
-1.98,-6.34,6.59
-1.98,-6.34,6.59
-2.2,-6.59,6.74
-2.2,-6.59,6.74
-2.2,-6.59,6.74
-2.25,-6.93,6.93
-2.25,-6.93,6.93
-2.25,-6.93,6.93
-2.38,-6.91,6.7
-2.59,-6.54,6.59
-2.76,-6.37,6.49
-2.76,-6.37,6.49
-2.76,-6.37,6.49
-3.78,-6.84,6.65
-3.78,-6.84,6.65
-3.78,-6.84,6.65
-3.4,-6.5,6.78
-3.4,-6.5,6.78
-3.21,-7.01,7.02
-3.17,-6.63,6.97
-3.17,-6.63,6.97
-3.61,-6.6,7.01
-3.61,-6.6,7.01
-3.61,-6.6,7.01
-3.63,-6.49,6.29
-3.63,-6.49,6.29
-3.63,-6.49,6.29
-3.58,-6.15,5.98
-3.58,-6.15,5.98
-3.58,-6.15,5.98
-3.43,-6.04,6.24
-3.14,-6.6,6.46
-3.14,-6.6,6.46
-3.22,-5.76,6.16
-3.22,-5.76,6.16
-3.22,-5.76,6.16
-3.0,-5.8,6.36
-3.0,-5.8,6.36
-3.0,-5.8,6.36
-3.13,-6.32,6.19
-3.13,-6.32,6.19
-3.1,-6.4,6.29
-2.77,-6.75,6.3
-2.77,-6.75,6.3
-2.77,-6.75,6.3
-2.57,-6.6,6.63
-2.57,-6.6,6.63
-2.57,-6.6,6.63
-2.95,-6.45,6.81
-2.95,-6.45,6.81
-2.95,-6.45,6.81
-2.98,-6.23,6.19
-2.98,-6.23,6.19
-2.88,-6.37,6.23
-1.93,-6.63,6.56
-1.93,-6.63,6.56
-1.93,-6.63,6.56
-1.85,-7.04,7.25
-1.85,-7.04,7.25
-1.85,-7.04,7.25
-3.48,-5.64,6.79
-3.48,-5.64,6.79
-3.48,-5.64,6.79
-3.72,-5.88,7.12
-3.72,-5.88,7.12
-3.42,-5.95,7.27
-1.99,-6.19,7.05
-1.99,-6.19,7.05
-1.99,-6.19,7.05
-2.32,-5.6,6.49
-2.32,-5.6,6.49
-2.32,-5.6,6.49
-3.21,-5.41,6.68
-3.21,-5.41,6.68
-3.21,-5.41,6.68
-3.3,-5.65,6.85
-3.19,-5.96,7.02
-3.19,-5.96,7.02
-2.49,-6.48,7.65
-2.49,-6.48,7.65
-2.49,-6.48,7.65
-2.19,-6.64,7.76
-2.19,-6.64,7.76
-2.19,-6.64,7.76
-2.09,-6.35,7.5
-2.09,-6.35,7.5
-2.09,-6.35,7.5
-2.35,-6.46,7.58
-2.35,-6.46,7.58
-2.35,-6.46,7.58
-2.86,-6.65,7.7
-2.86,-6.65,7.7
-2.86,-6.65,7.7
-2.76,-6.57,7.3
-2.76,-6.57,7.3
-2.76,-6.57,7.3
-2.47,-6.16,7.02
-2.47,-6.16,7.02
-2.47,-6.16,7.02
-2.56,-6.66,7.3
-2.56,-6.66,7.3
-2.6,-6.98,7.47
-2.49,-6.75,7.26
-2.49,-6.75,7.26
-2.49,-6.75,7.26
-2.41,-6.76,7.2
-2.41,-6.76,7.2
-2.41,-6.76,7.2
-2.41,-6.53,6.87
-2.41,-6.53,6.87
-2.41,-6.53,6.87
-2.81,-5.73,6.27
-2.81,-5.73,6.27
-2.9,-5.53,6.22
-2.69,-6.03,6.22
-2.69,-6.03,6.22
-2.69,-6.03,6.22
-3.06,-6.72,6.7
-3.06,-6.72,6.7
-3.06,-6.72,6.7
-2.88,-6.0,6.75
-2.88,-6.0,6.75
-2.88,-6.0,6.75
-2.69,-6.56,7.22
-2.69,-6.56,7.22
-2.69,-6.56,7.22
-2.34,-6.72,7.18
-2.34,-6.72,7.18
-2.34,-6.72,7.18
-2.32,-5.67,6.62
-2.32,-5.67,6.62
-2.32,-5.67,6.62
-2.7,-5.33,6.34
-2.7,-5.33,6.34
-2.74,-6.85,7.21
-2.74,-6.85,7.21
-2.87,-7.13,7.49
-2.96,-7.02,7.52
-2.86,-6.91,7.48
-2.64,-6.46,7.26
-2.64,-6.46,7.26
-2.64,-6.46,7.26
-2.63,-5.58,6.82
-2.63,-5.58,6.82
-2.63,-5.58,6.82
-3.25,-5.93,7.0
-3.25,-5.93,7.0
-3.36,-6.42,7.34
-2.83,-6.37,7.31
-2.83,-6.37,7.31
-2.83,-6.37,7.31
-2.69,-6.14,6.83
-2.69,-6.14,6.83
-2.69,-6.14,6.83
-2.45,-6.38,7.17
-2.45,-6.38,7.17
-2.45,-6.38,7.17
-2.85,-6.12,7.03
-2.85,-6.12,7.03
-3.2,-6.29,7.09
-2.89,-6.34,7.13
-2.89,-6.34,7.13
-2.89,-6.34,7.13
-2.73,-5.9,6.63
-2.73,-5.9,6.63
-2.73,-5.9,6.63
-2.79,-5.82,6.92
-2.79,-5.82,6.92
-2.79,-5.82,6.92
-3.22,-6.65,7.48
-3.22,-6.65,7.48
-3.2,-6.68,7.33
-2.94,-6.12,6.55
-2.94,-6.12,6.55
-2.94,-6.12,6.55
-3.05,-6.67,6.93
-3.05,-6.67,6.93
-2.83,-6.34,7.29
-2.83,-6.34,7.29
-2.83,-6.34,7.29
-3.68,-6.21,7.12
-3.68,-6.21,7.12
-3.47,-6.52,7.18
-3.11,-6.21,6.75
-3.11,-6.21,6.75
-2.94,-6.46,6.98
-2.94,-6.46,6.98
-2.94,-6.46,6.98
-3.53,-6.0,6.91
-3.53,-6.0,6.91
-3.53,-6.0,6.91
-3.26,-6.74,6.59
-3.26,-6.74,6.59
-3.22,-6.91,6.25
-3.1,-6.65,6.52
-3.1,-6.65,6.52
-3.1,-6.65,6.52
-3.01,-6.6,6.59
-3.01,-6.6,6.59
-3.01,-6.6,6.59
-2.79,-6.26,6.32
-2.79,-6.26,6.32
-2.79,-6.26,6.32
-2.62,-6.73,6.69
-2.62,-6.73,6.69
-2.61,-6.48,6.4
-2.38,-7.52,6.49
-2.38,-7.52,6.49
-2.38,-7.52,6.49
-2.8,-6.86,6.92
-2.8,-6.86,6.92
-2.8,-6.86,6.92
-2.36,-7.21,6.71
-2.36,-7.21,6.71
-2.36,-7.21,6.71
-2.19,-7.56,6.29
-2.19,-7.56,6.29
-2.43,-7.39,6.2
-2.65,-7.38,6.41
-2.65,-7.38,6.41
-2.65,-7.38,6.41
-2.48,-8.0,6.46
-2.48,-8.0,6.46
-2.48,-8.0,6.46
-2.24,-7.91,6.15
-2.24,-7.91,6.15
-2.24,-7.91,6.15
-2.1,-7.03,6.66
-2.1,-7.03,6.66
-2.1,-7.03,6.66
-1.16,-7.61,6.21
-1.16,-7.61,6.21
-1.16,-7.61,6.21
-1.15,-7.63,6.61
-1.15,-7.63,6.61
-1.15,-7.63,6.61
-1.56,-7.17,5.78
-1.56,-7.17,5.78
-1.56,-7.17,5.78
-1.61,-7.9,5.61
-1.61,-7.9,5.61
-1.61,-7.9,5.61
-1.37,-8.08,5.4
-1.37,-8.08,5.4
-1.37,-8.08,5.4
-1.08,-8.61,5.32
-1.08,-8.61,5.32
-1.08,-8.61,5.32
-1.84,-8.6,4.84
-1.84,-8.6,4.84
-1.81,-8.69,5.06
-1.64,-8.58,5.0
-1.64,-8.58,5.0
-1.33,-8.93,4.83
-0.97,-9.34,5.15
-0.97,-9.34,5.15
-0.97,-9.34,5.15
-1.05,-8.29,4.33
-1.05,-8.29,4.33
-1.05,-8.29,4.33
-1.13,-8.8,4.5
-1.13,-8.8,4.5
-0.88,-9.54,4.81
-0.6,-8.97,4.29
-0.6,-8.97,4.29
-0.6,-8.97,4.29
-0.7,-8.58,3.87
-0.7,-8.58,3.87
-0.7,-8.58,3.87
-1.08,-9.76,3.55
-1.08,-9.76,3.55
-1.08,-9.76,3.55
-0.9,-10.11,3.37
-0.9,-10.11,3.37
-0.9,-10.11,3.37
-1.73,-10.09,2.52
-1.73,-10.09,2.52
-1.73,-10.09,2.52
-1.62,-10.01,1.99
-1.62,-10.01,1.99
-1.62,-10.01,1.99
-1.22,-10.01,2.29
-1.22,-10.01,2.29
-1.22,-10.01,2.29
-0.99,-9.64,1.49
-0.82,-9.34,1.47
-0.82,-9.34,1.47
-1.09,-9.29,1.19
-1.09,-9.29,1.19
-1.09,-9.29,1.19
-1.02,-9.33,0.74
-1.02,-9.33,0.74
-1.02,-9.33,0.74
-1.07,-9.32,0.03
-1.07,-9.32,0.03
-1.07,-9.32,0.03
-0.61,-9.39,0.1
-0.61,-9.39,0.1
-0.61,-9.39,0.1
0.09,-8.74,-0.58
0.09,-8.74,-0.58
0.09,-8.74,-0.58
0.49,-9.92,-0.74
0.49,-9.92,-0.74
0.49,-9.92,-0.74
0.47,-9.31,-0.04
0.47,-9.31,-0.04
-0.32,-7.7,-3.14
1.44,-9.19,-3.09
1.44,-9.19,-3.09
0.34,-9.17,-2.98
0.34,-9.17,-2.98
0.34,-9.17,-2.98
0.58,-9.32,-3.26
0.58,-9.32,-3.26
0.58,-9.32,-3.26
0.99,-8.46,-3.67
0.99,-8.46,-3.67
0.99,-8.46,-3.67
1.49,-6.64,-3.86
1.49,-6.64,-3.86
1.49,-6.64,-3.86
1.07,-7.23,-4.09
1.07,-7.23,-4.09
1.07,-7.23,-4.09
1.06,-8.37,-3.74
1.06,-8.37,-3.74
1.06,-8.37,-3.74
1.66,-8.55,-4.76
1.66,-8.55,-4.76
1.66,-8.55,-4.76
2.51,-7.59,-5.23
2.51,-7.59,-5.23
2.29,-7.93,-5.27
2.49,-7.49,-4.88
2.49,-7.49,-4.88
2.49,-7.49,-4.88
2.08,-7.45,-4.99
2.08,-7.45,-4.99
2.08,-7.45,-4.99
2.14,-7.1,-5.01
2.14,-7.1,-5.01
2.14,-7.1,-5.01
2.62,-6.46,-5.9
2.01,-6.32,-5.74
2.01,-6.32,-5.74
2.43,-5.41,-5.9
2.43,-5.41,-5.9
2.43,-5.41,-5.9
2.46,-6.07,-5.72
2.46,-6.07,-5.72
2.46,-6.07,-5.72
2.87,-4.98,-5.73
2.87,-4.98,-5.73
2.61,-5.5,-5.86
2.61,-5.5,-5.86
2.61,-5.5,-5.86
2.94,-4.96,-6.3
2.94,-4.96,-6.3
2.94,-4.96,-6.3
2.51,-5.49,-6.0
2.51,-5.49,-6.0
2.51,-5.49,-6.0
2.46,-6.17,-6.71
2.46,-6.17,-6.71
2.46,-6.17,-6.71
2.66,-6.49,-6.47
2.66,-6.49,-6.47
2.67,-6.54,-6.52
2.67,-6.54,-6.52
2.67,-6.54,-6.52
2.51,-6.66,-6.41
2.51,-6.66,-6.41
2.51,-6.66,-6.41
2.73,-6.59,-6.28
2.73,-6.59,-6.28
2.73,-6.59,-6.28
2.58,-6.86,-6.78
2.69,-6.58,-6.5
2.69,-6.58,-6.5
2.24,-7.27,-6.42
2.24,-7.27,-6.42
2.24,-7.27,-6.42
2.48,-6.17,-6.34
2.48,-6.17,-6.34
2.48,-6.17,-6.34
2.66,-7.09,-6.07
2.66,-7.09,-6.07
2.66,-7.09,-6.07
2.68,-6.19,-6.58
2.68,-6.19,-6.58
2.23,-6.77,-6.39
2.38,-6.59,-6.27
2.38,-6.59,-6.27
2.38,-6.59,-6.27
2.27,-6.24,-6.24
2.27,-6.24,-6.24
2.27,-6.24,-6.24
2.46,-6.62,-6.22
2.46,-6.62,-6.22
2.45,-6.06,-6.45
2.55,-6.28,-6.33
2.55,-6.28,-6.33
2.53,-7.17,-6.2
2.18,-6.68,-6.32
2.18,-6.68,-6.32
2.18,-6.68,-6.32
2.04,-6.99,-6.15
2.04,-6.99,-6.15
2.04,-6.99,-6.15
2.14,-6.6,-6.31
2.14,-6.6,-6.31
1.79,-6.51,-6.33
1.88,-6.8,-6.36
1.88,-6.8,-6.36
1.88,-6.8,-6.36
2.06,-6.98,-6.33
2.06,-6.98,-6.33
2.06,-6.98,-6.33
2.25,-6.91,-6.09
2.25,-6.91,-6.09
2.25,-6.91,-6.09
1.87,-7.18,-6.25
1.87,-7.18,-6.25
1.87,-7.18,-6.25
1.86,-6.61,-6.36
1.86,-6.61,-6.36
1.93,-6.65,-6.16
1.93,-7.05,-6.31
1.93,-7.05,-6.31
1.93,-7.05,-6.31
1.89,-7.22,-6.3
1.89,-7.22,-6.3
1.89,-7.22,-6.3
2.17,-7.06,-6.23
2.17,-7.06,-6.23
2.17,-7.06,-6.23
1.71,-6.88,-6.29
1.71,-6.88,-6.29
1.48,-6.72,-6.32
1.76,-6.88,-6.18
1.76,-6.88,-6.18
1.76,-6.88,-6.18
1.44,-6.9,-6.37
1.44,-6.9,-6.37
1.44,-6.9,-6.37
1.36,-6.58,-6.31
1.62,-7.2,-6.21
1.62,-7.2,-6.21
1.61,-6.91,-6.27
1.36,-6.68,-6.35
1.47,-6.83,-6.3
1.47,-6.83,-6.3
1.47,-6.83,-6.3
1.4,-6.76,-6.41
1.4,-6.76,-6.41
1.31,-7.02,-6.4
1.38,-7.02,-6.27
1.26,-6.81,-6.3
1.26,-6.81,-6.3
1.57,-6.96,-6.04
1.57,-6.96,-6.04
1.57,-6.96,-6.04
1.64,-7.4,-6.26
1.64,-7.4,-6.26
1.64,-7.4,-6.26
1.49,-7.48,-6.14
1.49,-7.48,-6.14
1.49,-6.87,-6.06
1.42,-7.01,-6.15
1.42,-7.01,-6.15
1.31,-6.91,-6.23
1.31,-6.91,-6.23
1.31,-6.91,-6.23
1.38,-6.92,-6.43
1.38,-6.92,-6.43
1.38,-6.92,-6.43
1.53,-7.16,-6.16
1.53,-7.16,-6.16
1.38,-7.14,-6.16
1.38,-7.01,-6.17
1.45,-6.82,-6.19
1.45,-6.82,-6.19
1.51,-6.96,-6.3
1.51,-6.96,-6.3
1.51,-6.96,-6.3
1.09,-7.02,-6.47
1.09,-7.02,-6.47
1.09,-7.02,-6.47
1.49,-7.21,-6.05
1.49,-7.21,-6.05
1.63,-6.86,-6.0
1.52,-6.78,-6.29
1.52,-6.78,-6.29
1.52,-6.78,-6.29
1.49,-6.82,-6.06
1.49,-6.82,-6.06
1.49,-6.82,-6.06
1.44,-6.85,-6.14
1.44,-6.85,-6.14
1.44,-6.85,-6.14
1.35,-7.06,-6.53
1.35,-7.06,-6.53
1.51,-6.98,-6.18
1.13,-6.94,-6.19
1.13,-6.94,-6.19
1.13,-6.94,-6.19
1.32,-7.24,-5.83
1.32,-7.24,-5.83
1.53,-6.9,-6.18
1.53,-6.9,-6.18
1.53,-6.9,-6.18
1.53,-7.5,-6.03
1.53,-7.5,-6.03
1.53,-7.5,-6.03
1.67,-6.65,-5.93
1.67,-6.65,-5.93
1.34,-6.85,-6.13
1.34,-6.85,-6.13
1.34,-6.85,-6.13
1.28,-7.09,-6.18
1.28,-7.09,-6.18
1.28,-7.09,-6.18
1.43,-7.35,-6.25
1.43,-7.35,-6.25
1.7,-7.39,-6.4
1.34,-7.02,-6.0
1.34,-7.02,-6.0
1.34,-7.02,-6.0
1.13,-6.87,-6.08
1.13,-6.87,-6.08
1.13,-6.87,-6.08
1.15,-7.51,-6.24
1.15,-7.51,-6.24
1.15,-7.51,-6.24
1.14,-6.62,-6.27
1.14,-6.62,-6.27
1.14,-6.62,-6.27
1.35,-6.8,-6.14
1.35,-6.8,-6.14
1.35,-6.8,-6.14
1.3,-7.16,-5.75
1.3,-7.16,-5.75
1.3,-7.16,-5.75
1.11,-6.86,-6.28
1.11,-6.86,-6.28
1.11,-6.86,-6.28
1.02,-7.19,-6.36
1.02,-7.19,-6.36
1.02,-7.19,-6.36
1.13,-6.92,-5.97
1.13,-6.92,-5.97
1.13,-6.92,-5.97
0.99,-6.97,-6.06
0.99,-6.97,-6.06
0.99,-6.97,-6.06
1.51,-7.06,-5.8
1.51,-7.06,-5.8
0.94,-7.0,-6.32
0.88,-7.15,-6.27
0.88,-7.15,-6.27
0.91,-7.1,-5.91
0.91,-7.1,-5.91
0.91,-7.1,-5.91
0.8,-7.2,-6.4
0.8,-7.2,-6.4
0.8,-7.2,-6.4
1.69,-7.09,-5.81
1.69,-7.09,-5.81
1.69,-7.09,-5.81
1.97,-6.47,-5.98
1.97,-6.47,-5.98
1.58,-7.4,-6.14
0.95,-7.07,-6.27
0.95,-7.07,-6.27
0.95,-7.07,-6.27
1.25,-7.62,-5.96
1.25,-7.62,-5.96
1.25,-7.62,-5.96
1.08,-6.63,-6.13
1.08,-6.63,-6.13
1.08,-6.63,-6.13
1.13,-6.98,-5.79
1.13,-6.98,-5.79
1.03,-7.88,-5.84
0.64,-7.13,-6.53
0.64,-7.13,-6.53
0.64,-7.13,-6.53
1.27,-7.13,-6.03
1.27,-7.13,-6.03
1.27,-7.13,-6.03
0.73,-6.67,-5.95
0.73,-6.67,-5.95
0.73,-6.67,-5.95
0.99,-6.91,-5.95
0.99,-6.91,-5.95
0.99,-6.91,-5.95
1.76,-8.09,-5.79
1.32,-7.41,-5.91
1.32,-7.41,-5.91
0.75,-6.47,-5.4
0.75,-6.47,-5.4
0.75,-6.47,-5.4
0.81,-6.86,-5.89
0.81,-6.86,-5.89
0.81,-6.86,-5.89
0.64,-7.66,-6.12
0.64,-7.66,-6.12
0.64,-7.66,-6.12
-0.5,-7.01,-5.38
-0.5,-7.01,-5.38
-0.5,-7.01,-5.38
1.63,-7.59,-6.54
1.63,-7.59,-6.54
1.63,-7.59,-6.54
2.81,-8.74,-5.06
2.81,-8.74,-5.06
2.81,-8.74,-5.06
1.42,-7.67,-4.84
1.42,-7.67,-4.84
1.42,-7.67,-4.84
-0.87,-7.31,-6.5
-0.87,-7.31,-6.5
-0.87,-7.31,-6.5
0.98,-6.95,-4.98
0.98,-6.95,-4.98
0.98,-6.95,-4.98
1.79,-7.49,-4.8
1.79,-7.49,-4.8
1.79,-7.49,-4.8
1.64,-6.96,-6.19
1.64,-6.96,-6.19
0.97,-6.57,-6.27
1.34,-8.04,-5.12
1.34,-8.04,-5.12
1.34,-8.04,-5.12
0.28,-7.85,-5.66
0.28,-7.85,-5.66
0.28,-7.85,-5.66
0.87,-7.64,-5.32
0.87,-7.64,-5.32
0.87,-7.64,-5.32
1.34,-6.67,-5.55
1.34,-6.67,-5.55
1.28,-6.88,-5.89
1.87,-8.76,-5.7
1.87,-8.76,-5.7
1.87,-8.76,-5.7
0.9,-8.07,-5.63
0.9,-8.07,-5.63
0.9,-8.07,-5.63
1.01,-8.48,-4.8
1.01,-8.48,-4.8
1.01,-8.48,-4.8
-0.62,-8.66,-5.2
-0.62,-8.66,-5.2
-1.26,-8.41,-4.94
-0.34,-6.89,-5.4
-0.34,-6.89,-5.4
-0.34,-6.89,-5.4
0.67,-7.46,-5.04
0.67,-7.46,-5.04
0.67,-7.46,-5.04
1.2,-9.74,-5.01
1.2,-9.74,-5.01
1.89,-9.23,-5.28
0.74,-7.12,-5.73
0.74,-7.12,-5.73
-0.37,-7.16,-5.91
0.51,-8.21,-4.53
0.51,-8.21,-4.53
0.51,-8.21,-4.53
0.34,-8.4,-6.58
0.34,-8.4,-6.58
0.34,-8.4,-6.58
-0.35,-9.72,-5.74
-0.35,-9.72,-5.74
-0.42,-9.52,-6.04
0.77,-9.98,-5.53
0.77,-9.98,-5.53
1.46,-8.66,-5.55
0.1,-8.15,-5.8
0.1,-8.15,-5.8
0.1,-8.15,-5.8
-1.22,-7.09,-5.76
-1.22,-7.09,-5.76
0.97,-5.33,-6.93
0.97,-5.33,-6.93
0.97,-5.33,-6.93
-0.0,-6.46,-5.21
0.67,-3.38,-6.41
0.67,-3.38,-6.41
0.75,-6.13,-6.84
0.75,-6.13,-6.84
0.75,-6.13,-6.84
-0.62,-6.93,-7.04
-0.62,-6.93,-7.04
-0.62,-6.93,-7.04
-0.11,-6.06,-6.86
-0.11,-6.06,-6.86
-0.11,-6.06,-6.86
2.49,-6.67,-6.2
2.49,-6.67,-6.2
2.49,-6.67,-6.2
-1.44,-4.88,-7.63
-1.44,-4.88,-7.63
-1.44,-4.88,-7.63
0.68,-6.46,-6.3
0.68,-6.46,-6.3
0.68,-6.46,-6.3
-1.15,-5.83,-7.16
-1.15,-5.83,-7.16
-1.15,-5.83,-7.16
-1.4,-5.65,-7.13
-1.4,-5.65,-7.13
-1.4,-5.65,-7.13
1.52,-6.89,-7.48
1.52,-6.89,-7.48
1.52,-6.89,-7.48
-2.26,-5.37,-7.25
-2.26,-5.37,-7.25
-2.26,-5.37,-7.25
-0.6,-7.41,-6.51
-0.6,-7.41,-6.51
-0.6,-7.41,-6.51
-0.32,-4.82,-7.36
-0.06,-6.45,-6.86
-0.06,-6.45,-6.86
-1.49,-4.87,-7.22
-1.49,-4.87,-7.22
-1.49,-4.87,-7.22
-0.29,-7.37,-6.55
-0.29,-7.37,-6.55
-0.29,-7.37,-6.55
-1.8,-5.0,-7.75
-1.8,-5.0,-7.75
-0.72,-6.34,-7.1
-0.35,-6.1,-7.32
-0.35,-6.1,-7.32
-0.35,-6.1,-7.32
-0.78,-7.19,-7.11
-0.78,-7.19,-7.11
-0.78,-7.19,-7.11
-1.87,-6.0,-7.08
-1.87,-6.0,-7.08
-1.87,-6.0,-7.08
-0.31,-6.56,-7.04
-0.31,-6.56,-7.04
-0.31,-6.56,-7.04
-1.72,-4.88,-7.54
-1.72,-4.88,-7.54
-1.72,-4.88,-7.54
-0.38,-5.19,-6.5
-0.38,-5.19,-6.5
-0.38,-5.19,-6.5
-0.93,-5.46,-7.33
-0.93,-5.46,-7.33
-0.93,-5.46,-7.33
-1.83,-5.09,-7.51
-1.83,-5.09,-7.51
-1.83,-5.09,-7.51
-0.06,-4.17,-7.01
-0.06,-4.17,-7.01
-0.06,-4.17,-7.01
-1.1,-5.78,-7.2
-1.1,-5.78,-7.2
-1.1,-5.78,-7.2
-1.13,-5.45,-7.46
-1.13,-5.45,-7.46
-1.13,-5.45,-7.46
-0.74,-5.98,-7.39
-0.74,-5.98,-7.39
-0.74,-5.98,-7.39
-0.89,-5.96,-8.04
-0.89,-5.96,-8.04
-0.55,-5.03,-7.35
-0.88,-5.4,-7.54
-0.88,-5.4,-7.54
-0.88,-5.4,-7.54
0.02,-5.78,-7.36
0.02,-5.78,-7.36
0.02,-5.78,-7.36
-1.42,-6.47,-7.5
-1.42,-6.47,-7.5
-1.42,-6.47,-7.5
-0.17,-4.76,-6.75
-0.17,-4.76,-6.75
-1.07,-5.36,-6.9
0.02,-5.58,-8.05
0.02,-5.58,-8.05
0.02,-5.58,-8.05
-0.88,-6.12,-7.54
-0.88,-6.12,-7.54
-0.88,-6.12,-7.54
-0.91,-5.35,-7.29
-0.91,-5.35,-7.29
-0.91,-5.35,-7.29
-0.54,-5.06,-6.92
-0.54,-5.06,-6.92
-0.54,-5.06,-6.92
-0.88,-5.54,-7.59
-0.88,-5.54,-7.59
-0.88,-5.54,-7.59
-0.14,-5.55,-7.38
-0.14,-5.55,-7.38
-0.14,-5.55,-7.38
-1.3,-6.26,-7.68
-1.3,-6.26,-7.68
-1.3,-6.26,-7.68
-1.54,-6.17,-7.59
-1.54,-6.17,-7.59
-1.54,-6.17,-7.59
0.4,-4.94,-7.34
0.4,-4.94,-7.34
-1.47,-6.25,-7.59
-0.74,-5.04,-7.28
-0.74,-5.57,-7.2
-0.74,-5.57,-7.2
-0.92,-5.22,-7.86
-0.92,-5.22,-7.86
-0.92,-5.22,-7.86
-0.3,-5.75,-7.03
-0.3,-5.75,-7.03
-0.3,-5.75,-7.03
-1.38,-5.54,-7.59
-1.38,-5.54,-7.59
-1.38,-5.54,-7.59
-0.23,-5.03,-7.32
-0.23,-5.03,-7.32
-0.99,-5.58,-7.5
-0.09,-5.03,-7.53
-0.09,-5.03,-7.53
-0.09,-5.03,-7.53
-0.78,-5.78,-7.62
-0.78,-5.78,-7.62
-0.78,-5.78,-7.62
-0.87,-6.01,-7.62
-0.87,-6.01,-7.62
-0.87,-6.01,-7.62
-0.2,-5.1,-7.28
-0.2,-5.1,-7.28
-0.27,-4.31,-7.43
-1.12,-6.0,-7.48
-1.12,-6.0,-7.48
-1.12,-6.0,-7.48
-0.5,-5.05,-7.67
-0.5,-5.05,-7.67
-0.5,-5.05,-7.67
-0.24,-5.6,-7.67
-0.24,-5.6,-7.67
-0.24,-5.6,-7.67
-0.81,-5.36,-7.41
-1.03,-4.94,-7.95
-0.2,-5.61,-7.24
-0.2,-5.61,-7.24
-0.2,-5.61,-7.24
-1.06,-5.11,-7.74
-1.06,-5.11,-7.74
-1.06,-5.11,-7.74
-0.46,-5.89,-7.25
-0.46,-5.89,-7.25
-0.46,-5.89,-7.25
-0.04,-5.15,-7.51
-0.04,-5.15,-7.51
-0.04,-5.15,-7.51
-0.79,-5.04,-7.57
-0.79,-5.04,-7.57
-0.79,-5.04,-7.57
-0.97,-5.65,-7.48
-0.47,-5.16,-7.64
-0.47,-5.16,-7.64
-0.47,-5.16,-7.64
-0.7,-5.56,-7.32
-0.7,-5.56,-7.32
-0.3,-5.27,-7.18
-0.92,-5.48,-7.54
-0.92,-5.48,-7.54
-0.92,-5.48,-7.54
-0.6,-5.49,-7.31
-0.6,-5.49,-7.31
-0.6,-5.49,-7.31
-1.23,-5.81,-7.86
-1.23,-5.81,-7.86
-0.47,-5.3,-7.3
-0.29,-4.99,-7.22
-0.29,-4.99,-7.22
-0.53,-5.02,-7.55
-1.02,-5.29,-7.37
-1.02,-5.29,-7.37
-1.02,-5.29,-7.37
-0.69,-5.42,-7.62
-0.69,-5.42,-7.62
-0.69,-5.42,-7.62
-1.07,-5.84,-7.48
-1.07,-5.84,-7.48
-0.72,-5.54,-7.23
-0.47,-5.08,-7.39
-0.47,-5.08,-7.39
-0.97,-5.76,-7.46
-0.41,-4.86,-7.51
-0.41,-4.86,-7.51
-0.41,-4.86,-7.51
-1.22,-5.93,-7.44
-0.95,-5.58,-7.45
0.01,-5.12,-7.44
0.01,-5.12,-7.44
0.01,-5.12,-7.44
-1.63,-6.01,-7.46
-1.63,-6.01,-7.46
-1.63,-6.01,-7.46
-0.87,-5.35,-7.34
-0.87,-5.35,-7.34
-0.87,-5.35,-7.34
-0.73,-5.5,-7.36
-0.73,-5.5,-7.36
-0.73,-5.5,-7.36
-0.91,-5.68,-7.6
-0.91,-5.68,-7.6
-0.91,-5.68,-7.6
-0.33,-5.84,-7.28
-0.33,-5.84,-7.28
-0.33,-5.84,-7.28
-1.15,-5.57,-7.69
-1.15,-5.57,-7.69
-0.12,-4.87,-7.28
-0.12,-4.87,-7.28
-0.12,-4.87,-7.28
-1.44,-6.02,-7.68
-1.44,-6.02,-7.68
-1.44,-6.02,-7.68
-0.06,-5.36,-7.01
-0.06,-5.36,-7.01
-0.06,-5.36,-7.01
-1.22,-5.56,-7.63
-1.22,-5.56,-7.63
-0.58,-6.0,-7.3
-0.75,-5.06,-7.59
-0.75,-5.06,-7.59
-0.75,-5.06,-7.59
-0.73,-6.09,-7.49
-0.73,-6.09,-7.49
-0.73,-6.09,-7.49
-0.3,-4.65,-7.82
-0.3,-4.65,-7.82
-0.3,-4.65,-7.82
-1.36,-5.49,-7.29
-1.36,-5.49,-7.29
-1.36,-5.49,-7.29
-0.68,-5.32,-7.36
-0.68,-5.32,-7.36
-0.68,-5.32,-7.36
-1.12,-5.51,-7.1
-1.12,-5.51,-7.1
-1.12,-5.51,-7.1
-0.92,-5.44,-7.72
-0.92,-5.44,-7.72
-1.14,-6.02,-7.75
-0.33,-5.73,-7.34
-0.33,-5.73,-7.34
-0.17,-5.32,-7.21
-0.93,-5.55,-7.79
-0.93,-5.55,-7.79
-0.93,-5.55,-7.79
-0.64,-4.94,-7.21
-0.64,-4.94,-7.21
-0.64,-4.94,-7.21
-0.46,-5.87,-7.34
-0.46,-5.87,-7.34
-0.46,-5.87,-7.34
-1.11,-5.11,-7.44
-1.11,-5.11,-7.44
-1.26,-5.05,-7.78
-0.11,-5.76,-7.12
-0.11,-5.76,-7.12
-0.11,-5.76,-7.12
-0.74,-4.78,-7.53
-0.74,-4.78,-7.53
-0.74,-4.78,-7.53
-0.15,-6.28,-7.59
-0.15,-6.28,-7.59
-0.15,-6.28,-7.59
-0.14,-5.52,-7.99
-0.14,-5.52,-7.99
-0.11,-5.91,-7.39
-0.97,-5.5,-7.5
-0.97,-5.5,-7.5
-0.97,-5.5,-7.5
-0.59,-5.18,-7.08
-0.59,-5.18,-7.08
-0.59,-5.18,-7.08
-1.31,-4.89,-7.44
-1.31,-4.89,-7.44
-1.01,-5.79,-7.33
-0.03,-5.42,-7.63
-0.03,-5.42,-7.63
-0.03,-5.42,-7.63
-0.6,-5.47,-7.32
-0.6,-5.47,-7.32
-0.6,-5.47,-7.32
-0.61,-4.76,-7.64
-0.61,-4.76,-7.64
-0.61,-4.76,-7.64
-0.54,-6.11,-7.4
-0.54,-6.11,-7.4
-0.54,-6.11,-7.4
-0.59,-5.34,-7.55
-1.26,-5.72,-8.03
-1.26,-5.72,-8.03
-0.59,-5.38,-6.8
-0.59,-5.38,-6.8
-0.59,-5.38,-6.8
-0.68,-5.18,-7.62
-0.68,-5.18,-7.62
-0.68,-5.18,-7.62
-0.77,-6.0,-7.55
-0.77,-6.0,-7.55
-0.77,-6.0,-7.55
-0.55,-6.26,-7.37
-0.55,-6.26,-7.37
-0.55,-6.26,-7.37
-0.87,-4.72,-7.14
-0.87,-4.72,-7.14
-0.87,-4.72,-7.14
-0.91,-5.63,-7.61
-0.91,-5.63,-7.61
-0.91,-5.63,-7.61
-0.21,-5.47,-7.5
-0.21,-5.47,-7.5
-0.21,-5.47,-7.5
-0.31,-5.46,-7.2
-0.31,-5.46,-7.2
-0.31,-5.46,-7.2
-1.01,-5.38,-7.52
-1.01,-5.38,-7.52
-1.01,-5.38,-7.52
0.33,-5.49,-7.32
0.33,-5.49,-7.32
0.33,-5.49,-7.32
-0.67,-5.33,-7.6
-0.67,-5.33,-7.6
-0.67,-5.33,-7.6
-0.35,-5.71,-7.44
-0.35,-5.71,-7.44
-0.35,-5.71,-7.44
-0.66,-5.86,-7.49
-0.66,-5.86,-7.49
-0.66,-5.86,-7.49
-0.15,-4.56,-7.18
-0.15,-4.56,-7.18
-0.15,-4.56,-7.18
-0.74,-6.19,-7.45
0.09,-5.67,-6.98
0.09,-5.67,-6.98
-1.01,-5.82,-7.73
-1.01,-5.82,-7.73
-1.01,-5.82,-7.73
-0.06,-5.42,-7.03
-0.06,-5.42,-7.03
-0.06,-5.42,-7.03
-0.77,-5.46,-7.46
-0.77,-5.46,-7.46
-0.77,-5.46,-7.46
-0.38,-5.5,-7.48
-0.38,-5.5,-7.48
-0.4,-5.63,-7.69
-0.14,-5.68,-7.39
-0.14,-5.68,-7.39
-0.14,-5.68,-7.39
-1.06,-5.44,-7.43
-1.06,-5.44,-7.43
-1.06,-5.44,-7.43
-0.36,-5.42,-7.13
-0.36,-5.42,-7.13
-0.36,-5.42,-7.13
-0.65,-4.98,-7.78
-0.65,-4.98,-7.78
-0.65,-4.98,-7.78
-0.15,-6.14,-7.37
-0.35,-5.42,-7.35
-0.35,-5.42,-7.35
-0.67,-5.7,-7.72
-0.67,-5.7,-7.72
-0.67,-5.7,-7.72
-0.87,-5.39,-7.55
-0.87,-5.39,-7.55
-0.87,-5.39,-7.55
-0.3,-5.52,-7.31
-0.3,-5.52,-7.31
-0.3,-5.52,-7.31
-0.48,-5.01,-7.62
-0.48,-5.01,-7.62
-0.48,-5.01,-7.62
-0.87,-5.86,-7.36
-0.87,-5.86,-7.36
-0.58,-5.65,-7.66
-0.58,-5.65,-7.66
-0.58,-5.65,-7.66
-0.85,-4.48,-8.16
-0.85,-4.48,-8.16
-0.85,-4.48,-8.16
-0.25,-6.02,-6.97
-0.25,-6.02,-6.97
-0.25,-6.02,-6.97
-0.62,-5.07,-7.89
-0.62,-5.07,-7.89
-0.62,-5.07,-7.89
-0.16,-5.58,-6.92
-0.16,-5.58,-6.92
-0.16,-5.58,-6.92
0.36,-5.84,-7.39
0.36,-5.84,-7.39
0.36,-5.84,-7.39
-0.91,-5.21,-7.95
-0.91,-5.21,-7.95
-0.91,-5.21,-7.95
-0.04,-5.82,-7.26
-0.04,-5.82,-7.26
-0.04,-5.82,-7.26
-0.73,-4.85,-7.36
-0.73,-4.85,-7.36
-0.73,-4.85,-7.36
-0.89,-6.12,-7.39
-0.89,-6.12,-7.39
0.06,-5.26,-7.25
-0.46,-5.47,-7.95
-0.46,-5.47,-7.95
-0.46,-5.47,-7.95
-0.5,-6.19,-7.41
-0.5,-6.19,-7.41
-0.5,-6.19,-7.41
-0.25,-4.84,-7.39
-0.25,-4.84,-7.39
-0.25,-4.84,-7.39
-0.82,-4.85,-7.57
-0.82,-4.85,-7.57
-0.82,-4.85,-7.57
0.19,-5.58,-7.4
0.19,-5.58,-7.4
0.19,-5.58,-7.4
-1.18,-6.03,-7.76
-1.18,-6.03,-7.76
-1.18,-6.03,-7.76
0.68,-5.0,-7.21
0.68,-5.0,-7.21
0.68,-5.0,-7.21
-2.01,-5.91,-7.78
-2.01,-5.91,-7.78
-0.57,-5.6,-7.29
-0.33,-5.09,-7.43
-0.33,-5.09,-7.43
-0.33,-5.09,-7.43
0.17,-5.44,-7.55
0.17,-5.44,-7.55
0.17,-5.44,-7.55
-0.81,-5.84,-7.65
-0.81,-5.84,-7.65
-0.81,-5.84,-7.65
-0.17,-5.4,-7.05
-0.17,-5.4,-7.05
-0.17,-5.4,-7.05
-1.16,-5.11,-7.52
-1.16,-5.11,-7.52
-1.16,-5.11,-7.52
0.58,-5.59,-7.31
0.58,-5.59,-7.31
0.58,-5.59,-7.31
-0.4,-5.21,-7.78
-0.4,-5.21,-7.78
-0.4,-5.21,-7.78
-0.62,-5.19,-7.48
-0.62,-5.19,-7.48
-0.62,-5.19,-7.48
-0.35,-5.56,-7.36
-0.35,-5.56,-7.36
-0.35,-5.56,-7.36
-0.97,-5.29,-7.66
-0.97,-5.29,-7.66
-0.97,-5.29,-7.66
-0.45,-5.78,-7.45
-0.45,-5.78,-7.45
-0.45,-5.78,-7.45
-0.5,-5.37,-7.47
-0.5,-5.37,-7.47
-0.5,-5.37,-7.47
-0.21,-5.3,-7.56
-0.21,-5.3,-7.56
-0.21,-5.3,-7.56
-0.33,-5.43,-7.4
-0.33,-5.43,-7.4
-0.33,-5.43,-7.4
-0.17,-5.52,-7.63
-0.17,-5.52,-7.63
-0.17,-5.52,-7.63
-1.05,-5.62,-7.43
-1.05,-5.62,-7.43
-0.71,-5.65,-7.4
-0.25,-5.2,-7.36
-0.25,-5.2,-7.36
-0.25,-5.2,-7.36
-0.73,-5.57,-7.39
-0.73,-5.57,-7.39
-0.73,-5.57,-7.39
-0.02,-4.95,-7.39
-0.02,-4.95,-7.39
-0.02,-4.95,-7.39
-0.34,-5.61,-7.36
-0.34,-5.61,-7.36
-0.3,-5.16,-7.63
1.93,-4.97,-8.25
1.93,-4.97,-8.25
1.93,-4.97,-8.25
-31.28,-6.68,-10.58
-31.28,-6.68,-10.58
