aX,aY,aZ
-27.67,-1.13,-7.84
13.14,-4.75,0.25
13.14,-4.75,0.25
13.14,-4.75,0.25
11.2,-7.55,-15.89
11.2,-7.55,-15.89
11.2,-7.55,-15.89
2.43,-9.26,-9.95
2.43,-9.26,-9.95
2.43,-9.26,-9.95
0.72,-5.93,-7.1
0.72,-5.93,-7.1
0.72,-5.93,-7.1
-0.42,-6.04,-7.35
-0.42,-6.04,-7.35
-0.42,-6.04,-7.35
1.04,-6.75,-6.78
1.04,-6.75,-6.78
1.04,-6.75,-6.78
1.47,-5.12,-7.78
1.47,-5.12,-7.78
1.47,-5.12,-7.78
1.82,-6.46,-7.26
1.82,-6.46,-7.26
1.82,-6.46,-7.26
0.76,-5.01,-7.78
0.76,-5.01,-7.78
0.76,-5.01,-7.78
0.87,-4.98,-7.08
0.87,-4.98,-7.08
0.87,-4.98,-7.08
0.72,-5.31,-7.12
0.72,-5.31,-7.12
0.72,-5.31,-7.12
1.32,-6.08,-7.47
1.32,-6.08,-7.47
1.32,-6.08,-7.47
1.59,-5.83,-7.29
1.59,-5.83,-7.29
1.59,-5.83,-7.29
1.62,-6.25,-7.65
1.62,-6.25,-7.65
1.3,-5.93,-7.39
1.3,-5.93,-7.39
1.3,-5.93,-7.39
1.43,-5.29,-7.03
1.43,-5.29,-7.03
1.06,-6.04,-7.03
0.79,-5.99,-7.14
0.79,-5.99,-7.14
0.79,-5.99,-7.14
1.26,-5.91,-6.9
1.26,-5.91,-6.9
1.26,-5.91,-6.9
1.2,-6.18,-7.21
1.2,-6.18,-7.21
1.2,-6.18,-7.21
1.4,-6.38,-7.25
1.54,-6.12,-7.02
1.54,-6.12,-7.02
1.31,-5.86,-7.26
1.31,-5.86,-7.26
1.31,-5.86,-7.26
0.97,-6.32,-7.08
0.97,-6.32,-7.08
0.97,-6.32,-7.08
1.25,-5.58,-6.99
1.25,-5.58,-6.99
1.25,-5.58,-6.99
1.17,-5.96,-7.07
1.08,-6.34,-7.03
1.08,-6.34,-7.03
1.22,-6.35,-6.98
1.22,-6.35,-6.98
1.22,-6.35,-6.98
1.19,-5.87,-7.2
1.19,-5.87,-7.2
1.19,-5.87,-7.2
1.23,-6.39,-6.97
1.23,-6.39,-6.97
1.23,-6.39,-6.97
1.16,-6.02,-7.08
1.16,-6.02,-7.08
1.26,-5.97,-7.11
1.4,-6.02,-6.93
1.4,-6.02,-6.93
1.4,-6.02,-6.93
1.37,-6.18,-7.01
1.37,-6.18,-7.01
1.37,-6.18,-7.01
1.31,-6.7,-6.98
1.31,-6.7,-6.98
1.31,-6.7,-6.98
1.27,-6.14,-7.02
1.27,-6.14,-7.02
1.37,-6.24,-7.03
1.37,-6.55,-7.03
1.37,-6.55,-7.03
1.37,-6.55,-7.03
1.51,-6.11,-7.14
1.51,-6.11,-7.14
1.51,-6.11,-7.14
1.64,-6.34,-7.13
1.64,-6.34,-7.13
1.64,-6.34,-7.13
1.58,-6.08,-7.02
1.62,-5.78,-7.0
1.62,-5.78,-7.0
1.61,-5.43,-6.93
1.61,-5.43,-6.93
1.61,-5.43,-6.93
1.55,-5.72,-6.57
1.55,-5.72,-6.57
1.55,-5.72,-6.57
1.22,-5.44,-6.64
1.22,-5.44,-6.64
1.22,-5.21,-6.61
1.55,-4.81,-6.46
1.55,-4.81,-6.46
1.71,-4.54,-6.41
2.11,-4.77,-6.68
2.11,-4.77,-6.68
2.11,-4.77,-6.68
2.8,-4.41,-6.75
2.8,-4.41,-6.75
2.8,-4.41,-6.75
3.87,-4.38,-5.72
3.87,-4.38,-5.72
3.87,-4.38,-5.72
4.09,-5.33,-5.38
4.14,-3.73,-4.52
4.14,-3.73,-4.52
3.97,-3.84,-4.24
3.97,-3.84,-4.24
3.97,-3.84,-4.24
3.41,-5.78,-2.38
3.41,-5.78,-2.38
3.41,-5.78,-2.38
2.67,-10.34,-1.39
2.67,-10.34,-1.39
2.67,-10.34,-1.39
2.83,-6.08,-1.93
2.47,-7.04,-1.72
2.47,-7.04,-1.72
2.01,-10.42,-0.07
2.01,-10.42,-0.07
2.01,-10.42,-0.07
1.52,-10.4,0.36
1.52,-10.4,0.36
1.52,-10.4,0.36
2.24,-9.12,2.81
2.24,-9.12,2.81
2.24,-9.12,2.81
1.7,-11.68,3.26
1.7,-11.68,3.26
1.7,-11.68,3.26
1.91,-11.17,3.42
1.91,-11.17,3.42
1.91,-11.17,3.42
2.07,-8.72,2.21
2.07,-8.72,2.21
2.07,-8.72,2.21
0.79,-9.71,4.19
0.79,-9.71,4.19
0.79,-9.71,4.19
-1.62,-11.57,5.9
-1.62,-11.57,5.9
-1.62,-11.57,5.9
-1.43,-11.04,6.16
-1.43,-11.04,6.16
-1.43,-11.04,6.16
-2.2,-9.92,4.98
-2.2,-9.92,4.98
-2.2,-9.92,4.98
-3.25,-9.96,4.99
-3.25,-9.96,4.99
-2.15,-10.72,5.01
-5.01,-9.42,3.18
-5.01,-9.42,3.18
-5.01,-9.42,3.18
-4.34,-9.09,3.16
-4.34,-9.09,3.16
-4.34,-9.09,3.16
-4.64,-10.29,4.15
-4.64,-10.29,4.15
-4.64,-10.29,4.15
-3.65,-9.45,4.15
-3.74,-7.71,3.52
-3.01,-8.45,3.03
-3.01,-8.45,3.03
-3.01,-8.45,3.03
-3.92,-7.64,1.82
-3.92,-7.64,1.82
-3.92,-7.64,1.82
-3.68,-7.1,1.35
-3.68,-7.1,1.35
-3.68,-7.1,1.35
-3.25,-9.38,1.95
-3.2,-9.01,1.45
-3.13,-8.11,1.25
-3.13,-8.11,1.25
-3.13,-8.11,1.25
-2.76,-8.75,1.21
-2.76,-8.75,1.21
-2.76,-8.75,1.21
-3.37,-8.68,0.65
-3.37,-8.68,0.65
-3.37,-8.68,0.65
-3.38,-9.4,0.66
-3.42,-9.6,1.04
-2.24,-9.4,1.15
-2.24,-9.4,1.15
-2.24,-9.4,1.15
-1.83,-9.35,1.44
-1.83,-9.35,1.44
-1.83,-9.35,1.44
-1.43,-8.37,0.35
-1.43,-8.37,0.35
-1.43,-8.37,0.35
-2.55,-9.26,0.36
-2.55,-9.26,0.36
-2.55,-9.26,0.36
-2.39,-8.64,0.3
-2.39,-8.64,0.3
-2.39,-8.64,0.3
-2.62,-8.63,0.46
-2.62,-8.63,0.46
-2.62,-8.63,0.46
-2.45,-8.66,0.53
-2.45,-8.66,0.53
-2.45,-8.66,0.53
-1.74,-9.29,-0.12
-1.74,-9.29,-0.12
-1.74,-9.29,-0.12
-2.74,-8.84,-0.63
-2.74,-8.84,-0.63
-2.74,-8.84,-0.63
-2.74,-8.7,-0.31
-2.74,-8.7,-0.31
-2.74,-8.7,-0.31
-2.47,-9.34,-0.03
-2.47,-9.34,-0.03
-2.47,-9.34,-0.03
-2.5,-9.12,-0.51
-2.5,-9.12,-0.51
-2.5,-9.12,-0.51
-2.94,-8.82,-1.17
-2.94,-8.82,-1.17
-2.94,-8.82,-1.17
-2.83,-8.35,-1.25
-2.83,-8.35,-1.25
-2.83,-8.35,-1.25
-4.36,-7.75,-1.31
-4.36,-7.75,-1.31
-4.36,-7.75,-1.31
-4.24,-7.78,-0.49
-4.24,-7.78,-0.49
-4.24,-7.78,-0.49
-7.03,-1.86,-0.99
-7.03,-1.86,-0.99
-7.03,-1.86,-0.99
-7.82,-3.0,3.82
-7.82,-3.0,3.82
-7.82,-3.0,3.82
-5.06,-2.76,2.62
-5.06,-2.76,2.62
-5.06,-2.76,2.62
-0.12,-13.32,6.0
-0.12,-13.32,6.0
-0.12,-13.32,6.0
-0.27,-6.34,5.24
-0.27,-6.34,5.24
-0.27,-6.34,5.24
-0.14,-8.78,6.86
-0.14,-8.78,6.86
-0.14,-8.78,6.86
-0.43,-8.42,7.78
-0.43,-8.42,7.78
-0.43,-8.42,7.78
-3.59,-12.43,7.18
-3.59,-12.43,7.18
-3.87,-11.68,6.5
-6.48,-10.83,4.32
-6.48,-10.83,4.32
-6.48,-10.83,4.32
-8.64,-8.74,4.03
-8.64,-8.74,4.03
-8.64,-8.74,4.03
-7.91,-8.7,4.66
-7.91,-8.7,4.66
-7.91,-8.7,4.66
-6.23,-9.26,3.77
-6.31,-7.67,3.63
-5.8,-4.19,5.4
-5.8,-4.19,5.4
-5.8,-4.19,5.4
-5.33,-7.55,6.06
-5.33,-7.55,6.06
-5.33,-7.55,6.06
-5.83,-5.08,4.16
-5.83,-5.08,4.16
-5.83,-5.08,4.16
-5.99,-5.17,4.81
-5.99,-5.17,4.81
-5.47,-5.98,5.06
-5.67,-4.64,4.84
-5.67,-4.64,4.84
-5.67,-4.64,4.84
-6.72,-5.94,5.5
-6.72,-5.94,5.5
-6.72,-5.94,5.5
-5.62,-6.13,5.74
-5.62,-6.13,5.74
-5.62,-6.13,5.74
-5.44,-6.8,5.83
-5.44,-6.8,5.83
-5.32,-7.16,6.02
-4.92,-5.18,4.55
-4.92,-5.18,4.55
-4.92,-5.18,4.55
-5.52,-5.1,3.66
-5.52,-5.1,3.66
-5.52,-5.1,3.66
-5.68,-5.07,4.79
-5.68,-5.07,4.79
-5.68,-5.07,4.79
-5.93,-5.85,4.85
-5.93,-5.85,4.85
-6.04,-6.25,5.51
-5.37,-6.16,4.94
-5.37,-6.16,4.94
-5.37,-6.16,4.94
-5.7,-5.24,4.81
-5.7,-5.24,4.81
-5.7,-5.24,4.81
-6.65,-5.45,5.45
-6.65,-5.45,5.45
-6.65,-5.45,5.45
-6.99,-5.72,4.42
-7.42,-5.78,3.39
-7.42,-5.78,3.39
-7.28,-6.84,3.68
-7.28,-6.84,3.68
-7.28,-6.84,3.68
-7.48,-7.2,4.65
-7.48,-7.2,4.65
-7.48,-7.2,4.65
-5.9,-8.16,5.08
-5.9,-8.16,5.08
-5.9,-8.16,5.08
-5.23,-6.68,4.52
-5.05,-5.94,4.63
-5.05,-5.94,4.63
-5.63,-6.16,5.67
-5.63,-6.16,5.67
-5.63,-6.16,5.67
-5.42,-6.07,6.23
-5.42,-6.07,6.23
-5.42,-6.07,6.23
-5.33,-4.91,6.12
-5.33,-4.91,6.12
-5.33,-4.91,6.12
-4.86,-5.88,7.12
-4.63,-6.34,7.15
-4.63,-6.34,7.15
-3.72,-5.36,7.1
-3.72,-5.36,7.1
-3.72,-5.36,7.1
-2.34,-5.78,7.07
-2.34,-5.78,7.07
-2.34,-5.78,7.07
-0.61,-6.6,6.98
-0.61,-6.6,6.98
0.14,-7.02,6.69
0.95,-7.45,6.98
0.95,-7.45,6.98
1.61,-7.29,6.76
3.4,-7.98,7.85
3.4,-7.98,7.85
3.4,-7.98,7.85
3.21,-7.87,6.55
3.21,-7.87,6.55
3.21,-7.87,6.55
3.3,-7.92,6.0
3.3,-7.92,6.0
3.57,-7.93,5.68
3.83,-7.6,5.47
3.83,-7.6,5.47
3.83,-7.6,5.47
3.18,-7.78,5.08
3.18,-7.78,5.08
3.18,-7.78,5.08
3.09,-7.16,4.25
3.09,-7.16,4.25
3.09,-7.16,4.25
2.89,-8.38,4.0
2.89,-8.38,4.0
2.89,-8.38,4.0
2.29,-9.22,3.99
1.87,-8.84,3.6
1.87,-8.84,3.6
0.09,-8.09,3.14
0.09,-8.09,3.14
0.09,-8.09,3.14
0.09,-9.2,3.52
0.09,-9.2,3.52
0.09,-9.2,3.52
-0.81,-9.51,3.25
-0.81,-9.51,3.25
-1.41,-9.48,3.16
-1.87,-8.82,2.61
-1.87,-8.82,2.61
-1.87,-8.82,2.61
-0.57,-9.4,2.87
-0.57,-9.4,2.87
-0.57,-9.4,2.87
-0.52,-10.01,2.98
-0.52,-10.01,2.98
-0.52,-10.01,2.98
-1.04,-8.9,2.69
-1.04,-8.9,2.69
-0.67,-9.01,2.91
-0.19,-9.31,3.34
-0.19,-9.31,3.34
-0.19,-9.31,3.34
-0.57,-9.0,3.28
-0.57,-9.0,3.28
-0.57,-9.0,3.28
-1.44,-9.21,3.51
-1.44,-9.21,3.51
-1.44,-9.21,3.51
-1.22,-9.51,4.2
-1.22,-9.51,4.2
-1.22,-9.51,4.2
-2.48,-8.56,3.22
-2.48,-8.56,3.22
-2.48,-8.56,3.22
-2.27,-8.7,3.2
-2.27,-8.7,3.2
-2.27,-8.7,3.2
-1.35,-9.04,3.13
-1.35,-9.04,3.13
-1.35,-9.04,3.13
-0.75,-9.5,3.39
-0.75,-9.5,3.39
-0.75,-9.5,3.39
-1.36,-8.38,3.4
-1.36,-8.38,3.4
-1.07,-8.79,3.26
-2.23,-8.8,2.21
-2.23,-8.8,2.21
-2.23,-8.8,2.21
-2.5,-9.33,2.14
-2.5,-9.33,2.14
-2.5,-9.33,2.14
-3.22,-9.88,2.25
-3.22,-9.88,2.25
-3.22,-9.88,2.25
-2.26,-9.27,2.51
-2.26,-9.27,2.51
-2.26,-9.27,2.51
-2.16,-8.91,2.43
-2.16,-8.91,2.43
-2.2,-9.13,2.81
-2.2,-9.13,2.81
-2.2,-9.13,2.81
-2.15,-9.07,2.77
-2.15,-9.07,2.77
-2.15,-9.07,2.77
-2.41,-9.24,2.74
-2.35,-8.99,2.59
-2.35,-8.99,2.59
-2.79,-9.15,2.78
-2.79,-9.15,2.78
-2.79,-9.15,2.78
-2.85,-9.5,3.08
-2.85,-9.5,3.08
-2.85,-9.5,3.08
-2.62,-8.36,2.72
-2.54,-8.43,2.56
-2.54,-8.43,2.56
-2.48,-9.03,2.33
-2.48,-9.03,2.33
-2.48,-9.03,2.33
-2.06,-9.1,2.29
-2.06,-9.1,2.29
-2.06,-9.1,2.29
-2.12,-8.33,1.75
-2.12,-8.33,1.75
-2.12,-8.33,1.75
-2.07,-8.76,1.67
-2.07,-8.76,1.67
-2.1,-8.91,1.52
-1.99,-8.34,1.09
-1.99,-8.34,1.09
-1.99,-8.34,1.09
-2.22,-8.71,1.21
-2.22,-8.71,1.21
-2.22,-8.71,1.21
-2.0,-9.19,1.53
-2.0,-9.19,1.53
-2.0,-9.19,1.53
-1.99,-9.68,1.76
-1.99,-9.68,1.76
-1.99,-9.68,1.76
-2.12,-9.11,1.18
-2.12,-9.11,1.18
-2.12,-9.11,1.18
-1.94,-8.67,0.79
-1.94,-8.67,0.79
-1.94,-8.67,0.79
-2.14,-8.62,0.68
-2.14,-8.62,0.68
-2.14,-8.62,0.68
-1.85,-9.0,0.57
-1.85,-9.0,0.57
-2.01,-8.86,0.52
-2.02,-8.74,0.86
-2.02,-8.74,0.86
-2.02,-8.74,0.86
-2.03,-9.58,1.16
-2.03,-9.58,1.16
-2.03,-9.58,1.16
-2.11,-9.8,0.97
-2.11,-9.8,0.97
-2.11,-9.8,0.97
-2.33,-9.14,0.51
-2.33,-9.14,0.51
-2.33,-9.14,0.51
-2.7,-10.18,0.51
-2.7,-10.18,0.51
-2.7,-10.18,0.51
-2.56,-11.67,0.83
-2.56,-11.67,0.83
-2.56,-11.67,0.83
-2.77,-11.53,0.25
-2.77,-11.53,0.25
-2.77,-11.53,0.25
-3.26,-11.33,-0.53
-3.26,-11.33,-0.53
-3.17,-11.34,-0.75
-3.15,-12.22,-0.41
-3.15,-12.22,-0.41
-3.15,-12.22,-0.41
-2.55,-11.93,-0.75
-2.55,-11.93,-0.75
-2.55,-11.93,-0.75
-2.1,-11.62,-0.91
-2.1,-11.62,-0.91
-2.1,-11.62,-0.91
-1.6,-10.9,-0.93
-1.6,-10.9,-0.93
-1.54,-10.87,-0.92
-1.15,-9.91,-1.0
-1.15,-9.91,-1.0
-1.15,-9.91,-1.0
-0.47,-10.39,-0.93
-0.47,-10.39,-0.93
-0.47,-10.39,-0.93
-0.48,-9.36,-1.85
-0.48,-9.36,-1.85
-0.48,-9.36,-1.85
1.32,-9.73,-1.23
0.91,-9.74,-2.31
0.91,-9.74,-2.31
1.32,-8.29,-3.12
1.32,-8.29,-3.12
1.32,-8.29,-3.12
1.76,-7.71,-3.45
1.76,-7.71,-3.45
1.76,-7.71,-3.45
2.38,-7.16,-4.02
2.38,-7.16,-4.02
2.38,-7.16,-4.02
2.53,-4.85,-4.4
2.96,-4.64,-4.25
2.96,-4.64,-4.25
3.54,-4.86,-4.19
3.54,-4.86,-4.19
3.54,-4.86,-4.19
4.13,-4.71,-3.2
4.13,-4.71,-3.2
4.13,-4.71,-3.2
4.53,-2.81,-3.44
4.53,-2.81,-3.44
4.5,-3.19,-3.15
4.39,-2.9,-2.25
4.39,-2.9,-2.25
4.39,-2.9,-2.25
5.98,-3.99,-1.88
5.98,-3.99,-1.88
5.98,-3.99,-1.88
5.65,-4.17,-1.28
5.65,-4.17,-1.28
5.65,-4.17,-1.28
5.88,-3.99,-0.69
5.88,-3.99,-0.69
5.88,-3.99,-0.69
5.3,-5.52,-0.85
5.75,-5.99,-0.59
5.75,-5.99,-0.59
4.91,-5.08,0.49
4.91,-5.08,0.49
4.91,-5.08,0.49
5.28,-6.27,-0.7
5.28,-6.27,-0.7
5.28,-6.27,-0.7
3.92,-5.32,0.38
3.92,-5.32,0.38
3.09,-6.77,0.15
3.76,-7.94,-0.02
3.76,-7.94,-0.02
3.76,-7.94,-0.02
1.84,-6.83,0.74
1.84,-6.83,0.74
1.84,-6.83,0.74
1.38,-7.34,0.48
1.38,-7.34,0.48
1.38,-7.34,0.48
-1.69,-9.41,4.67
-1.69,-9.41,4.67
-1.69,-9.41,4.67
-0.43,-10.7,5.05
-0.43,-10.7,5.05
-0.43,-10.7,5.05
-0.67,-7.26,5.19
-0.67,-7.26,5.19
-0.67,-7.26,5.19
-3.15,-13.14,7.28
-3.15,-13.14,7.28
-3.15,-13.14,7.28
-3.4,-12.41,7.28
-3.4,-12.41,7.28
-3.97,-12.76,7.06
-3.97,-12.76,7.06
-3.97,-12.76,7.06
-3.06,-9.66,6.75
-3.06,-9.66,6.75
-3.06,-9.66,6.75
-3.15,-8.53,6.74
-3.15,-8.53,6.74
-3.15,-8.53,6.74
-2.23,-9.07,7.42
-2.23,-9.07,7.42
-2.23,-9.07,7.42
-2.99,-7.03,6.46
-2.99,-7.03,6.46
-2.97,-7.66,6.99
-2.91,-7.17,6.81
-2.91,-7.17,6.81
-2.91,-7.17,6.81
-3.24,-7.38,6.72
-3.24,-7.38,6.72
-3.24,-7.38,6.72
-3.07,-6.68,6.73
-3.07,-6.68,6.73
-3.07,-6.68,6.73
-2.99,-6.32,6.47
-2.99,-6.32,6.47
-2.98,-6.7,6.67
-3.34,-6.66,6.84
-3.34,-6.66,6.84
-3.34,-6.66,6.84
-2.96,-6.0,6.75
-2.96,-6.0,6.75
-2.96,-6.0,6.75
-3.04,-6.7,7.01
-3.04,-6.7,7.01
-2.92,-6.7,6.82
-2.55,-6.37,6.8
-2.48,-5.78,6.16
-2.48,-5.78,6.16
-2.68,-6.48,6.19
-2.68,-6.48,6.19
-2.68,-6.48,6.19
-2.54,-7.1,7.34
-2.54,-7.1,7.34
-2.54,-7.1,7.34
-2.56,-6.04,6.31
-2.64,-6.78,6.26
-2.64,-6.78,6.26
-3.15,-6.41,5.92
-3.15,-6.41,5.92
-5.11,-6.5,5.93
-5.11,-6.5,5.93
-5.11,-6.5,5.93
-5.21,-6.54,6.1
-5.21,-6.54,6.1
-6.42,-5.7,5.4
-6.42,-5.7,5.4
-6.81,-6.02,4.3
-5.07,-7.14,6.24
-5.07,-7.14,6.24
-5.07,-7.14,6.24
-4.34,-5.78,5.35
-4.34,-5.78,5.35
-4.34,-5.78,5.35
-4.74,-5.54,5.54
-4.74,-5.54,5.54
-4.74,-5.54,5.54
-4.96,-6.06,5.78
-4.96,-6.06,5.78
-5.22,-6.2,5.62
-5.57,-5.43,5.21
-5.57,-5.43,5.21
-5.57,-5.43,5.21
-5.59,-5.83,4.9
-5.59,-5.83,4.9
-5.59,-5.83,4.9
-5.18,-6.89,4.86
-5.18,-6.89,4.86
-5.18,-6.89,4.86
-5.65,-6.0,4.55
-5.65,-6.0,4.55
-5.55,-5.69,4.65
-5.22,-6.49,5.24
-5.22,-6.49,5.24
-5.22,-6.49,5.24
-5.16,-6.12,5.16
-5.16,-6.12,5.16
-5.16,-6.12,5.16
-4.63,-5.87,5.13
-4.63,-5.87,5.13
-4.61,-6.57,5.77
-4.61,-6.57,5.77
-4.71,-6.08,5.53
-5.32,-5.47,5.29
-5.32,-5.47,5.29
-5.32,-5.47,5.29
-5.5,-5.73,5.14
-5.5,-5.73,5.14
-5.5,-5.73,5.14
-5.64,-6.18,5.4
-5.64,-6.18,5.4
-5.64,-6.18,5.4
-5.09,-6.48,5.6
-5.09,-6.48,5.6
-5.02,-5.89,5.21
-5.31,-5.77,5.11
-5.31,-5.77,5.11
-5.31,-5.77,5.11
-5.35,-5.95,5.21
-5.35,-5.95,5.21
-5.35,-5.95,5.21
-5.25,-6.2,5.54
-5.25,-6.2,5.54
-5.25,-6.2,5.54
-5.38,-6.08,5.39
-5.38,-6.08,5.39
-5.28,-5.69,5.3
-5.37,-5.57,5.12
-5.37,-5.57,5.12
-5.37,-5.57,5.12
-5.35,-6.17,5.21
-5.35,-6.17,5.21
-5.35,-6.17,5.21
-5.52,-6.26,5.26
-5.52,-6.26,5.26
-5.52,-6.26,5.26
-5.62,-5.91,4.98
-5.62,-5.91,4.98
-5.74,-5.72,4.93
-5.15,-6.07,5.54
-5.15,-6.07,5.54
-5.15,-6.07,5.54
-5.47,-5.45,5.08
-5.47,-5.45,5.08
-5.47,-5.45,5.08
-5.18,-6.12,5.45
-5.18,-6.12,5.45
-5.18,-6.12,5.45
-5.42,-6.32,5.21
-5.58,-6.38,5.28
-5.58,-6.38,5.28
-6.03,-6.04,4.97
-6.03,-6.04,4.97
-6.03,-6.04,4.97
-6.21,-6.21,5.23
-6.21,-6.21,5.23
-6.21,-6.21,5.23
-5.59,-6.1,5.67
-5.59,-6.1,5.67
-5.25,-5.72,5.5
-4.12,-5.91,5.64
-4.12,-5.91,5.64
-3.29,-6.06,5.65
-3.56,-6.55,6.17
-3.56,-6.55,6.17
-3.56,-6.55,6.17
-3.77,-7.44,6.34
-3.77,-7.44,6.34
-3.77,-7.44,6.34
-3.93,-6.97,6.39
-3.93,-6.97,6.39
-3.93,-6.97,6.39
-3.88,-6.12,6.15
-3.88,-6.12,6.15
-3.88,-6.12,6.15
-3.03,-6.1,5.95
-3.03,-6.1,5.95
-2.72,-6.06,6.23
-2.72,-6.06,6.23
-2.72,-6.06,6.23
-2.41,-6.6,6.59
-2.41,-6.6,6.59
-2.41,-6.6,6.59
-2.14,-6.32,6.64
-2.14,-6.32,6.64
-2.11,-6.01,6.21
-2.26,-6.14,6.45
-2.26,-6.14,6.45
-2.26,-6.14,6.45
-2.46,-6.87,6.78
-2.46,-6.87,6.78
-2.46,-6.87,6.78
-2.76,-6.26,6.39
-2.76,-6.26,6.39
-2.76,-6.26,6.39
-2.82,-6.07,6.46
-2.82,-6.07,6.46
-2.89,-6.31,6.48
-3.36,-6.45,6.14
-3.36,-6.45,6.14
-3.36,-6.45,6.14
-3.09,-6.2,6.26
-3.09,-6.2,6.26
-3.09,-6.2,6.26
-3.1,-6.44,6.64
-3.1,-6.44,6.64
-3.1,-6.44,6.64
-3.83,-6.27,6.77
-3.83,-6.27,6.77
-3.83,-6.27,6.77
-4.21,-6.66,7.27
-4.21,-6.66,7.27
-4.21,-6.66,7.27
-4.08,-6.83,6.68
-4.08,-6.83,6.68
-4.08,-6.83,6.68
-4.01,-5.85,6.3
-4.01,-5.85,6.3
-4.01,-5.85,6.3
-3.75,-6.4,6.49
-3.75,-6.4,6.49
-3.75,-6.4,6.49
-4.01,-5.8,6.79
-4.01,-5.8,6.79
-4.01,-5.8,6.79
-3.58,-6.46,6.91
-3.58,-6.46,6.91
-3.58,-6.46,6.91
-3.25,-5.87,6.85
-3.25,-5.87,6.85
-2.9,-5.8,6.8
-3.3,-6.48,6.61
-3.3,-6.48,6.61
-3.3,-6.48,6.61
-3.7,-5.29,6.23
-3.7,-5.29,6.23
-3.7,-5.29,6.23
-3.48,-6.54,6.35
-3.48,-6.54,6.35
-3.48,-6.54,6.35
-2.99,-6.46,6.47
-2.99,-6.46,6.47
-2.99,-6.46,6.47
-2.6,-6.38,7.28
-2.6,-6.38,7.28
-2.45,-6.39,7.35
-2.85,-5.61,6.81
-2.85,-5.61,6.81
-2.85,-5.61,6.81
-3.19,-5.12,6.45
-3.19,-5.12,6.45
-3.19,-5.12,6.45
-2.47,-5.69,6.48
-2.47,-5.69,6.48
-2.47,-5.69,6.48
-2.98,-5.75,6.65
-3.19,-5.78,6.99
-3.19,-5.78,6.99
-3.18,-5.75,6.98
-3.18,-5.75,6.98
-3.18,-5.75,6.98
-3.55,-5.46,6.78
-3.55,-5.46,6.78
-3.55,-5.46,6.78
-2.68,-6.62,7.68
-2.68,-6.62,7.68
-2.68,-6.62,7.68
-2.47,-6.65,7.59
-2.47,-6.65,7.59
-2.71,-6.37,7.36
-2.88,-6.09,6.93
-2.88,-6.09,6.93
-2.88,-6.09,6.93
-2.87,-6.14,7.14
-2.87,-6.14,7.14
-2.87,-6.14,7.14
-2.81,-6.83,7.57
-2.81,-6.83,7.57
-2.81,-6.83,7.57
-2.52,-6.32,7.15
-2.52,-6.32,7.15
-2.52,-6.32,7.15
-2.79,-6.79,7.35
-2.79,-6.79,7.35
-2.79,-6.79,7.35
-2.5,-6.7,7.15
-2.5,-6.7,7.15
-2.5,-6.7,7.15
-3.03,-6.41,6.64
-3.03,-6.41,6.64
-3.19,-6.61,6.43
-2.87,-6.37,6.22
-2.87,-6.37,6.22
-2.87,-6.37,6.22
-2.78,-6.32,6.56
-2.78,-6.32,6.56
-2.78,-6.32,6.56
-2.88,-6.57,6.65
-2.88,-6.57,6.65
-2.88,-6.57,6.65
-2.9,-5.84,6.16
-2.9,-5.84,6.16
-3.44,-6.46,6.68
-3.44,-6.46,6.68
-3.44,-6.46,6.68
-3.2,-6.13,6.98
-3.2,-6.13,6.98
-3.2,-6.13,6.98
-3.22,-6.38,7.09
-3.22,-6.38,7.09
-3.22,-6.38,7.09
-3.06,-6.62,6.92
-3.06,-6.62,6.92
-2.98,-6.47,6.8
-2.87,-6.36,6.64
-2.88,-6.4,6.55
-2.88,-6.4,6.55
-2.85,-6.47,6.61
-2.85,-6.47,6.61
-2.85,-6.47,6.61
-3.02,-6.85,6.88
-3.02,-6.85,6.88
-3.02,-6.85,6.88
-2.69,-7.03,6.95
-2.69,-7.03,6.95
-2.69,-6.67,6.74
-3.16,-6.02,6.42
-3.16,-6.02,6.42
-3.16,-6.02,6.42
-3.16,-6.12,6.45
-3.16,-6.12,6.45
-3.16,-6.12,6.45
-3.43,-6.52,6.53
-3.43,-6.52,6.53
-3.43,-6.52,6.53
-3.23,-6.2,6.6
-3.23,-6.2,6.6
-3.47,-6.47,6.75
-3.29,-6.7,6.66
-3.29,-6.7,6.66
-3.29,-6.7,6.66
-3.25,-6.06,6.31
-3.25,-6.06,6.31
-3.25,-6.06,6.31
-3.56,-6.66,6.63
-3.56,-6.66,6.63
-3.15,-6.31,6.81
-3.15,-6.31,6.81
-3.15,-6.31,6.81
-3.15,-6.58,6.94
-3.15,-6.58,6.94
-3.15,-6.58,6.94
-2.96,-7.42,6.9
-2.96,-7.42,6.9
-2.96,-7.42,6.9
-2.81,-7.16,6.64
-2.81,-7.16,6.64
-2.81,-7.16,6.64
-2.07,-6.52,7.08
-2.07,-6.52,7.08
-2.2,-7.05,7.41
-2.27,-7.93,6.55
-2.27,-7.93,6.55
-2.27,-7.93,6.55
-1.82,-7.34,6.78
-1.82,-7.34,6.78
-1.82,-7.34,6.78
-2.28,-6.92,6.58
-2.28,-6.92,6.58
-1.69,-7.04,5.94
-1.69,-7.04,5.94
-1.69,-7.04,5.94
-3.02,-8.15,6.28
-3.02,-8.15,6.28
-3.02,-8.15,6.28
-3.04,-7.09,5.67
-3.04,-7.09,5.67
-3.04,-7.09,5.67
-2.77,-8.08,5.67
-2.77,-8.08,5.67
-2.77,-8.08,5.67
-1.56,-8.84,5.73
-1.56,-8.84,5.73
-1.76,-8.74,6.08
-2.31,-8.47,5.2
-2.31,-8.47,5.2
-2.31,-8.47,5.2
-2.01,-8.37,4.95
-2.01,-8.37,4.95
-1.67,-8.4,5.59
-1.67,-8.4,5.59
-1.3,-8.97,5.67
-1.33,-7.81,4.63
-1.33,-7.81,4.63
-1.33,-7.81,4.63
-1.29,-8.41,4.06
-1.29,-8.41,4.06
-1.29,-8.41,4.06
-1.39,-8.64,4.05
-1.39,-8.64,4.05
-1.39,-8.64,4.05
-1.71,-8.86,3.74
-1.71,-8.86,3.74
-1.71,-8.86,3.74
-1.66,-9.1,3.37
-1.26,-9.3,2.95
-1.26,-9.3,2.95
-1.08,-10.46,3.16
-1.08,-10.46,3.16
-1.08,-10.46,3.16
-0.64,-9.79,2.72
-0.64,-9.79,2.72
-0.64,-9.79,2.72
-1.19,-9.34,2.75
-1.01,-9.12,2.39
-1.01,-9.12,2.39
-1.36,-9.01,1.83
-1.59,-10.38,1.26
-1.59,-10.38,1.26
-1.59,-10.38,1.26
-1.61,-10.17,0.85
-1.61,-10.17,0.85
-1.61,-10.17,0.85
-1.43,-9.36,0.57
-1.43,-9.36,0.57
-1.33,-9.39,0.36
-1.31,-9.54,0.34
-1.31,-9.54,0.34
-0.81,-9.88,0.38
-0.32,-9.37,0.09
-0.32,-9.37,0.09
-0.32,-9.37,0.09
0.28,-9.29,0.01
0.28,-9.29,0.01
0.28,-9.29,0.01
0.03,-8.78,-0.73
0.03,-8.78,-0.73
0.03,-8.78,-0.73
-1.51,-6.45,-10.28
-1.51,-6.45,-10.28
-1.51,-6.45,-10.28
1.68,-9.71,-1.36
1.68,-9.71,-1.36
1.68,-9.71,-1.36
1.16,-9.16,-4.18
1.16,-9.16,-4.18
1.09,-9.2,-3.01
1.11,-8.32,-3.4
1.11,-8.32,-3.4
1.11,-8.32,-3.4
0.81,-9.0,-3.13
0.81,-9.0,-3.13
0.81,-9.0,-3.13
0.93,-8.45,-3.82
0.93,-8.45,-3.82
0.93,-8.45,-3.82
1.13,-8.07,-4.2
1.13,-8.07,-4.2
1.44,-8.3,-4.14
1.61,-7.69,-3.83
1.61,-7.69,-3.83
1.61,-7.69,-3.83
2.1,-8.35,-3.6
2.1,-8.35,-3.6
2.1,-8.35,-3.6
2.91,-7.35,-4.21
2.91,-7.35,-4.21
2.91,-7.35,-4.21
2.56,-8.16,-4.75
2.56,-8.16,-4.75
2.56,-8.16,-4.75
2.46,-7.07,-5.5
2.46,-7.07,-5.5
2.23,-6.82,-5.12
1.59,-7.42,-5.32
1.59,-7.42,-5.32
1.59,-7.42,-5.32
2.05,-6.69,-4.98
2.05,-6.69,-4.98
2.05,-6.69,-4.98
2.46,-6.78,-5.29
2.46,-6.78,-5.29
2.46,-6.78,-5.29
2.86,-5.94,-5.0
2.86,-5.94,-5.0
3.26,-5.86,-5.24
2.95,-5.49,-5.15
2.95,-5.49,-5.15
2.95,-5.49,-5.15
2.92,-5.66,-5.86
2.92,-5.66,-5.86
2.92,-5.66,-5.86
2.89,-6.85,-5.66
2.89,-6.85,-5.66
2.89,-6.85,-5.66
2.55,-5.51,-6.0
2.55,-5.51,-6.0
2.71,-6.1,-6.32
2.99,-6.19,-5.61
2.99,-6.19,-5.61
2.99,-6.19,-5.61
2.54,-6.17,-6.05
2.54,-6.17,-6.05
2.54,-6.17,-6.05
2.62,-6.3,-6.4
2.62,-6.3,-6.4
2.62,-6.3,-6.4
2.96,-7.36,-6.16
2.55,-6.4,-6.57
1.96,-6.03,-6.33
1.96,-6.03,-6.33
1.96,-6.03,-6.33
2.3,-5.77,-6.85
2.3,-5.77,-6.85
2.3,-5.77,-6.85
2.39,-6.73,-5.99
2.61,-6.75,-6.06
2.61,-6.75,-6.06
2.52,-7.43,-6.47
2.52,-7.43,-6.47
2.52,-7.43,-6.47
2.43,-6.72,-6.95
2.43,-6.72,-6.95
2.43,-6.72,-6.95
2.08,-7.09,-6.52
2.08,-7.09,-6.52
2.08,-7.09,-6.52
1.63,-5.9,-6.62
1.63,-5.9,-6.62
1.63,-5.9,-6.62
2.04,-6.62,-6.1
2.04,-6.62,-6.1
2.33,-6.32,-6.34
2.34,-6.76,-6.91
2.34,-6.76,-6.91
2.34,-6.76,-6.91
2.05,-6.66,-6.58
2.05,-6.66,-6.58
2.05,-6.66,-6.58
2.32,-6.63,-6.04
2.32,-6.63,-6.04
2.52,-6.49,-6.47
1.78,-6.31,-7.23
1.78,-6.31,-7.23
1.78,-6.31,-7.23
2.18,-6.62,-6.34
2.18,-6.62,-6.34
2.18,-6.62,-6.34
1.92,-6.41,-6.91
1.92,-6.41,-6.91
1.92,-6.41,-6.91
1.88,-6.41,-6.68
1.88,-6.41,-6.68
1.9,-6.73,-6.4
2.0,-6.08,-6.47
2.0,-6.08,-6.47
2.0,-6.08,-6.47
1.76,-6.42,-6.73
1.76,-6.42,-6.73
1.76,-6.42,-6.73
1.86,-6.59,-6.37
1.86,-6.59,-6.37
1.86,-6.59,-6.37
1.79,-6.59,-6.7
1.94,-6.75,-6.56
1.94,-6.75,-6.56
1.94,-5.87,-6.73
1.94,-5.87,-6.73
1.94,-5.87,-6.73
1.64,-6.58,-6.41
1.64,-6.58,-6.41
1.64,-6.58,-6.41
1.37,-6.41,-6.72
1.37,-6.41,-6.72
1.37,-6.41,-6.72
1.7,-6.95,-6.67
1.7,-6.95,-6.67
1.7,-6.95,-6.67
1.48,-6.28,-6.65
1.3,-6.65,-6.54
1.3,-6.65,-6.54
1.53,-6.78,-6.63
1.53,-6.78,-6.63
1.53,-6.78,-6.63
1.63,-7.03,-6.41
1.63,-7.03,-6.41
1.63,-7.03,-6.41
1.58,-6.65,-6.46
1.58,-6.65,-6.46
1.58,-6.45,-6.5
1.38,-6.63,-6.67
1.38,-6.63,-6.67
1.38,-6.63,-6.67
1.51,-6.01,-6.48
1.51,-6.01,-6.48
1.51,-6.01,-6.48
1.69,-6.8,-6.58
1.69,-6.8,-6.58
1.69,-6.8,-6.58
1.58,-6.8,-6.46
1.58,-6.8,-6.46
1.36,-6.93,-6.34
1.37,-6.56,-6.52
1.37,-6.56,-6.52
1.37,-6.56,-6.52
1.2,-6.93,-6.68
1.2,-6.93,-6.68
1.2,-6.93,-6.68
1.48,-6.33,-6.61
1.48,-6.33,-6.61
1.48,-6.33,-6.61
1.63,-6.51,-6.41
1.63,-6.51,-6.41
1.63,-6.51,-6.41
1.33,-6.47,-6.47
1.33,-6.47,-6.47
1.33,-6.47,-6.47
1.03,-6.63,-6.63
1.03,-6.63,-6.63
1.03,-6.63,-6.63
1.07,-6.86,-6.57
1.07,-6.86,-6.57
1.07,-6.86,-6.57
1.14,-6.88,-6.27
1.14,-6.88,-6.27
1.07,-6.7,-6.27
1.28,-6.62,-6.29
1.28,-6.62,-6.29
1.28,-6.62,-6.29
1.53,-7.05,-6.41
1.53,-7.05,-6.41
1.53,-7.05,-6.41
1.44,-7.08,-6.25
1.44,-7.08,-6.25
1.44,-7.08,-6.25
1.42,-6.7,-6.57
1.42,-6.7,-6.57
1.42,-6.7,-6.57
1.04,-6.74,-6.4
1.04,-6.74,-6.4
1.04,-6.74,-6.4
1.16,-6.28,-6.23
1.16,-6.28,-6.23
1.16,-6.28,-6.23
1.47,-7.55,-5.99
1.47,-7.55,-5.99
1.47,-7.55,-5.99
1.28,-7.4,-6.45
1.28,-7.4,-6.45
1.28,-7.4,-6.45
1.52,-7.24,-6.35
1.52,-7.24,-6.35
1.52,-7.24,-6.35
1.22,-5.81,-6.48
1.22,-5.81,-6.48
1.22,-5.81,-6.48
0.93,-6.77,-6.18
0.93,-6.77,-6.18
0.93,-6.77,-6.18
1.46,-6.76,-6.46
1.46,-6.76,-6.46
1.46,-6.76,-6.46
1.17,-6.32,-6.2
1.17,-6.32,-6.2
1.17,-6.32,-6.2
1.19,-6.71,-6.16
1.19,-6.71,-6.16
1.19,-6.71,-6.16
1.12,-6.8,-6.3
1.12,-6.8,-6.3
1.12,-6.8,-6.3
1.07,-6.62,-5.85
1.07,-6.62,-5.85
0.82,-6.89,-5.71
1.36,-7.7,-5.71
1.36,-7.7,-5.71
1.36,-7.7,-5.71
0.98,-6.5,-6.08
0.98,-6.5,-6.08
1.0,-7.2,-5.44
1.0,-7.2,-5.44
1.0,-7.2,-5.44
2.16,-7.8,-5.98
2.16,-7.8,-5.98
1.86,-8.15,-5.93
0.93,-7.16,-5.66
0.93,-7.16,-5.66
0.93,-7.16,-5.66
1.09,-7.0,-5.66
1.09,-7.0,-5.66
1.09,-7.0,-5.66
0.8,-7.28,-5.85
0.8,-7.28,-5.85
0.8,-7.28,-5.85
1.14,-8.17,-5.58
1.14,-8.17,-5.58
0.91,-8.01,-5.48
1.54,-7.71,-5.03
1.54,-7.71,-5.03
1.54,-7.71,-5.03
0.39,-6.62,-5.78
0.39,-6.62,-5.78
0.39,-6.62,-5.78
1.09,-8.11,-5.21
1.09,-8.11,-5.21
1.09,-8.11,-5.21
1.37,-8.35,-5.14
1.37,-8.35,-5.14
1.38,-8.29,-5.06
1.7,-7.63,-5.09
1.7,-7.63,-5.09
1.7,-7.63,-5.09
1.52,-7.52,-5.12
1.52,-7.52,-5.12
1.52,-7.52,-5.12
1.39,-8.11,-5.14
1.39,-8.11,-5.14
1.39,-8.11,-5.14
1.14,-7.9,-4.97
1.14,-7.9,-4.97
0.77,-7.93,-4.73
2.38,-7.99,-5.23
2.38,-7.99,-5.23
2.38,-7.99,-5.23
1.06,-7.8,-5.27
1.06,-7.8,-5.27
1.06,-7.8,-5.27
1.93,-6.97,-4.31
1.93,-6.97,-4.31
1.37,-7.6,-4.87
1.54,-7.21,-5.13
1.54,-7.21,-5.13
1.54,-7.21,-5.13
1.79,-9.33,-5.01
1.79,-9.33,-5.01
1.79,-9.33,-5.01
1.73,-8.46,-5.77
1.73,-8.46,-5.77
1.73,-8.46,-5.77
-0.29,-8.06,-5.11
-0.29,-8.06,-5.11
-0.29,-8.06,-5.11
1.1,-7.64,-5.23
1.1,-7.64,-5.23
1.1,-7.64,-5.23
0.61,-10.15,-4.66
0.61,-10.15,-4.66
0.61,-10.15,-4.66
1.05,-7.96,-5.24
1.05,-7.96,-5.24
1.05,-7.96,-5.24
0.93,-8.9,-4.62
0.93,-8.9,-4.62
0.93,-8.9,-4.62
0.5,-6.23,-6.12
0.5,-6.23,-6.12
0.5,-6.23,-6.12
1.37,-9.36,-4.59
1.37,-9.36,-4.59
1.37,-9.36,-4.59
-0.31,-8.86,-5.9
-0.31,-8.86,-5.9
-0.31,-8.86,-5.9
0.19,-7.53,-5.48
0.32,-6.97,-5.37
0.32,-6.97,-5.37
1.84,-8.55,-5.32
1.84,-8.55,-5.32
1.84,-8.55,-5.32
1.75,-6.74,-6.74
1.75,-6.74,-6.74
1.75,-6.74,-6.74
0.68,-7.46,-6.13
0.68,-7.46,-6.13
0.68,-7.46,-6.13
-0.35,-5.24,-5.68
-0.31,-5.6,-5.42
-0.31,-5.6,-5.42
-0.76,-5.89,-5.44
-0.06,-5.65,-5.63
-0.06,-5.65,-5.63
0.88,-6.95,-6.62
0.88,-6.95,-6.62
0.88,-6.95,-6.62
0.94,-6.6,-7.79
0.94,-6.6,-7.79
0.94,-6.6,-7.79
-0.16,-6.45,-6.53
-0.16,-6.45,-6.53
-0.56,-5.74,-7.15
-0.29,-5.55,-7.44
-0.29,-5.55,-7.44
-0.29,-5.55,-7.44
1.64,-7.35,-6.61
1.64,-7.35,-6.61
1.64,-7.35,-6.61
-1.8,-4.99,-7.48
-1.8,-4.99,-7.48
-1.8,-4.99,-7.48
1.76,-5.09,-6.2
1.76,-5.09,-6.2
1.76,-5.09,-6.2
0.28,-6.91,-7.31
0.28,-6.91,-7.31
0.28,-6.91,-7.31
0.45,-5.77,-7.04
0.45,-5.77,-7.04
0.45,-5.77,-7.04
-1.01,-6.59,-6.96
-1.01,-6.59,-6.96
-1.01,-6.59,-6.96
-0.58,-6.15,-6.69
-0.58,-6.15,-6.69
-0.58,-6.15,-6.69
-0.25,-6.72,-7.1
-0.25,-6.72,-7.1
-0.25,-6.72,-7.1
-0.2,-5.76,-7.5
-0.2,-5.76,-7.5
-0.2,-5.76,-7.5
-0.3,-7.7,-7.21
-0.3,-7.7,-7.21
-0.3,-7.7,-7.21
-1.22,-4.59,-6.74
-1.22,-4.59,-6.74
-1.22,-4.59,-6.74
0.88,-6.8,-6.92
0.88,-6.8,-6.92
0.77,-6.75,-6.97
-1.1,-5.82,-7.31
-1.1,-5.82,-7.31
-1.1,-5.82,-7.31
-0.33,-5.44,-6.64
-0.33,-5.44,-6.64
0.23,-5.7,-6.96
0.23,-5.7,-6.96
0.23,-5.7,-6.96
-1.14,-5.98,-6.76
-2.0,-6.19,-7.45
-2.0,-6.19,-7.45
1.23,-5.16,-7.09
1.23,-5.16,-7.09
1.23,-5.16,-7.09
-2.56,-6.24,-7.42
-2.56,-6.24,-7.42
-2.56,-6.24,-7.42
0.72,-6.12,-6.24
0.72,-6.12,-6.24
-1.64,-6.34,-7.63
-0.83,-5.7,-7.19
-0.83,-5.7,-7.19
-0.57,-6.21,-7.13
-0.57,-6.21,-7.13
-0.57,-6.21,-7.13
0.03,-6.01,-7.02
0.03,-6.01,-7.02
0.03,-6.01,-7.02
-1.06,-5.06,-7.36
-1.06,-5.06,-7.36
-0.56,-5.56,-7.3
-0.18,-6.22,-7.47
-0.18,-6.22,-7.47
-0.18,-6.22,-7.47
0.25,-6.1,-7.21
0.25,-6.1,-7.21
0.25,-6.1,-7.21
-1.09,-6.02,-7.24
-1.09,-6.02,-7.24
-1.09,-6.02,-7.24
-0.44,-5.38,-6.92
-0.44,-5.38,-6.92
-0.44,-5.38,-6.92
-0.68,-6.0,-7.5
-0.68,-6.0,-7.5
-0.68,-6.0,-7.5
-0.78,-6.22,-7.26
-0.78,-6.22,-7.26
-0.78,-6.22,-7.26
-0.66,-5.48,-7.31
-0.66,-5.48,-7.31
-0.66,-5.48,-7.31
-0.94,-6.03,-6.95
-0.94,-6.03,-6.95
-0.94,-6.03,-6.95
0.13,-6.16,-7.11
0.13,-6.16,-7.11
0.13,-6.16,-7.11
-0.63,-5.28,-7.54
-0.63,-5.28,-7.54
-0.63,-5.28,-7.54
-0.38,-6.02,-6.97
-0.38,-6.02,-6.97
-0.38,-6.02,-6.97
0.07,-5.74,-7.03
0.07,-5.74,-7.03
0.07,-5.74,-7.03
-1.39,-5.19,-7.46
-1.39,-5.19,-7.46
-1.39,-5.19,-7.46
0.12,-6.33,-6.89
0.12,-6.33,-6.89
0.12,-6.33,-6.89
-1.34,-5.21,-7.6
-1.34,-5.21,-7.6
-0.76,-5.65,-7.23
0.09,-5.78,-7.17
-0.95,-6.09,-7.59
-0.5,-5.96,-7.22
-0.5,-5.96,-7.22
-0.5,-5.96,-7.22
-0.09,-5.15,-7.0
-0.09,-5.15,-7.0
-0.09,-5.15,-7.0
-1.29,-5.69,-7.28
-1.29,-5.69,-7.28
-0.41,-5.81,-7.22
0.05,-5.78,-7.49
0.05,-5.78,-7.49
0.05,-5.78,-7.49
-1.38,-6.8,-7.31
-1.38,-6.8,-7.31
-1.38,-6.8,-7.31
-0.03,-4.78,-6.69
-0.03,-4.78,-6.69
-0.03,-4.78,-6.69
-0.9,-6.41,-7.59
-0.9,-6.41,-7.59
-0.48,-5.77,-6.99
-0.21,-5.22,-6.87
-0.07,-5.48,-7.44
-0.07,-5.48,-7.44
-1.22,-6.08,-7.51
-1.22,-6.08,-7.51
-1.22,-6.08,-7.51
0.24,-5.8,-7.01
0.24,-5.8,-7.01
0.24,-5.8,-7.01
-1.7,-5.68,-7.28
-1.7,-5.68,-7.28
-0.22,-5.1,-6.92
0.64,-5.32,-7.13
-1.6,-6.54,-7.68
-1.6,-6.54,-7.68
0.51,-5.4,-6.85
0.51,-5.4,-6.85
0.51,-5.4,-6.85
-1.53,-6.17,-7.6
-1.53,-6.17,-7.6
-1.53,-6.17,-7.6
-0.09,-4.83,-6.9
-0.09,-4.83,-6.9
0.11,-5.29,-7.07
-0.86,-5.8,-7.69
-0.86,-5.8,-7.69
-0.6,-5.73,-7.63
-0.67,-5.79,-7.42
-0.67,-5.79,-7.42
-0.67,-5.79,-7.42
-0.1,-5.71,-7.42
-0.1,-5.71,-7.42
-0.1,-5.71,-7.42
-0.17,-5.34,-7.3
-0.17,-5.34,-7.3
-0.58,-5.51,-7.51
-0.55,-5.89,-6.93
-0.55,-5.89,-6.93
-0.55,-5.89,-6.93
-0.72,-5.58,-7.44
-0.72,-5.58,-7.44
-0.72,-5.58,-7.44
-0.7,-5.79,-7.21
-0.7,-5.79,-7.21
-0.7,-5.79,-7.21
-0.23,-5.76,-7.59
-0.23,-5.76,-7.59
-0.23,-5.76,-7.59
-0.61,-5.55,-7.14
-0.61,-5.55,-7.14
-0.95,-5.23,-7.67
-0.58,-6.07,-6.85
-0.58,-6.07,-6.85
-0.58,-6.07,-6.85
-0.56,-5.45,-7.48
-0.56,-5.45,-7.48
-0.56,-5.45,-7.48
-0.86,-6.07,-7.36
-0.86,-6.07,-7.36
-0.86,-6.07,-7.36
0.05,-5.72,-7.35
0.05,-5.72,-7.35
-1.28,-6.24,-7.23
-0.25,-5.07,-7.04
-0.25,-5.07,-7.04
-0.25,-5.07,-7.04
-0.9,-6.22,-6.98
-0.9,-6.22,-6.98
-0.9,-6.22,-6.98
-0.31,-5.42,-7.51
-0.31,-5.42,-7.51
-0.79,-6.37,-7.4
-0.87,-5.75,-7.39
-0.87,-5.75,-7.39
-0.87,-5.75,-7.39
-0.62,-6.01,-6.92
-0.62,-6.01,-6.92
-0.62,-6.01,-6.92
-1.05,-5.47,-7.36
-1.05,-5.47,-7.36
-1.05,-5.47,-7.36
-0.16,-5.36,-6.97
-0.16,-5.36,-6.97
-0.16,-5.36,-6.97
-1.02,-5.98,-7.43
-1.02,-5.98,-7.43
-0.87,-6.12,-7.19
-0.15,-5.78,-7.37
-0.15,-5.78,-7.37
-0.15,-5.78,-7.37
-1.03,-5.58,-7.11
-1.03,-5.58,-7.11
-1.03,-5.58,-7.11
-0.34,-5.85,-7.14
-0.34,-5.85,-7.14
-0.27,-5.92,-6.97
-1.04,-6.02,-7.32
-1.04,-6.02,-7.32
-1.04,-6.02,-7.32
-0.64,-6.09,-7.2
-0.64,-6.09,-7.2
-0.64,-6.09,-7.2
-0.72,-5.62,-7.48
-0.72,-5.62,-7.48
-0.72,-5.62,-7.48
-0.32,-5.65,-6.88
-0.32,-5.65,-6.88
-0.32,-5.65,-6.88
-0.66,-5.9,-7.1
-0.66,-5.9,-7.1
-0.66,-5.9,-7.1
-1.15,-5.73,-7.5
-1.15,-5.73,-7.5
-1.15,-5.73,-7.5
0.4,-5.74,-7.25
0.4,-5.74,-7.25
0.4,-5.74,-7.25
-1.12,-5.74,-7.28
-0.36,-5.21,-6.95
-0.36,-5.21,-6.95
-0.8,-5.65,-7.14
-0.8,-5.65,-7.14
-1.84,-6.14,-7.42
0.12,-5.37,-6.98
0.12,-5.37,-6.98
0.12,-5.37,-6.98
-1.16,-6.11,-7.58
-1.16,-6.11,-7.58
-1.16,-6.11,-7.58
0.26,-5.08,-7.14
0.26,-5.08,-7.14
-0.8,-5.75,-7.12
-0.8,-5.75,-7.12
-0.8,-5.75,-7.12
-0.7,-6.06,-7.3
-0.7,-6.06,-7.3
-0.7,-6.06,-7.3
-1.06,-5.35,-7.24
-1.06,-5.35,-7.24
-1.06,-5.35,-7.24
-0.53,-6.28,-7.28
-1.06,-5.72,-7.39
-1.06,-5.72,-7.39
0.07,-5.61,-7.33
0.07,-5.61,-7.33
0.07,-5.61,-7.33
-0.85,-5.83,-7.19
-0.85,-5.83,-7.19
-0.85,-5.83,-7.19
-0.16,-5.63,-7.14
-0.16,-5.63,-7.14
-0.16,-5.63,-7.14
-1.0,-5.3,-7.36
-1.0,-5.3,-7.36
0.3,-4.96,-7.36
-0.99,-6.1,-7.46
-0.99,-6.1,-7.46
-0.99,-6.1,-7.46
-0.27,-5.68,-7.47
-0.27,-5.68,-7.47
-0.27,-5.68,-7.47
-0.69,-5.72,-7.14
-0.69,-5.72,-7.14
-0.69,-5.72,-7.14
-1.11,-5.85,-7.19
-1.11,-5.85,-7.19
-0.76,-6.04,-7.2
-0.82,-5.69,-7.48
-0.82,-5.69,-7.48
-0.82,-5.69,-7.48
0.2,-5.59,-7.21
0.2,-5.59,-7.21
-1.46,-5.69,-7.62
-1.46,-5.69,-7.62
-1.46,-5.69,-7.62
-0.06,-5.66,-7.12
-0.06,-5.66,-7.12
-0.34,-5.66,-6.81
-0.79,-5.41,-7.48
-0.79,-5.41,-7.48
-0.79,-5.41,-7.48
-0.55,-5.83,-7.23
-0.55,-5.83,-7.23
-0.55,-5.83,-7.23
-0.37,-5.88,-7.56
-0.37,-5.88,-7.56
-0.37,-5.88,-7.56
-0.79,-5.68,-7.12
-0.79,-5.68,-7.12
-0.79,-5.68,-7.12
-0.86,-5.37,-7.27
-0.17,-5.57,-7.04
-0.17,-5.57,-7.04
-0.6,-5.58,-7.59
-0.6,-5.58,-7.59
-0.6,-5.58,-7.59
0.0,-5.63,-7.35
0.0,-5.63,-7.35
0.0,-5.63,-7.35
-1.5,-6.13,-7.59
-1.5,-6.13,-7.59
-0.14,-5.57,-6.85
-1.12,-5.63,-7.45
-1.12,-5.63,-7.45
-1.12,-5.63,-7.45
-0.25,-5.34,-7.11
-0.25,-5.34,-7.11
-0.25,-5.34,-7.11
-0.59,-5.92,-7.68
-0.59,-5.92,-7.68
-0.59,-5.92,-7.68
-0.34,-5.04,-7.29
-0.03,-5.04,-7.31
-0.03,-5.04,-7.31
-1.15,-5.76,-7.21
-1.15,-5.76,-7.21
-1.15,-5.76,-7.21
-0.56,-5.63,-7.74
-0.56,-5.63,-7.74
-0.56,-5.63,-7.74
-0.23,-5.46,-7.32
-0.23,-5.46,-7.32
-0.23,-5.46,-7.32
-0.65,-5.75,-7.44
-0.59,-5.94,-7.58
-0.59,-5.94,-7.58
-0.56,-5.68,-7.09
-0.56,-5.68,-7.09
-0.56,-5.68,-7.09
-0.41,-5.55,-7.49
-0.41,-5.55,-7.49
-0.41,-5.55,-7.49
-0.49,-5.43,-7.25
-0.49,-5.43,-7.25
-0.49,-5.43,-7.25
-0.55,-5.79,-7.49
-1.07,-6.23,-7.29
-1.07,-6.23,-7.29
-0.18,-4.86,-7.49
-0.18,-4.86,-7.49
-0.18,-4.86,-7.49
-1.09,-6.47,-7.39
-1.09,-6.47,-7.39
-1.09,-6.47,-7.39
0.05,-4.8,-7.42
0.05,-4.8,-7.42
0.05,-4.8,-7.42
0.25,-4.53,-6.91
0.25,-4.53,-6.91
0.25,-4.53,-6.91
-1.23,-6.45,-7.95
-1.23,-6.45,-7.95
-1.23,-6.45,-7.95
0.09,-5.25,-7.13
0.09,-5.25,-7.13
0.09,-5.25,-7.13
-1.02,-6.03,-7.59
-1.02,-6.03,-7.59
-1.02,-6.03,-7.59
0.21,-5.07,-7.13
0.21,-5.07,-7.13
-0.67,-5.21,-7.81
-0.22,-5.89,-7.2
-0.22,-5.89,-7.2
-0.22,-5.89,-7.2
-0.58,-5.63,-7.67
-0.58,-5.63,-7.67
-0.58,-5.63,-7.67
-0.06,-5.27,-6.91
-0.06,-5.27,-6.91
-0.06,-5.27,-6.91
-0.96,-5.93,-7.75
0.18,-5.72,-7.39
0.18,-5.72,-7.39
-1.13,-5.65,-7.65
-1.13,-5.65,-7.65
-1.13,-5.65,-7.65
-0.23,-5.9,-6.99
-0.23,-5.9,-6.99
-0.23,-5.9,-6.99
-0.48,-5.35,-7.5
-0.48,-5.35,-7.5
-0.26,-5.61,-7.33
-0.8,-5.79,-7.2
-0.49,-5.28,-7.46
-0.49,-5.28,-7.46
-0.59,-5.75,-7.36
-0.59,-5.75,-7.36
-0.59,-5.75,-7.36
-0.54,-5.57,-7.59
-0.54,-5.57,-7.59
-0.54,-5.57,-7.59
-0.58,-5.6,-7.19
-0.58,-5.6,-7.19
-0.74,-5.44,-7.29
-0.07,-5.68,-7.38
-0.07,-5.68,-7.38
-0.07,-5.68,-7.38
-0.69,-5.59,-7.48
-0.69,-5.59,-7.48
-0.69,-5.59,-7.48
0.22,-5.98,-7.31
0.22,-5.98,-7.31
0.22,-5.98,-7.31
-1.51,-5.8,-7.35
-1.51,-5.8,-7.35
-1.51,-5.8,-7.35
0.69,-4.85,-6.84
-0.29,-5.43,-7.29
-0.29,-5.43,-7.29
0.23,-5.41,-7.27
0.23,-5.41,-7.27
0.23,-5.41,-7.27
-1.23,-6.16,-7.63
-1.23,-6.16,-7.63
-1.23,-6.16,-7.63
0.97,-4.85,-7.88
0.97,-4.85,-7.88
2.68,-4.71,-8.52
0.63,-2.47,-0.35
0.63,-2.47,-0.35
