aX,aY,aZ
-8.37,-3.02,2.92
-8.5,-3.02,2.92
-8.5,-3.02,2.92
-8.23,-2.97,2.75
-8.24,-3.41,2.76
-8.24,-3.41,2.76
-8.2,-3.34,2.74
-8.2,-3.34,2.74
-8.2,-3.34,2.74
-8.23,-3.19,2.7
-8.23,-3.19,2.7
-8.23,-3.19,2.7
-8.26,-3.36,2.86
-8.26,-3.36,2.86
-8.39,-3.1,2.76
-8.21,-3.04,2.65
-8.21,-3.04,2.65
-8.21,-3.04,2.65
-8.4,-3.31,2.8
-8.4,-3.31,2.8
-8.4,-3.31,2.8
-8.09,-3.26,2.82
-8.09,-3.26,2.82
-8.28,-3.01,2.66
-8.29,-3.05,2.58
-8.29,-3.05,2.58
-8.31,-3.3,2.55
-8.63,-2.99,2.38
-8.63,-2.99,2.38
-8.63,-2.99,2.38
-8.39,-2.84,2.4
-8.39,-2.84,2.4
-8.39,-2.84,2.4
-8.21,-3.38,2.11
-8.21,-3.38,2.11
-7.72,-3.74,2.04
-7.17,-3.73,2.16
-7.17,-3.73,2.16
-7.15,-3.94,2.43
-5.6,-4.55,3.31
-5.6,-4.55,3.31
-5.6,-4.55,3.31
-8.9,-2.45,0.7
-8.9,-2.45,0.7
-8.9,-2.45,0.7
-5.44,-3.93,2.47
-5.44,-3.93,2.47
-5.44,-3.93,2.47
-9.63,-4.35,2.73
-9.63,-4.35,2.73
-8.87,-3.56,2.44
-8.8,-3.36,1.9
-8.8,-3.36,1.9
-8.8,-3.36,1.9
-9.84,-3.38,1.69
-9.84,-3.38,1.69
-9.84,-3.38,1.69
-9.17,-0.37,1.89
-9.17,-0.37,1.89
-10.7,-0.57,2.84
-10.79,-0.94,3.32
-10.79,-0.94,3.32
-10.21,-0.9,3.23
-9.63,-1.47,3.3
-9.63,-1.47,3.3
-9.63,-1.47,3.3
-9.21,-1.09,2.63
-9.21,-1.09,2.63
-8.48,-2.95,2.53
-8.48,-2.95,2.53
-8.48,-2.95,2.53
-8.35,-3.19,1.19
-8.35,-3.19,1.19
-8.35,-3.19,1.19
-7.94,-3.25,1.26
-7.94,-3.25,1.26
-7.94,-3.25,1.26
-8.15,-3.23,1.45
-8.15,-3.23,1.45
-8.15,-3.23,1.45
-8.46,-2.96,1.57
-8.46,-2.96,1.57
-8.46,-2.96,1.57
-8.56,-3.09,1.89
-8.56,-3.09,1.89
-8.56,-3.09,1.89
-8.78,-3.04,1.84
-8.78,-3.04,1.84
-8.78,-3.04,1.84
-8.77,-3.0,1.7
-8.77,-3.0,1.7
-8.77,-3.0,1.7
-8.56,-2.58,1.45
-8.56,-2.58,1.45
-8.56,-2.58,1.45
-8.73,-2.72,2.01
-8.73,-2.72,2.01
-8.73,-2.72,2.01
-8.31,-3.15,2.38
-8.31,-3.15,2.38
-8.31,-3.15,2.38
-8.07,-2.44,1.73
-8.07,-2.44,1.73
-8.07,-2.44,1.73
-8.38,-2.47,1.69
-8.38,-2.47,1.69
-8.38,-2.47,1.69
-8.1,-2.72,1.6
-8.1,-2.72,1.6
-8.16,-3.19,1.83
-8.57,-3.2,1.68
-8.57,-3.2,1.68
-8.57,-3.2,1.68
-8.42,-3.11,1.43
-8.42,-3.11,1.43
-8.42,-3.11,1.43
-8.47,-4.09,1.53
-8.47,-4.09,1.53
-8.27,-3.31,1.48
-8.27,-3.31,1.48
-8.47,-3.32,1.35
-8.44,-3.9,1.45
-8.44,-3.9,1.45
-8.44,-3.9,1.45
-8.44,-3.1,1.45
-8.44,-3.1,1.45
-8.44,-3.1,1.45
-8.32,-3.57,1.59
-8.32,-3.57,1.59
-4.29,-6.9,4.85
-4.29,-6.9,4.85
-4.29,-6.9,4.85
-4.35,-7.05,4.85
-4.35,-7.05,4.85
-4.35,-7.05,4.85
-4.35,-7.05,4.85
-4.35,-7.05,4.85
-4.34,-6.96,4.83
-4.34,-6.96,4.83
-4.34,-6.96,4.83
-4.34,-6.96,4.83
-4.34,-6.96,4.83
-4.34,-6.96,4.83
-4.34,-6.96,4.83
-4.34,-6.96,4.83
-4.27,-6.93,4.87
-4.27,-6.93,4.87
-4.27,-6.93,4.87
-4.27,-6.93,4.87
-4.27,-6.93,4.87
-4.27,-6.93,4.87
-4.2,-6.83,4.82
-4.2,-6.83,4.82
-4.2,-6.83,4.82
-4.25,-7.02,5.0
-4.25,-7.02,5.0
-4.25,-7.02,5.0
-4.28,-6.91,4.94
-4.28,-6.91,4.94
-4.28,-6.91,4.94
-4.36,-6.91,4.81
-4.3,-6.92,4.82
-4.43,-7.1,4.89
-4.43,-7.1,4.89
-4.43,-7.1,4.89
-4.4,-7.02,4.9
-4.4,-7.02,4.9
-4.4,-7.02,4.9
-4.3,-6.93,4.81
-4.3,-6.93,4.81
-4.3,-6.88,4.78
-4.3,-7.01,4.91
-4.3,-7.01,4.91
-4.3,-7.01,4.91
-4.35,-6.94,4.9
-4.35,-6.94,4.9
-4.35,-6.94,4.9
-4.37,-6.91,4.84
-4.37,-6.91,4.84
-4.37,-6.91,4.84
-4.35,-6.88,4.83
-4.35,-6.88,4.83
-4.35,-6.88,4.83
-4.38,-6.93,4.88
-4.38,-6.93,4.88
-4.38,-6.93,4.88
-4.38,-6.87,4.91
-4.38,-6.87,4.91
-4.38,-6.87,4.91
-4.42,-6.95,4.95
-4.42,-6.95,4.95
-4.42,-6.95,4.95
-4.38,-6.83,4.87
-4.38,-6.83,4.87
-4.38,-6.83,4.87
-4.37,-6.94,4.81
-4.37,-6.94,4.81
-4.4,-6.87,4.83
-4.36,-6.94,4.9
-4.36,-6.94,4.9
-4.36,-6.94,4.9
-4.46,-7.02,4.89
-4.46,-7.02,4.89
-4.46,-7.02,4.89
-4.39,-6.88,4.86
-4.39,-6.88,4.86
-4.39,-6.88,4.86
-4.44,-6.95,4.86
-4.44,-6.95,4.86
-4.43,-6.92,4.83
-4.4,-6.9,4.84
-4.4,-6.9,4.84
-4.4,-6.9,4.84
-4.33,-6.87,4.87
-4.33,-6.87,4.87
-4.33,-6.87,4.87
-4.44,-7.01,4.88
-4.44,-7.01,4.88
-4.35,-6.91,4.85
-4.44,-6.9,4.81
-4.44,-6.9,4.81
-4.5,-6.97,4.83
-4.45,-6.81,4.8
-4.45,-6.81,4.8
-4.45,-6.81,4.8
-4.52,-6.9,4.81
-4.52,-6.9,4.81
-4.52,-6.9,4.81
-4.41,-6.96,4.89
-4.41,-6.96,4.89
-4.41,-6.96,4.89
-4.42,-6.84,4.87
-4.42,-6.84,4.87
-4.44,-6.94,4.86
-4.34,-6.94,4.82
-4.34,-6.94,4.82
-4.34,-6.94,4.82
-4.39,-6.93,4.85
-4.39,-6.93,4.85
-4.39,-6.93,4.85
-4.32,-6.79,4.89
-4.32,-6.79,4.89
-4.52,-6.79,4.93
-4.97,-7.12,4.64
-4.97,-7.12,4.64
-4.97,-7.12,4.64
-4.85,-6.62,4.54
-4.85,-6.62,4.54
-4.85,-6.62,4.54
-4.65,-6.56,4.95
-4.65,-6.56,4.95
-4.79,-7.41,5.02
-4.69,-6.32,4.7
-4.69,-6.32,4.7
-4.69,-6.32,4.7
-4.73,-6.67,4.76
-4.73,-6.67,4.76
-4.73,-6.67,4.76
-4.64,-6.91,4.89
-4.64,-6.91,4.89
-4.59,-6.63,4.82
-4.75,-6.73,4.56
-4.75,-6.73,4.56
-4.75,-6.73,4.56
-4.79,-6.98,4.65
-4.79,-6.98,4.65
-4.79,-6.98,4.65
-4.72,-6.63,4.77
-4.72,-6.63,4.77
-4.72,-6.63,4.77
-4.8,-6.84,4.72
-4.8,-6.84,4.72
-4.8,-6.84,4.72
-4.7,-6.46,4.66
-4.78,-6.5,4.67
-4.78,-6.5,4.67
-4.95,-6.37,4.64
-4.95,-6.37,4.64
-4.95,-6.37,4.64
-4.95,-6.51,4.64
-4.95,-6.51,4.64
-4.95,-6.51,4.64
-5.07,-6.4,4.97
-5.07,-6.4,4.97
-5.12,-6.54,5.25
-5.29,-6.26,5.43
-5.29,-6.26,5.43
-5.29,-6.26,5.43
-5.42,-6.33,5.32
-5.42,-6.33,5.32
-5.42,-6.33,5.32
-5.17,-6.59,5.49
-5.17,-6.59,5.49
-5.17,-6.59,5.49
-5.16,-6.13,5.19
-5.16,-6.13,5.19
-5.09,-6.33,5.21
-4.89,-6.44,5.59
-4.89,-6.44,5.59
-4.89,-6.44,5.59
-4.97,-6.04,4.97
-4.97,-6.04,4.97
-4.97,-6.04,4.97
-5.2,-6.34,4.65
-5.2,-6.34,4.65
-5.2,-6.34,4.65
-5.01,-5.78,4.7
-5.01,-5.78,4.7
-5.01,-5.78,4.7
-5.25,-6.03,4.58
-5.25,-6.03,4.58
-6.31,-6.18,4.21
-6.81,-4.91,4.14
-6.81,-4.91,4.14
-6.81,-4.91,4.14
-6.87,-4.65,4.14
-6.87,-4.65,4.14
-6.87,-4.65,4.14
-7.1,-4.4,3.4
-7.1,-4.4,3.4
-7.1,-4.4,3.4
-5.59,-5.21,2.66
-6.0,-5.07,2.78
-6.0,-5.07,2.78
-6.64,-3.42,2.77
-6.64,-3.42,2.77
-6.64,-3.42,2.77
-8.69,-4.65,3.53
-8.69,-4.65,3.53
-8.69,-4.65,3.53
-7.39,-3.86,2.59
-7.39,-3.86,2.59
-7.39,-3.86,2.59
-9.41,-3.3,1.47
-9.41,-3.3,1.47
-9.41,-3.3,1.47
-9.47,-4.4,2.5
-9.47,-4.4,2.5
-9.47,-4.4,2.5
-9.79,-2.23,2.58
-9.79,-2.23,2.58
-9.79,-2.23,2.58
-10.79,-0.14,0.84
-10.79,-0.14,0.84
-10.3,-1.29,1.23
-9.72,-0.96,0.83
-9.72,-0.96,0.83
-9.72,-0.96,0.83
-8.78,-2.56,0.94
-8.78,-2.56,0.94
-8.78,-2.56,0.94
-8.62,-3.61,0.44
-8.62,-3.61,0.44
-8.62,-3.61,0.44
-8.25,-5.09,0.79
-8.25,-5.09,0.79
-8.25,-5.09,0.79
-7.88,-3.63,0.74
-7.88,-3.63,0.74
-7.88,-3.63,0.74
-8.13,-3.14,1.24
-8.13,-3.14,1.24
-8.13,-3.14,1.24
-8.48,-3.0,1.7
-8.48,-3.0,1.7
-8.48,-3.0,1.7
-8.87,-3.07,2.09
-8.39,-3.0,2.09
-8.39,-3.0,2.09
-8.09,-3.68,1.93
-8.09,-3.68,1.93
-8.09,-3.68,1.93
-7.7,-4.45,1.81
-7.7,-4.45,1.81
-7.7,-4.45,1.81
-7.68,-3.79,0.78
-7.68,-3.79,0.78
-7.68,-3.79,0.78
-7.28,-4.77,1.03
-7.28,-4.77,1.03
-7.28,-4.77,1.03
-8.13,-3.6,1.45
-8.13,-3.6,1.45
-7.67,-4.02,1.7
-7.67,-4.02,1.7
-7.67,-4.02,1.7
-7.67,-3.98,1.75
-7.67,-3.98,1.75
-7.67,-3.98,1.75
-7.62,-4.02,1.77
-7.62,-4.02,1.77
-8.03,-3.83,1.92
-8.48,-3.32,1.61
-8.48,-3.32,1.61
-8.48,-3.32,1.61
-9.09,-3.5,1.57
-9.09,-3.5,1.57
-9.09,-3.5,1.57
-8.35,-3.55,1.75
-8.35,-3.55,1.75
-8.35,-3.55,1.75
-7.65,-4.74,2.2
-7.65,-4.74,2.2
-7.44,-4.77,2.22
-7.37,-4.35,1.76
-7.37,-4.35,1.76
-7.37,-4.35,1.76
-8.43,-3.09,0.52
-8.43,-3.09,0.52
-8.43,-3.09,0.52
-8.29,-3.35,1.17
-8.29,-3.35,1.17
-8.29,-3.35,1.17
-9.02,-3.47,1.41
-9.02,-3.47,1.41
-8.66,-3.3,1.72
-9.22,-4.23,1.92
-9.22,-4.23,1.92
-9.22,-4.23,1.92
-7.98,-2.5,0.74
-7.98,-2.5,0.74
-7.98,-2.5,0.74
-8.34,-3.27,0.97
-8.34,-3.27,0.97
-8.34,-3.27,0.97
-8.99,-3.96,0.89
-8.99,-3.96,0.89
-9.86,-3.78,0.73
-9.63,-3.16,0.66
-9.63,-3.16,0.66
-9.63,-3.16,0.66
-10.32,-1.54,0.49
-10.32,-1.54,0.49
-10.32,-1.54,0.49
-9.73,-1.31,1.25
-9.73,-1.31,1.25
-9.73,-1.31,1.25
-8.01,0.66,1.03
-8.01,0.66,1.03
-8.01,0.66,1.03
-6.98,-1.74,1.33
-6.98,-1.74,1.33
-6.98,-1.74,1.33
-5.86,0.93,0.56
-5.86,0.93,0.56
-5.86,0.93,0.56
-6.73,-0.73,-0.38
-6.73,-0.73,-0.38
-6.88,-2.65,-0.84
-8.08,-3.84,-1.55
-7.43,-3.62,-1.27
-7.43,-3.62,-1.27
-5.78,-1.18,-0.95
-5.78,-1.18,-0.95
-5.78,-1.18,-0.95
-11.64,-1.16,-2.38
-11.64,-1.16,-2.38
-11.64,-1.16,-2.38
-8.73,0.57,-2.48
-8.73,0.57,-2.48
-9.03,2.84,-6.86
-11.61,5.24,-8.02
-11.61,5.24,-8.02
-8.01,7.23,-6.68
-7.28,0.34,-4.5
-7.28,0.34,-4.5
-7.28,0.34,-4.5
-7.74,-2.1,-5.4
-7.74,-2.1,-5.4
-7.74,-2.1,-5.4
-8.95,0.6,-7.09
-8.95,0.6,-7.09
-8.22,0.24,-6.75
-8.59,-0.86,-7.17
-8.59,-0.86,-7.17
-8.59,-0.86,-7.17
-8.33,-2.02,-5.1
-8.33,-2.02,-5.1
-8.33,-2.02,-5.1
-8.31,-0.41,-3.95
-8.31,-0.41,-3.95
-8.31,-0.41,-3.95
-7.6,-0.82,-3.62
-7.6,-0.82,-3.62
-7.6,-0.82,-3.62
-8.62,0.08,-4.54
-8.44,1.13,-4.22
-8.44,1.13,-4.22
-8.11,0.77,-3.42
-8.11,0.77,-3.42
-8.11,0.77,-3.42
-8.69,0.53,-3.08
-8.69,0.53,-3.08
-8.69,0.53,-3.08
-8.85,0.79,-2.82
-8.85,0.79,-2.82
-7.69,0.4,-2.46
-8.44,-1.48,-3.05
-8.44,-1.48,-3.05
-8.44,-1.48,-3.05
-8.13,-1.08,-3.68
-8.13,-1.08,-3.68
-8.13,-1.08,-3.68
-8.08,-2.07,-3.09
-8.08,-2.07,-3.09
-8.08,-2.07,-3.09
-7.66,-2.95,-2.17
-7.66,-2.95,-2.17
-7.66,-2.95,-2.17
-7.82,-1.91,-2.23
-7.82,-1.91,-2.23
-7.82,-1.91,-2.23
-7.23,-2.96,-2.39
-7.23,-2.96,-2.39
-7.23,-2.96,-2.39
-7.97,-2.45,-3.42
-7.97,-2.45,-3.42
-7.97,-2.45,-3.42
-8.29,-2.09,-3.2
-8.29,-2.09,-3.2
-8.29,-2.09,-3.2
-8.69,-1.15,-2.33
-8.69,-1.15,-2.33
-8.69,-1.15,-2.33
-9.14,-2.04,-2.76
-9.14,-2.04,-2.76
-9.14,-2.04,-2.76
-8.35,-0.9,-4.31
-8.35,-0.9,-4.31
-8.35,-0.9,-4.31
-9.04,-0.34,-2.84
-9.04,-0.34,-2.84
-9.04,-0.34,-2.84
-8.28,-1.0,-3.44
-8.28,-1.0,-3.44
-8.28,-1.0,-3.44
-9.23,-1.63,-1.98
-9.23,-1.63,-1.98
-9.23,-1.63,-1.98
-8.46,-0.82,-1.47
-8.46,-0.82,-1.47
-8.46,-0.82,-1.47
-7.84,-2.49,-1.91
-7.84,-2.49,-1.91
-7.84,-2.49,-1.91
-8.96,-2.96,-2.98
-9.4,-2.37,-3.84
-9.4,-2.37,-3.84
-9.44,-1.68,-5.26
-9.44,-1.68,-5.26
-9.44,-1.68,-5.26
-9.4,-1.66,-4.69
-9.4,-1.66,-4.69
-9.4,-1.66,-4.69
-9.42,-0.92,-4.42
-9.42,-0.92,-4.42
-10.01,-0.53,-4.69
-10.21,0.4,-6.0
-10.21,0.4,-6.0
-10.21,0.4,-6.0
-10.83,-0.89,-6.47
-10.83,-0.89,-6.47
-10.83,-0.89,-6.47
-11.2,-1.66,-4.74
-11.2,-1.66,-4.74
-11.2,-1.66,-4.74
-10.64,-3.14,-2.37
-10.64,-3.14,-2.37
-10.64,-3.14,-2.37
-8.5,-6.91,-0.59
-8.5,-6.91,-0.59
-8.5,-6.91,-0.59
-7.96,-4.28,0.54
-7.96,-4.28,0.54
-7.96,-4.28,0.54
-7.29,-4.42,1.83
-7.29,-4.42,1.83
-7.29,-4.42,1.83
-5.03,-4.69,2.85
-5.03,-4.69,2.85
-3.45,-3.83,2.95
-1.79,-3.22,3.85
-1.79,-3.22,3.85
-1.79,-3.22,3.85
-1.38,-3.23,4.42
-1.38,-3.23,4.42
-1.38,-3.23,4.42
-0.24,-2.61,4.09
-0.24,-2.61,4.09
0.3,-3.72,4.64
0.3,-3.72,4.64
0.36,-4.07,4.76
-1.0,-5.38,4.87
-1.0,-5.38,4.87
-1.0,-5.38,4.87
-1.14,-6.99,5.2
-1.14,-6.99,5.2
-1.14,-6.99,5.2
-2.11,-7.05,5.42
-2.11,-7.05,5.42
-2.11,-7.05,5.42
-3.16,-6.77,5.42
-3.16,-6.77,5.42
-3.16,-6.77,5.42
-6.67,-7.36,5.73
-6.67,-7.36,5.73
-6.67,-7.36,5.73
-6.39,-4.1,4.1
-6.39,-4.1,4.1
-6.39,-4.1,4.1
-9.95,-3.84,3.56
-9.95,-3.84,3.56
-9.95,-3.84,3.56
-9.13,-4.51,3.5
-9.13,-4.51,3.5
-9.06,-4.15,3.38
-8.87,-4.49,3.89
-8.87,-4.49,3.89
-8.87,-4.49,3.89
-9.31,-4.36,4.4
-9.31,-4.36,4.4
-9.31,-4.36,4.4
-9.07,-4.23,4.62
-9.07,-4.23,4.62
-8.88,-3.27,4.21
-8.95,-2.62,3.97
-8.95,-2.62,3.97
-9.42,-3.0,3.95
-9.23,-3.53,4.18
-8.84,-3.53,4.09
-8.84,-3.53,4.09
-8.39,-2.65,3.41
-8.39,-2.65,3.41
-8.39,-2.65,3.41
-8.16,-2.63,2.91
-8.16,-2.63,2.91
-8.0,-2.59,2.56
-8.07,-2.21,2.24
-8.07,-2.21,2.24
-8.25,-1.72,2.17
-8.77,-0.82,2.49
-8.77,-0.82,2.49
-8.77,-0.82,2.49
-8.05,-0.2,2.06
-8.05,-0.2,2.06
-8.05,-0.2,2.06
-8.16,-0.31,2.37
-8.16,-0.31,2.37
-8.36,-0.47,2.34
-7.93,0.54,1.97
-7.93,0.54,1.97
-7.93,0.54,1.97
-9.2,0.88,2.39
-9.2,0.88,2.39
-9.2,0.88,2.39
-11.12,2.35,2.38
-11.12,2.35,2.38
-11.12,2.35,2.38
-10.15,3.11,1.53
-10.15,3.11,1.53
-10.15,3.11,1.53
-10.39,2.17,1.72
-10.39,2.17,1.72
-10.04,2.03,1.8
-9.32,2.37,1.63
-9.32,2.37,1.63
-9.32,2.37,1.63
-9.01,1.65,1.78
-9.01,1.65,1.78
-9.01,1.65,1.78
-8.79,1.27,1.9
-8.79,1.27,1.9
-8.79,1.27,1.9
-8.57,1.89,1.79
-8.57,1.89,1.79
-8.41,1.66,1.77
-8.62,1.46,1.79
-8.62,1.46,1.79
-8.62,1.46,1.79
-8.99,1.38,1.93
-8.99,1.38,1.93
-8.99,1.38,1.93
-9.13,1.16,1.98
-9.13,1.16,1.98
-9.13,1.16,1.98
-8.9,1.68,1.92
-9.03,1.77,2.01
-9.03,1.77,2.01
-8.88,1.48,2.11
-8.88,1.48,2.11
-8.88,1.48,2.11
-9.15,1.11,2.07
-9.15,1.11,2.07
-9.15,1.11,2.07
-8.81,0.92,1.96
-8.81,0.92,1.96
-8.81,0.92,1.96
-9.36,0.96,2.21
-9.36,0.96,2.21
-9.36,0.96,2.21
-9.81,0.94,2.25
-9.81,0.94,2.25
-9.81,0.94,2.25
-9.56,1.02,1.93
-9.56,1.02,1.93
-9.56,1.02,1.93
-9.14,0.97,1.69
-9.14,0.97,1.69
-9.14,0.97,1.69
-8.59,0.18,1.77
-8.59,0.18,1.77
-8.42,0.18,1.81
-8.62,0.97,1.84
-8.62,0.97,1.84
-8.62,0.97,1.84
-8.31,0.24,1.93
-8.31,0.24,1.93
-8.31,0.24,1.93
-8.94,0.21,1.99
-8.94,0.21,1.99
-8.94,0.21,1.99
-10.14,-0.42,2.4
-10.14,-0.42,2.4
-10.23,-0.73,2.4
-10.31,0.35,2.01
-10.31,0.35,2.01
-10.31,0.35,2.01
-10.21,0.61,2.1
-10.21,0.61,2.1
-10.21,0.61,2.1
-9.67,0.04,2.29
-9.67,0.04,2.29
-9.67,0.04,2.29
-9.0,-0.67,2.35
-9.0,-0.67,2.35
-9.0,-0.67,2.35
-8.83,-0.98,2.46
-8.83,-0.98,2.46
-8.83,-0.98,2.46
-8.68,-0.97,2.52
-8.68,-0.97,2.52
-8.68,-0.97,2.52
-8.82,-0.7,2.52
-8.82,-0.7,2.52
-8.69,-0.48,2.57
-8.96,-0.69,2.72
-8.96,-0.69,2.72
-8.96,-0.69,2.72
-8.69,-1.25,2.58
-8.69,-1.25,2.58
-8.69,-1.25,2.58
-8.48,-1.31,2.47
-8.48,-1.31,2.47
-8.48,-1.31,2.47
-8.66,-1.59,2.68
-8.66,-1.59,2.68
-8.66,-1.59,2.68
-8.91,-2.04,2.69
-8.91,-2.04,2.69
-8.11,-3.33,2.89
-8.11,-3.33,2.89
-8.11,-3.33,2.89
-7.48,-3.04,2.92
-7.48,-3.04,2.92
-7.48,-3.04,2.92
-7.99,-2.83,3.06
-7.99,-2.83,3.06
-7.99,-2.83,3.06
-7.93,-2.84,3.04
-7.86,-2.93,2.91
-7.86,-2.93,2.91
-7.65,-3.06,2.79
-7.65,-3.06,2.79
-7.65,-3.06,2.79
-7.68,-3.31,2.89
-7.68,-3.31,2.89
-7.68,-3.31,2.89
-7.7,-3.54,3.17
-7.7,-3.54,3.17
-7.7,-3.54,3.17
-8.14,-3.62,3.27
-8.32,-3.74,3.22
-8.32,-3.74,3.22
-8.15,-3.9,3.03
-8.15,-3.9,3.03
-8.15,-3.9,3.03
-7.71,-4.23,2.9
-7.71,-4.23,2.9
-7.71,-4.23,2.9
-7.34,-4.05,2.86
-7.34,-4.05,2.86
-7.34,-4.05,2.86
-7.53,-4.17,2.92
-7.53,-4.17,2.92
-7.44,-3.96,2.81
-7.5,-3.73,2.67
-7.5,-3.73,2.67
-7.5,-3.73,2.67
-7.99,-4.21,2.83
-7.99,-4.21,2.83
-7.99,-4.21,2.83
-7.91,-3.88,2.58
-7.91,-3.88,2.58
-7.69,-3.73,2.48
-7.66,-4.27,2.81
-7.66,-4.27,2.81
-7.66,-4.27,2.81
-7.7,-4.36,2.8
-7.7,-4.36,2.8
-7.7,-4.36,2.8
-7.2,-4.22,2.8
-7.2,-4.22,2.8
-7.2,-4.22,2.8
-6.94,-4.83,2.99
-6.94,-4.83,2.99
-6.94,-4.83,2.99
-7.24,-4.4,3.1
-7.24,-4.4,3.1
-7.24,-4.4,3.1
-7.23,-3.63,2.95
-7.23,-3.63,2.95
-7.23,-3.63,2.95
-8.08,-3.82,3.37
-8.08,-3.82,3.37
-8.08,-3.82,3.37
-8.73,-3.53,3.52
-8.73,-3.53,3.52
-8.52,-3.29,3.43
-8.07,-3.23,3.45
-8.07,-3.23,3.45
-8.07,-3.23,3.45
-8.39,-3.32,3.81
-8.39,-3.32,3.81
-8.39,-3.32,3.81
-8.03,-3.06,3.82
-8.03,-3.06,3.82
-8.03,-3.06,3.82
-7.79,-3.41,3.96
-7.79,-3.41,3.96
-7.99,-3.74,4.21
-8.25,-3.18,4.26
-8.25,-3.18,4.26
-8.25,-3.18,4.26
-8.0,-2.93,4.33
-8.0,-2.93,4.33
-8.0,-2.93,4.33
-7.76,-3.7,4.54
-7.76,-3.7,4.54
-7.76,-3.7,4.54
-7.57,-3.66,4.41
-7.57,-3.66,4.41
-7.57,-3.66,4.41
-7.69,-3.61,4.24
-7.69,-3.61,4.24
-7.69,-3.61,4.24
-7.95,-3.7,4.61
-7.95,-3.7,4.61
-7.95,-3.7,4.61
-8.23,-3.07,4.48
-8.23,-3.07,4.48
-8.23,-3.07,4.48
-8.01,-3.52,4.43
-8.01,-3.52,4.43
-7.55,-3.47,4.35
-7.48,-3.43,4.82
-7.48,-3.43,4.82
-7.48,-3.43,4.82
-7.62,-4.08,5.49
-7.62,-4.08,5.49
-7.62,-4.08,5.49
-7.85,-4.45,5.38
-7.85,-4.45,5.38
-7.62,-4.75,5.37
-7.12,-4.88,5.43
-7.12,-4.88,5.43
-6.64,-4.69,5.39
-6.01,-4.33,6.25
-6.01,-4.33,6.25
-6.01,-4.33,6.25
-5.22,-5.33,7.35
-5.22,-5.33,7.35
-5.22,-5.33,7.35
-5.36,-5.57,7.91
-5.36,-5.57,7.91
-5.36,-5.57,7.91
-3.69,-7.04,8.05
-3.69,-7.04,8.05
-3.69,-7.04,8.05
-2.83,-7.56,7.5
-2.83,-7.56,7.5
-2.83,-7.56,7.5
-2.4,-6.15,6.58
-2.4,-6.15,6.58
-2.4,-6.15,6.58
-2.04,-5.56,5.87
-2.04,-5.56,5.87
-2.04,-5.56,5.87
-2.29,-7.5,6.22
-2.29,-7.5,6.22
-2.22,-8.45,6.11
-3.64,-8.7,5.43
-3.64,-8.7,5.43
-3.64,-8.7,5.43
-4.51,-8.09,4.35
-4.51,-8.09,4.35
-4.51,-8.09,4.35
-4.97,-8.79,3.93
-4.97,-8.79,3.93
-4.97,-8.79,3.93
-4.29,-7.16,3.88
-4.29,-7.16,3.88
-3.9,-7.07,3.78
-2.23,-4.66,3.17
-2.23,-4.66,3.17
-1.43,-3.61,2.57
-1.43,-3.61,2.57
-1.43,-3.61,2.57
-0.29,-3.73,3.04
-0.29,-3.73,3.04
-0.29,-3.73,3.04
-0.24,-6.1,3.59
-0.18,-6.43,4.53
-0.18,-6.43,4.53
-1.34,-9.56,7.78
-1.34,-9.56,7.78
-1.34,-9.56,7.78
-9.01,-4.5,5.1
-9.01,-4.5,5.1
-2.58,-10.08,10.96
-2.58,-10.08,10.96
-2.58,-10.08,10.96
-1.71,-5.06,6.57
-1.71,-5.06,6.57
-1.71,-5.06,6.57
-0.85,-8.39,6.88
-0.85,-8.39,6.88
-0.85,-8.39,6.88
-0.61,-4.63,6.16
-0.61,-4.63,6.16
-0.61,-4.63,6.16
-1.29,-5.08,7.2
-1.29,-5.08,7.2
-1.29,-5.08,7.2
-0.76,-5.05,8.21
-0.76,-5.05,8.21
-0.76,-5.05,8.21
-0.47,-6.39,9.07
-0.47,-6.39,9.07
-0.47,-6.39,9.07
-0.88,-6.22,8.5
-0.88,-6.22,8.5
-0.88,-6.22,8.5
-1.59,-6.28,8.4
-1.59,-6.28,8.4
-2.38,-7.11,8.39
-2.55,-7.51,8.63
-2.55,-7.51,8.63
-2.6,-7.21,8.76
-3.39,-5.76,8.39
-3.39,-5.76,8.39
-3.39,-5.76,8.39
-4.14,-7.0,8.73
-4.14,-7.0,8.73
-4.14,-7.0,8.73
-3.87,-6.46,7.14
-3.87,-6.46,7.14
-3.87,-6.46,7.14
-4.37,-4.22,6.79
-4.37,-4.22,6.79
-4.04,-3.92,7.4
-5.15,-4.58,7.28
-5.15,-4.58,7.28
-5.15,-4.58,7.28
-3.4,-4.81,7.96
-3.4,-4.81,7.96
-3.4,-4.81,7.96
-3.23,-4.12,7.25
-3.23,-4.12,7.25
-3.23,-4.12,7.25
-3.84,-4.64,7.79
-3.85,-4.88,8.5
-3.85,-4.88,8.5
-3.52,-5.93,8.09
-3.52,-5.93,8.09
-3.52,-5.93,8.09
-3.4,-4.22,7.07
-3.4,-4.22,7.07
-3.4,-4.22,7.07
-4.61,-4.71,6.65
-4.61,-4.71,6.65
-4.61,-4.71,6.65
-3.45,-5.65,6.96
-3.45,-5.65,6.96
-3.45,-5.65,6.96
-4.08,-4.85,5.71
-4.08,-4.85,5.71
-4.08,-4.85,5.71
-3.45,-5.65,6.3
-3.45,-5.65,6.3
-3.45,-5.65,6.3
-3.1,-6.19,6.61
-3.1,-6.19,6.61
-3.1,-6.19,6.61
-3.81,-7.31,7.09
-3.81,-7.31,7.09
-3.81,-7.31,7.09
-5.13,-6.8,7.37
-5.13,-6.8,7.37
-5.13,-6.8,7.37
-5.39,-5.64,6.72
-5.39,-5.64,6.72
-5.39,-5.64,6.72
-5.19,-5.99,5.81
-5.19,-5.99,5.81
-5.19,-5.99,5.81
-5.59,-6.2,5.44
-5.59,-6.2,5.44
-5.59,-6.2,5.44
-6.11,-6.54,5.17
-6.11,-6.54,5.17
-6.11,-6.54,5.17
-6.23,-4.59,3.42
-6.23,-4.59,3.42
-6.23,-4.59,3.42
-6.03,-5.0,2.55
-6.03,-5.0,2.55
-6.06,-5.44,2.85
-5.37,-6.34,3.95
-5.37,-6.34,3.95
-5.37,-6.34,3.95
-5.56,-6.37,4.0
-5.56,-6.37,4.0
-5.56,-6.37,4.0
-5.29,-5.9,4.15
-5.29,-5.9,4.15
-5.29,-5.9,4.15
-5.21,-5.86,4.46
-5.21,-5.86,4.46
-4.97,-6.38,4.81
-5.0,-5.96,4.88
-5.0,-5.96,4.88
-5.18,-5.17,4.69
-5.73,-4.11,4.19
-5.73,-4.11,4.19
-5.73,-4.11,4.19
-6.47,-5.99,4.77
-6.47,-5.99,4.77
-6.47,-5.99,4.77
-5.92,-5.15,5.83
-5.92,-5.15,5.83
-5.26,-6.55,6.83
-3.23,-7.88,6.91
-3.23,-7.88,6.91
-3.23,-7.88,6.91
-2.41,-4.23,6.52
-2.41,-4.23,6.52
-2.41,-4.23,6.52
-2.87,-6.94,6.69
-2.87,-6.94,6.69
-2.87,-6.94,6.69
-3.26,-8.14,6.43
-3.26,-8.14,6.43
-3.26,-8.14,6.43
-4.37,-6.77,6.47
-4.37,-6.77,6.47
-4.37,-6.77,6.47
-4.68,-5.4,6.56
-4.68,-5.4,6.56
-4.68,-5.4,6.56
-4.37,-5.52,6.35
-4.37,-5.52,6.35
-4.37,-5.52,6.35
-2.28,-7.36,9.34
-2.28,-7.36,9.34
-1.91,-8.51,10.55
-3.13,-6.0,8.69
-3.13,-6.0,8.69
-3.13,-6.0,8.69
-2.93,-3.85,7.8
-2.93,-3.85,7.8
-2.93,-3.85,7.8
-1.93,-4.89,6.72
-1.93,-4.89,6.72
-1.93,-4.89,6.72
-1.86,-5.91,7.91
-1.86,-5.91,7.91
-1.86,-5.91,7.91
-2.5,-5.76,8.01
-3.01,-5.77,7.78
-3.01,-5.77,7.78
-3.62,-6.73,6.63
-3.62,-6.73,6.63
-3.62,-6.73,6.63
-4.12,-7.73,6.74
-4.12,-7.73,6.74
-4.12,-7.73,6.74
-3.36,-9.26,8.15
-3.36,-9.26,8.15
-3.36,-9.26,8.15
-1.48,-6.06,8.38
-1.88,-5.89,8.19
-1.88,-5.89,8.19
-2.56,-6.7,7.04
-2.56,-6.7,7.04
-2.56,-6.7,7.04
-3.46,-7.87,5.18
-3.46,-7.87,5.18
-3.46,-7.87,5.18
-5.17,-4.61,1.0
-5.17,-4.61,1.0
-5.17,-4.61,1.0
-3.64,-4.78,1.48
-3.64,-4.78,1.48
-4.0,-6.0,3.5
-4.0,-6.0,3.5
-4.0,-6.0,3.5
-4.54,-6.82,5.62
-4.54,-6.82,5.62
-4.54,-6.82,5.62
-3.91,-4.78,5.45
-2.53,-5.25,6.19
-2.53,-5.25,6.19
-0.75,-7.73,8.5
-0.75,-7.73,8.5
-0.75,-7.73,8.5
-2.03,-7.6,7.21
-2.03,-7.6,7.21
-2.03,-7.6,7.21
-2.93,-6.65,7.75
-2.93,-6.65,7.75
-2.93,-6.65,7.75
-3.72,-7.19,7.73
-3.72,-7.19,7.73
-3.72,-7.19,7.73
-3.86,-7.19,6.63
-4.58,-8.24,6.5
-4.58,-8.24,6.5
-6.71,-6.45,5.77
-6.71,-6.45,5.77
-6.71,-6.45,5.77
-6.82,-7.39,5.74
-6.82,-7.39,5.74
-6.82,-7.39,5.74
-4.87,-5.51,4.88
-4.87,-5.51,4.88
-4.5,-5.87,5.03
-5.17,-5.8,6.0
-5.17,-5.8,6.0
-5.17,-5.8,6.0
-2.02,-5.18,8.35
-2.02,-5.18,8.35
-2.02,-5.18,8.35
-0.63,-7.01,9.26
-0.63,-7.01,9.26
-0.63,-7.01,9.26
-1.1,-3.46,8.29
-1.1,-3.46,8.29
-0.12,-4.56,8.17
-0.88,-6.63,7.86
-0.88,-6.63,7.86
-0.88,-6.63,7.86
-1.6,-6.49,7.08
-1.6,-6.49,7.08
-1.6,-6.49,7.08
-4.79,-6.83,4.86
-4.79,-6.83,4.86
-4.79,-6.83,4.86
-4.13,-5.88,6.34
-4.13,-5.88,6.34
-6.64,-6.85,7.35
-4.81,-4.93,7.85
-4.81,-4.93,7.85
-4.81,-4.93,7.85
-4.41,-4.28,8.14
-4.41,-4.28,8.14
-4.41,-4.28,8.14
-3.62,-4.82,7.42
-3.62,-4.82,7.42
-3.62,-4.82,7.42
-3.51,-4.16,6.48
-3.83,-4.94,6.69
-4.06,-4.8,7.08
-4.06,-4.8,7.08
-4.06,-4.8,7.08
-4.18,-6.45,7.13
-4.18,-6.45,7.13
-4.18,-6.45,7.13
-3.7,-6.47,6.6
-3.7,-6.47,6.6
-3.7,-6.47,6.6
-3.66,-5.61,6.76
-4.23,-6.23,6.9
-4.23,-6.23,6.9
-4.36,-5.37,6.53
-4.36,-5.37,6.53
-4.36,-5.37,6.53
-4.71,-6.04,6.18
-4.71,-6.04,6.18
-4.71,-6.04,6.18
-4.84,-6.42,6.06
-4.84,-6.42,6.06
-4.84,-6.42,6.06
-4.02,-5.1,6.78
-4.02,-5.1,6.78
-4.02,-5.1,6.78
-4.5,-5.76,8.3
-4.5,-5.76,8.3
-4.5,-5.76,8.3
-4.71,-5.45,8.17
-4.71,-5.45,8.17
-4.71,-5.45,8.17
-3.75,-4.92,6.26
-3.75,-4.92,6.26
-3.1,-4.68,5.73
-2.75,-4.82,5.96
-2.7,-5.46,7.28
-2.7,-5.46,7.28
-2.72,-6.83,8.27
-2.72,-6.83,8.27
-2.72,-6.83,8.27
-2.18,-6.55,6.78
-2.18,-6.55,6.78
-2.18,-6.55,6.78
-2.49,-8.19,6.89
-2.49,-8.19,6.89
-1.75,-8.47,7.1
-1.34,-7.68,7.09
-0.81,-6.67,6.4
-0.81,-6.67,6.4
-3.24,-7.11,5.05
-3.24,-7.11,5.05
-3.24,-7.11,5.05
-2.35,-7.98,5.14
-2.35,-7.98,5.14
-2.35,-7.98,5.14
-2.67,-7.21,5.32
-2.4,-6.16,5.57
-2.64,-5.67,5.53
-2.64,-5.67,5.53
-2.64,-5.67,5.53
-1.76,-6.52,5.58
-1.76,-6.52,5.58
-1.76,-6.52,5.58
-2.58,-7.39,6.19
-2.58,-7.39,6.19
-2.58,-7.39,6.19
-2.92,-8.38,5.32
-2.92,-8.38,5.32
-2.92,-8.38,5.32
-2.64,-6.92,5.46
-2.64,-6.92,5.46
-2.64,-6.92,5.46
-3.68,-8.2,5.65
-3.68,-8.2,5.65
-3.68,-8.2,5.65
-2.18,-7.85,5.98
-2.18,-7.85,5.98
-2.18,-7.85,5.98
-2.91,-7.58,5.14
-2.83,-7.0,4.89
-2.83,-7.0,4.89
-3.23,-6.57,5.99
-3.23,-6.57,5.99
-3.23,-6.57,5.99
-1.59,-7.39,6.32
-1.59,-7.39,6.32
-1.59,-7.39,6.32
-1.94,-6.39,5.36
-1.94,-6.39,5.36
-1.94,-6.39,5.36
-1.42,-7.54,6.23
-1.42,-7.54,6.23
-1.25,-7.55,6.4
-1.64,-7.3,5.55
-1.64,-7.3,5.55
-1.64,-7.3,5.55
-1.95,-7.97,5.5
-1.95,-7.97,5.5
-1.95,-7.97,5.5
-3.31,-8.33,6.28
-3.31,-8.33,6.28
-3.31,-8.33,6.28
-4.53,-7.19,6.0
-4.53,-7.19,6.0
-4.53,-7.19,6.0
-3.52,-7.74,6.68
-3.52,-7.74,6.68
-3.52,-7.74,6.68
-2.7,-6.34,6.21
-2.7,-6.34,6.21
-2.7,-6.34,6.21
-2.96,-4.94,5.91
-2.96,-4.94,5.91
-2.96,-4.94,5.91
-3.12,-7.02,6.8
-3.12,-7.02,6.8
-3.12,-7.02,6.8
-2.58,-7.33,6.23
-2.58,-7.33,6.23
-2.58,-7.33,6.23
-2.85,-8.56,6.58
-2.85,-8.56,6.58
-2.85,-8.56,6.58
-2.42,-6.18,5.95
-2.42,-6.18,5.95
-2.42,-6.18,5.95
-3.02,-6.77,5.62
-3.02,-6.77,5.62
-3.02,-6.77,5.62
-2.88,-6.95,5.78
-2.88,-6.95,5.78
-2.88,-6.95,5.78
-3.04,-7.92,5.65
-3.04,-7.92,5.65
-3.04,-7.92,5.65
-1.96,-8.99,6.0
-1.96,-8.99,6.0
-1.96,-8.99,6.0
-4.27,-7.46,5.89
-4.27,-7.46,5.89
-4.42,-6.99,6.23
-5.86,-6.63,5.52
-5.86,-6.63,5.52
-5.86,-6.63,5.52
-4.9,-6.48,5.02
-4.9,-6.48,5.02
-4.9,-6.48,5.02
-3.67,-6.38,5.17
-3.67,-6.38,5.17
-3.67,-6.38,5.17
-1.6,-7.02,5.4
-1.4,-7.55,5.64
-1.4,-7.55,5.64
-1.48,-7.13,4.97
-1.48,-7.13,4.97
-1.48,-7.13,4.97
-1.88,-7.67,5.21
-1.88,-7.67,5.21
-1.88,-7.67,5.21
-2.15,-8.4,5.3
-2.15,-8.4,5.3
-2.15,-8.4,5.3
-2.52,-8.2,5.23
-2.52,-8.2,5.23
-2.52,-8.2,5.23
-2.95,-8.43,4.86
-2.95,-8.43,4.86
-2.95,-8.43,4.86
-2.99,-7.82,4.77
-2.99,-7.82,4.77
-2.99,-7.82,4.77
-2.91,-7.29,5.53
-2.91,-7.29,5.53
-2.91,-7.29,5.53
-1.83,-7.57,6.1
-1.83,-7.57,6.1
-2.21,-7.34,5.75
-2.59,-7.21,5.35
-2.59,-7.21,5.35
-2.59,-7.21,5.35
-2.79,-7.83,5.41
-2.79,-7.83,5.41
-2.79,-7.83,5.41
-2.31,-7.93,3.71
-2.31,-7.93,3.71
-2.31,-7.93,3.71
-2.11,-8.57,5.09
-2.11,-8.57,5.09
-2.11,-8.57,5.09
-3.14,-6.66,7.11
-3.14,-6.66,7.11
-3.14,-6.66,7.11
-2.37,-6.83,5.4
-2.37,-6.83,5.4
-2.37,-6.83,5.4
-3.03,-7.85,5.84
-3.03,-7.85,5.84
-3.03,-7.85,5.84
-3.59,-7.05,4.82
-3.59,-7.05,4.82
-3.59,-7.05,4.82
-2.43,-8.46,5.08
-2.43,-8.46,5.08
-2.43,-8.46,5.08
-0.95,-8.97,5.53
-0.95,-8.97,5.53
-0.95,-8.97,5.53
-1.7,-6.63,6.0
-1.7,-6.63,6.0
-1.7,-6.63,6.0
-2.19,-6.06,6.26
-2.19,-6.06,6.26
-2.19,-6.06,6.26
-4.3,-7.25,5.54
-4.3,-7.25,5.54
-4.3,-7.25,5.54
-2.75,-8.2,6.72
-2.75,-8.2,6.72
-2.75,-8.2,6.72
-2.67,-8.04,6.21
-2.67,-8.04,6.21
-2.67,-8.04,6.21
-3.23,-7.42,6.06
-3.1,-7.44,5.04
-3.1,-7.44,5.04
-4.2,-6.08,4.94
-4.2,-6.08,4.94
-4.2,-6.08,4.94
-7.15,-7.39,5.84
-7.15,-7.39,5.84
-7.15,-7.39,5.84
-6.47,-8.57,6.85
-6.47,-8.57,6.85
-3.8,-8.45,7.15
-0.36,-8.2,7.21
2.04,-8.26,5.48
2.04,-8.26,5.48
0.04,-8.94,4.49
0.04,-8.94,4.49
0.04,-8.94,4.49
-1.68,-6.52,4.16
-1.68,-6.52,4.16
-1.68,-6.52,4.16
-2.69,-7.5,3.92
-2.69,-7.5,3.92
-2.59,-7.86,4.44
-3.55,-9.89,5.3
-3.55,-9.89,5.3
-3.55,-9.89,5.3
-6.27,-9.21,4.4
-6.27,-9.21,4.4
-6.27,-9.21,4.4
-4.63,-9.17,4.38
-4.63,-9.17,4.38
-4.63,-9.17,4.38
-3.23,-8.56,4.92
-3.23,-8.56,4.92
-3.23,-8.56,4.92
-2.38,-7.53,4.75
-2.38,-7.53,4.75
-2.38,-7.53,4.75
-2.68,-5.94,4.25
-2.68,-5.94,4.25
-2.68,-5.94,4.25
-1.2,-5.94,3.7
-1.2,-5.94,3.7
-1.2,-5.94,3.7
-2.3,-7.19,3.65
-2.3,-7.19,3.65
-2.97,-7.25,4.13
-2.7,-7.81,4.34
-3.12,-8.2,4.41
-3.12,-8.2,4.41
-3.11,-7.33,4.08
-3.11,-7.33,4.08
-3.11,-7.33,4.08
-2.22,-7.35,3.85
-2.22,-7.35,3.85
-2.22,-7.35,3.85
-1.22,-8.93,3.68
-1.22,-8.93,3.68
-0.4,-9.7,3.65
-0.38,-9.62,4.05
-0.38,-9.62,4.05
-0.38,-9.62,4.05
0.03,-10.09,3.28
0.03,-10.09,3.28
0.03,-10.09,3.28
0.85,-10.74,2.87
0.85,-10.74,2.87
1.69,-9.43,2.91
1.69,-9.43,2.91
1.69,-9.43,2.91
1.7,-6.46,2.87
1.7,-6.46,2.87
1.7,-6.46,2.87
1.83,-5.35,4.83
1.83,-5.35,4.83
1.83,-5.35,4.83
1.78,-5.07,6.61
1.78,-5.07,6.61
1.78,-5.07,6.61
0.04,-4.82,8.88
0.04,-4.82,8.88
0.04,-4.82,8.88
-1.46,-5.12,9.99
-1.46,-5.12,9.99
-1.38,-4.35,9.29
-0.14,-1.76,8.92
-0.14,-1.76,8.92
-0.14,-1.76,8.92
-1.48,-4.87,10.34
-1.48,-4.87,10.34
-1.48,-4.87,10.34
-1.47,-7.48,9.59
-1.47,-7.48,9.59
-1.47,-7.48,9.59
-2.26,-6.6,8.57
-2.26,-6.6,8.57
-2.31,-8.58,8.9
-2.91,-8.86,9.55
-2.91,-8.86,9.55
-2.91,-8.86,9.55
-2.83,-7.52,10.59
-2.83,-7.52,10.59
-2.83,-7.52,10.59
-2.2,-7.42,8.95
-2.2,-7.42,8.95
-2.2,-7.42,8.95
-2.18,-3.32,6.18
-2.18,-3.32,6.18
-2.18,-3.32,6.18
-2.5,-7.55,6.81
-2.5,-7.55,6.81
-2.5,-7.55,6.81
-1.7,-5.51,6.09
-1.7,-5.51,6.09
-1.7,-5.51,6.09
-3.48,-5.0,5.81
-3.5,-7.53,6.52
-3.5,-7.53,6.52
-5.16,-9.44,6.67
-5.16,-9.44,6.67
-4.88,-8.95,6.15
-5.21,-6.29,4.51
-5.21,-6.29,4.51
-5.21,-6.29,4.51
-6.27,-8.41,4.84
-6.27,-8.41,4.84
-6.27,-8.41,4.84
-5.21,-9.9,4.9
-5.21,-9.9,4.9
-4.44,-9.48,5.04
-4.5,-9.03,4.29
-4.15,-6.52,3.41
-4.15,-6.52,3.41
-3.65,-4.98,2.84
-3.65,-4.98,2.84
-3.65,-4.98,2.84
-2.99,-5.8,2.79
-2.99,-5.8,2.79
-2.99,-5.8,2.79
-2.58,-2.47,2.42
-2.58,-2.47,2.42
-2.58,-2.47,2.42
-3.81,-4.32,4.99
-4.81,-7.27,6.87
-4.81,-7.27,6.87
-4.73,-7.39,8.26
-4.73,-7.39,8.26
-4.73,-7.39,8.26
-4.96,-7.41,5.68
-4.96,-7.41,5.68
-4.96,-7.41,5.68
-4.63,-6.71,6.52
-4.63,-6.71,6.52
-4.63,-6.71,6.52
-4.74,-4.92,5.01
-4.74,-4.92,5.01
-4.74,-4.92,5.01
-5.7,-5.36,4.84
-5.7,-5.36,4.84
-5.7,-5.36,4.84
-5.98,-6.05,5.36
-5.98,-6.05,5.36
-5.98,-6.05,5.36
-5.09,-9.34,6.69
-5.09,-9.34,6.69
-5.21,-7.32,5.84
-5.04,-5.32,4.87
-4.73,-6.48,4.97
-4.73,-6.48,4.97
-4.38,-8.67,6.0
-4.38,-8.67,6.0
-4.38,-8.67,6.0
-3.7,-5.75,4.19
-3.7,-5.75,4.19
-3.7,-5.75,4.19
-2.74,-6.55,5.11
-2.74,-6.55,5.11
-2.69,-7.53,5.82
-3.06,-6.66,5.33
-3.06,-6.66,5.33
-3.06,-6.66,5.33
-4.24,-6.27,4.08
-4.24,-6.27,4.08
-4.24,-6.27,4.08
-4.3,-2.49,2.96
-4.3,-2.49,2.96
-4.3,-2.49,2.96
-4.41,-7.1,5.24
-4.41,-7.1,5.24
-5.09,-9.49,6.43
-4.95,-5.91,7.55
-4.95,-5.91,7.55
-4.95,-5.91,7.55
-7.93,-6.0,6.09
-7.93,-6.0,6.09
-7.93,-6.0,6.09
-6.12,-8.84,7.64
-6.12,-8.84,7.64
-6.12,-8.84,7.64
-6.5,-6.39,7.36
-6.5,-6.39,7.36
-6.5,-6.39,7.36
-4.68,-4.78,5.19
-4.68,-4.78,5.19
-5.25,-4.27,4.25
-5.25,-4.27,4.25
-5.25,-4.27,4.25
-4.56,-6.4,4.73
-4.56,-6.4,4.73
-4.56,-6.4,4.73
-5.43,-2.52,2.94
-5.37,-0.63,1.95
-5.37,-0.63,1.95
-7.03,-5.42,3.12
-7.03,-5.42,3.12
-7.03,-5.42,3.12
-3.15,-9.68,6.3
-3.15,-9.68,6.3
-3.15,-9.68,6.3
-6.01,-6.66,4.91
-6.01,-6.66,4.91
-6.01,-6.66,4.91
-5.17,-4.32,3.52
-5.17,-4.32,3.52
-5.76,-4.21,3.48
-5.79,-6.67,4.16
-5.79,-6.67,4.16
-5.79,-6.67,4.16
-7.69,-7.28,4.53
-7.69,-7.28,4.53
-7.69,-7.28,4.53
-6.86,-6.16,4.45
-6.86,-6.16,4.45
-6.52,-5.53,4.34
-6.25,-7.26,4.96
-6.25,-7.26,4.96
-6.25,-7.26,4.96
-5.58,-4.17,4.69
-5.58,-4.17,4.69
-5.58,-7.62,5.89
-5.58,-7.62,5.89
-5.58,-7.62,5.89
-5.82,-4.94,5.23
-5.82,-4.94,5.23
-5.82,-4.94,5.23
-5.05,-6.18,5.57
-5.05,-6.18,5.57
-5.05,-6.18,5.57
-4.72,-5.86,6.01
-4.72,-5.86,6.01
-4.72,-5.86,6.01
-4.79,-6.85,5.48
-4.79,-6.85,5.48
-4.79,-6.85,5.48
-4.12,-5.53,6.19
-4.12,-5.53,6.19
-4.12,-5.53,6.19
-3.74,-7.31,6.36
-3.74,-7.31,6.36
-3.74,-7.31,6.36
-2.61,-5.39,5.44
-2.61,-5.39,5.44
-2.61,-5.39,5.44
-4.51,-6.96,5.52
-4.51,-6.96,5.52
-4.51,-6.96,5.52
-2.62,-6.53,5.25
-2.62,-6.53,5.25
-2.62,-6.53,5.25
-2.91,-6.75,5.02
-2.91,-6.75,5.02
-2.83,-7.5,5.53
-2.5,-8.35,5.92
-2.5,-8.35,5.92
-2.5,-8.35,5.92
-2.03,-6.32,5.09
-2.03,-6.32,5.09
-2.03,-6.32,5.09
-3.23,-9.38,5.09
-3.23,-9.38,5.09
-3.23,-9.38,5.09
-1.99,-6.8,5.4
-1.99,-6.8,5.4
-1.78,-5.71,5.18
-2.69,-8.07,5.25
-2.69,-8.07,5.25
-2.69,-8.07,5.25
-1.63,-7.28,6.67
-1.63,-7.28,6.67
-1.63,-7.28,6.67
-1.97,-5.73,5.43
-1.97,-5.73,5.43
-1.97,-5.73,5.43
-1.68,-7.76,7.12
-1.68,-7.76,7.12
-2.18,-7.78,6.96
-2.48,-7.17,6.39
-2.48,-7.17,6.39
-2.48,-7.17,6.39
-2.46,-7.29,6.77
-2.46,-7.29,6.77
-2.46,-7.29,6.77
-2.32,-7.31,6.41
-2.32,-7.31,6.41
-2.32,-7.31,6.41
-1.83,-7.14,5.9
-1.83,-7.14,5.9
-2.95,-7.36,6.46
-2.44,-7.83,6.86
-2.44,-7.83,6.86
-2.44,-7.83,6.86
-2.28,-7.32,6.8
-2.28,-7.32,6.8
-2.28,-7.32,6.8
-1.81,-7.5,6.88
-1.81,-7.5,6.88
-1.81,-7.5,6.88
-1.69,-7.94,5.92
-1.69,-7.94,5.92
-1.34,-7.86,6.37
-1.48,-6.54,5.46
-1.48,-6.54,5.46
-1.48,-6.54,5.46
-0.92,-8.97,6.6
-0.92,-8.97,6.6
-0.92,-8.97,6.6
-0.47,-6.66,6.28
-0.47,-6.66,6.28
-0.47,-6.66,6.28
-0.39,-7.47,6.11
-0.39,-7.47,6.11
-0.25,-6.88,6.18
-0.45,-6.67,5.69
-0.45,-6.67,5.69
-0.45,-6.67,5.69
-0.31,-7.17,6.39
-0.31,-7.17,6.39
-0.31,-7.17,6.39
-0.37,-7.63,6.76
-0.37,-7.63,6.76
-0.75,-8.41,6.67
-0.33,-9.03,6.9
-0.33,-9.03,6.9
-0.34,-10.7,6.93
1.55,-7.45,4.51
1.55,-7.45,4.51
1.55,-7.45,4.51
1.16,-5.6,4.3
1.16,-5.6,4.3
1.16,-5.6,4.3
0.4,-10.4,5.53
0.4,-10.4,5.53
0.06,-11.15,5.72
-0.13,-8.44,4.21
-1.42,-6.15,2.91
-1.42,-6.15,2.91
-2.24,-8.11,2.23
-2.24,-8.11,2.23
-2.54,-12.03,3.41
-2.54,-12.03,3.41
-2.54,-12.03,3.41
-2.77,-9.43,1.24
-2.77,-9.43,1.24
-3.4,-7.69,-0.03
-3.22,-9.76,0.22
-3.22,-9.76,0.22
-3.22,-9.76,0.22
-2.98,-10.39,1.64
-2.98,-10.39,1.64
-2.98,-10.39,1.64
-3.25,-8.52,0.87
-3.25,-8.52,0.87
-2.89,-8.28,0.77
-2.89,-8.28,0.77
-3.15,-8.92,0.86
-1.86,-8.95,1.45
-1.86,-8.95,1.45
-1.86,-8.95,1.45
-2.16,-9.94,1.41
-2.16,-9.94,1.41
-2.16,-9.94,1.41
-2.13,-10.11,0.7
-2.13,-10.11,0.7
-2.13,-10.11,0.7
-1.34,-10.13,1.03
-1.83,-10.21,1.03
-1.83,-10.21,1.03
-2.26,-9.53,0.56
-2.26,-9.53,0.56
-2.26,-9.53,0.56
-1.54,-9.06,0.48
-1.54,-9.06,0.48
-1.54,-9.06,0.48
-2.09,-8.55,-0.49
-2.09,-8.55,-0.49
-2.09,-8.55,-0.49
-2.04,-7.85,-1.14
-2.04,-7.85,-1.14
-2.22,-8.21,-1.13
-1.66,-8.85,-0.32
-1.66,-8.85,-0.32
-1.66,-8.85,-0.32
-2.35,-10.31,-0.04
-2.35,-10.31,-0.04
-2.35,-10.31,-0.04
-2.37,-9.13,-1.19
-2.37,-9.13,-1.19
-2.37,-9.13,-1.19
-2.57,-10.65,-1.71
-3.08,-10.67,-2.13
-3.08,-10.67,-2.13
-3.77,-9.96,-2.35
-3.77,-9.96,-2.35
-3.77,-9.96,-2.35
-5.71,-10.7,-7.32
-5.71,-10.7,-7.32
-5.71,-10.7,-7.32
-4.19,-14.29,-5.7
-4.19,-14.29,-5.7
-4.19,-14.29,-5.7
-2.38,-14.51,-4.8
-1.84,-13.91,-4.09
-1.84,-13.91,-4.09
-1.31,-12.53,-2.99
-1.31,-12.53,-2.99
-1.31,-12.53,-2.99
-1.82,-10.56,-2.49
-1.82,-10.56,-2.49
-1.82,-10.56,-2.49
-1.49,-6.77,-2.71
-1.49,-6.77,-2.71
-1.49,-6.77,-2.71
-0.69,-6.41,-3.17
-0.69,-6.41,-3.17
-0.25,-6.17,-3.37
0.66,-4.67,-3.99
0.66,-4.67,-3.99
0.66,-4.67,-3.99
1.64,-1.59,-1.82
1.64,-1.59,-1.82
1.64,-1.59,-1.82
2.32,-2.5,-4.04
2.32,-2.5,-4.04
2.32,-2.5,-4.04
2.56,-1.74,-4.24
3.67,-1.42,-4.3
3.88,-0.67,-3.04
3.88,-0.67,-3.04
3.88,-0.67,-3.04
3.95,-0.11,-2.54
3.95,-0.11,-2.54
3.95,-0.11,-2.54
3.13,-1.5,-0.83
3.13,-1.5,-0.83
3.13,-1.5,-0.83
2.89,-0.95,-0.33
2.89,-0.95,-0.33
2.73,-1.5,0.13
1.15,-3.02,0.3
1.15,-3.02,0.3
1.15,-3.02,0.3
1.17,-5.47,1.0
1.17,-5.47,1.0
1.17,-5.47,1.0
-0.54,-6.88,0.77
-0.54,-6.88,0.77
0.33,-8.38,1.78
0.03,-9.24,1.49
0.03,-9.24,1.49
-0.52,-8.83,5.08
-2.69,-11.88,4.6
-2.69,-11.88,4.6
-2.69,-11.88,4.6
-3.74,-11.78,4.25
-3.74,-11.78,4.25
-3.74,-11.78,4.25
-2.87,-14.11,6.72
-2.87,-14.11,6.72
-2.87,-14.11,6.72
-4.57,-10.72,4.66
-4.57,-10.72,4.66
-4.64,-12.15,5.55
-4.78,-12.21,5.53
-4.78,-12.21,5.53
-4.78,-12.21,5.53
-5.89,-11.17,6.12
-5.89,-11.17,6.12
-5.89,-11.17,6.12
-5.96,-9.73,5.98
-5.96,-9.73,5.98
-5.96,-9.73,5.98
-5.62,-8.9,5.89
-5.62,-8.9,5.89
-5.62,-8.9,5.89
-5.49,-7.31,5.28
-5.49,-7.31,5.28
-5.49,-7.31,5.28
-4.66,-6.91,5.45
-4.66,-6.91,5.45
-4.66,-6.91,5.45
-4.41,-6.97,5.22
-4.41,-6.97,5.22
-4.41,-6.97,5.22
-4.15,-6.96,5.44
-4.15,-6.96,5.44
-4.23,-6.2,5.91
-4.18,-6.66,5.85
-4.18,-6.66,5.85
-4.18,-6.66,5.85
-4.29,-6.19,5.86
-4.29,-6.19,5.86
-4.29,-6.19,5.86
-5.18,-6.39,5.92
-5.18,-6.39,5.92
-5.18,-6.39,5.92
-5.29,-6.67,5.73
-5.29,-6.67,5.73
-5.46,-6.43,5.72
-5.5,-6.43,5.69
-5.5,-6.43,5.69
-5.5,-6.43,5.69
-4.95,-6.57,5.92
-4.95,-6.57,5.92
-4.95,-6.57,5.92
-4.64,-6.4,5.7
-4.64,-6.4,5.7
-4.64,-6.4,5.7
-4.28,-6.24,5.54
-4.28,-6.24,5.54
-4.09,-6.19,5.64
-3.79,-5.99,5.49
-3.79,-5.99,5.49
-3.79,-5.99,5.49
-4.16,-6.38,5.69
-4.16,-6.38,5.69
-4.16,-6.38,5.69
-4.12,-6.73,5.84
-4.12,-6.73,5.84
-4.12,-6.73,5.84
-3.72,-6.62,5.61
-3.51,-6.35,5.58
-3.28,-6.85,5.98
-3.28,-6.85,5.98
-3.28,-6.85,5.98
-3.02,-6.88,6.47
-3.02,-6.88,6.47
-3.02,-6.88,6.47
-2.84,-6.34,5.86
-2.84,-6.34,5.86
-2.84,-6.34,5.86
-3.16,-5.39,4.7
-3.16,-5.39,4.7
-3.81,-5.76,4.78
-4.3,-6.88,5.44
-4.3,-6.88,5.44
-4.3,-6.88,5.44
-4.58,-6.19,4.88
-4.58,-6.19,4.88
-4.58,-6.19,4.88
-4.58,-7.02,5.66
-4.58,-7.02,5.66
-4.58,-7.02,5.66
-6.18,-6.04,5.26
-6.18,-6.04,5.26
-6.08,-8.43,6.28
-6.08,-8.43,6.28
-6.08,-8.43,6.28
-5.28,-5.67,5.4
-5.28,-5.67,5.4
-5.28,-5.67,5.4
-6.01,-5.41,5.56
-6.01,-5.41,5.56
-5.98,-5.83,5.35
-5.85,-5.63,5.13
-5.85,-5.63,5.13
-5.85,-5.63,5.13
-5.46,-6.5,5.27
-5.46,-6.5,5.27
-5.46,-6.5,5.27
-5.18,-5.89,4.64
-5.18,-5.89,4.64
-5.18,-5.89,4.64
-5.21,-5.93,5.08
-5.21,-5.93,5.08
-5.5,-5.86,5.26
-5.65,-6.46,5.75
-5.65,-6.46,5.75
-5.65,-6.46,5.75
-5.11,-5.66,5.21
-5.11,-5.66,5.21
-5.11,-5.66,5.21
-5.03,-5.68,5.39
-5.03,-5.68,5.39
-5.03,-5.68,5.39
-4.61,-5.84,5.49
-4.61,-5.84,5.49
-4.87,-6.0,5.35
-4.89,-6.04,5.51
-4.89,-6.04,5.51
-4.89,-6.04,5.51
-5.75,-6.2,5.34
-5.75,-6.2,5.34
-5.75,-6.2,5.34
-4.98,-6.36,5.66
-4.98,-6.36,5.66
-4.98,-6.36,5.66
-5.04,-5.88,5.72
-5.04,-5.88,5.72
-5.04,-5.88,5.72
-5.1,-5.66,5.53
-5.05,-5.66,5.39
-5.05,-5.66,5.39
-5.18,-5.83,5.51
-5.18,-5.83,5.51
-5.18,-5.83,5.51
-5.29,-5.95,5.5
-5.29,-5.95,5.5
-5.29,-5.95,5.5
-5.39,-5.6,5.37
-5.39,-5.6,5.37
-5.1,-5.81,5.45
-5.1,-5.81,5.45
-5.1,-5.81,5.45
-5.22,-5.95,5.42
-5.22,-5.95,5.42
-5.22,-5.95,5.42
-5.33,-6.18,5.35
-5.33,-6.18,5.35
-5.33,-6.18,5.35
-5.4,-5.89,5.34
-5.42,-5.88,5.36
-5.42,-5.88,5.36
-5.26,-5.72,5.33
-5.26,-5.72,5.33
-5.26,-5.72,5.33
-5.31,-5.79,5.35
-5.31,-5.79,5.35
-5.31,-5.79,5.35
-5.44,-5.65,5.23
-5.44,-5.65,5.23
-5.44,-5.65,5.23
-5.35,-5.87,5.54
-5.35,-5.87,5.54
-5.35,-5.87,5.54
-5.24,-5.74,5.42
-5.24,-5.74,5.42
-5.24,-5.74,5.42
-5.42,-6.13,5.49
-5.42,-6.13,5.49
-5.42,-6.13,5.49
-5.76,-6.61,5.42
-5.76,-6.61,5.42
-5.76,-6.61,5.42
-6.08,-6.04,4.7
-6.08,-6.04,4.7
-6.08,-6.04,4.7
-5.56,-6.68,6.0
-5.56,-6.68,6.0
-5.56,-6.68,6.0
-5.19,-5.6,5.29
-5.19,-5.6,5.29
-5.19,-5.6,5.29
-4.19,-6.97,5.77
-4.19,-6.97,5.77
-4.19,-6.97,5.77
-3.44,-7.17,5.97
-3.44,-7.17,5.97
-3.44,-7.17,5.97
-4.09,-6.94,6.23
-4.09,-6.94,6.23
-4.09,-6.94,6.23
-3.74,-5.87,5.86
-3.74,-5.87,5.86
-3.74,-5.87,5.86
-4.37,-6.06,6.11
-4.37,-6.06,6.11
-4.37,-6.06,6.11
-3.76,-6.7,6.35
-3.76,-6.7,6.35
-3.22,-6.31,5.95
-3.05,-6.23,5.89
-3.05,-6.23,5.89
-3.05,-6.23,5.89
-2.7,-6.47,6.21
-2.7,-6.47,6.21
-2.7,-6.47,6.21
-2.34,-6.32,6.32
-2.34,-6.32,6.32
-2.34,-6.32,6.32
-2.77,-6.67,5.83
-2.77,-6.67,5.83
-3.19,-6.03,6.13
-3.26,-6.79,6.4
-3.26,-6.79,6.4
-3.26,-6.79,6.4
-3.48,-6.52,6.0
-3.48,-6.52,6.0
-3.48,-6.52,6.0
-3.15,-6.49,5.81
-3.15,-6.49,5.81
-3.15,-6.49,5.81
-3.76,-6.73,6.69
-3.76,-6.73,6.69
-3.52,-6.81,6.48
-3.72,-6.3,6.29
-3.72,-6.3,6.29
-3.72,-6.3,6.29
-3.67,-6.74,6.74
-3.67,-6.74,6.74
-3.58,-6.95,6.54
-3.58,-6.95,6.54
-3.58,-6.95,6.54
-3.18,-6.31,6.72
-3.18,-6.31,6.72
-3.17,-6.21,6.69
-3.46,-6.34,6.26
-3.46,-6.34,6.26
-3.46,-6.34,6.26
-3.67,-5.74,6.66
-3.67,-5.74,6.66
-3.67,-5.74,6.66
-3.32,-6.3,6.99
-3.32,-6.3,6.99
-3.32,-6.3,6.99
-2.61,-6.06,6.81
-2.61,-6.06,6.81
-2.36,-6.17,6.8
-2.15,-6.52,6.93
-2.46,-7.21,6.84
-2.46,-7.21,6.84
-3.33,-6.71,6.74
-3.33,-6.71,6.74
-3.33,-6.71,6.74
-4.41,-6.75,6.62
-4.41,-6.75,6.62
-4.41,-6.75,6.62
-4.42,-6.36,6.58
-4.42,-6.36,6.58
-4.39,-5.65,6.58
-3.49,-5.84,6.44
-3.49,-5.84,6.44
-3.49,-5.84,6.44
-3.26,-5.72,5.52
-3.26,-5.72,5.52
-3.26,-5.72,5.52
-3.66,-5.81,5.13
-3.66,-5.81,5.13
-3.66,-5.81,5.13
-3.91,-6.09,4.64
-3.96,-5.73,4.65
-3.96,-5.73,4.65
-4.15,-6.77,5.68
-4.15,-6.77,5.68
-4.15,-6.77,5.68
-3.71,-6.76,5.61
-3.71,-6.76,5.61
-3.71,-6.76,5.61
-3.54,-6.34,5.56
-3.54,-6.34,5.56
-3.54,-6.34,5.56
-3.51,-6.07,5.58
-3.84,-6.07,5.78
-3.84,-6.07,5.78
-4.25,-5.62,6.06
-4.25,-5.62,6.06
-4.25,-5.62,6.06
-4.35,-6.46,6.74
-4.35,-6.46,6.74
-4.35,-6.46,6.74
-3.63,-6.93,7.29
-3.63,-6.93,7.29
-3.41,-6.86,6.97
-3.27,-6.53,6.78
-3.25,-6.29,6.9
-3.25,-6.29,6.9
-3.41,-6.26,7.14
-3.41,-6.26,7.14
-3.53,-6.57,7.01
-3.53,-6.57,7.01
-3.53,-6.57,7.01
-3.23,-6.05,6.37
-3.23,-6.05,6.37
-3.23,-6.05,6.37
-3.13,-6.24,6.53
-3.04,-6.13,6.65
-3.04,-6.13,6.65
-3.03,-6.3,6.63
-3.03,-6.3,6.63
-3.03,-6.3,6.63
-3.09,-6.24,6.55
-3.09,-6.24,6.55
-3.09,-6.24,6.55
-3.29,-6.73,6.81
-3.29,-6.73,6.81
-3.29,-6.73,6.81
-3.11,-6.64,6.81
-3.08,-6.8,6.82
-3.08,-6.8,6.82
-3.21,-7.04,6.79
-3.21,-7.04,6.79
-3.21,-7.04,6.79
-2.95,-7.07,6.45
-2.95,-7.07,6.45
-2.95,-7.07,6.45
-2.84,-6.67,6.23
-2.84,-6.67,6.23
-3.0,-6.61,6.23
-3.06,-6.74,6.33
-2.76,-6.73,6.48
-2.76,-6.73,6.48
-3.07,-6.52,6.27
-3.07,-6.52,6.27
-3.07,-6.52,6.27
-3.15,-6.61,6.1
-3.15,-6.61,6.1
-3.15,-6.61,6.1
-3.08,-6.62,5.78
-3.08,-6.62,5.78
-3.29,-6.78,5.74
-3.16,-6.3,5.93
-3.16,-6.3,5.93
-3.16,-6.3,5.93
-3.4,-6.72,6.14
-3.4,-6.72,6.14
-3.4,-6.72,6.14
-2.89,-7.57,6.7
-2.89,-7.57,6.7
-2.89,-7.57,6.7
-2.55,-6.34,6.45
-2.55,-6.34,6.45
-2.71,-5.89,6.42
-3.07,-6.57,6.9
-3.07,-6.57,6.9
-3.07,-6.57,6.9
-3.15,-6.35,6.64
-3.15,-6.35,6.64
-3.15,-6.35,6.64
-3.15,-6.59,6.53
-3.15,-6.59,6.53
-3.15,-6.59,6.53
-3.48,-7.36,6.71
-3.48,-7.36,6.71
-3.48,-7.36,6.71
-2.89,-6.15,6.11
-2.89,-6.15,6.11
-2.89,-6.15,6.11
-2.76,-6.61,6.48
-2.76,-6.61,6.48
-2.76,-6.61,6.48
-3.28,-7.01,6.56
-3.28,-7.01,6.56
-3.28,-7.01,6.56
-3.46,-7.02,6.48
-3.46,-7.02,6.48
-3.46,-7.02,6.48
-3.14,-6.0,5.96
-3.14,-6.0,5.96
-3.14,-6.0,5.96
-3.32,-6.46,6.28
-3.32,-6.46,6.28
-3.32,-6.46,6.28
-3.6,-6.35,6.34
-3.6,-6.35,6.34
-3.6,-6.35,6.34
-3.61,-6.47,6.46
-3.61,-6.47,6.46
-3.61,-6.47,6.46
-3.51,-6.7,6.73
-3.51,-6.7,6.73
-3.51,-6.7,6.73
-3.48,-5.86,6.51
-3.48,-5.86,6.51
-3.48,-5.86,6.51
-3.33,-5.75,6.27
-3.33,-5.75,6.27
-3.33,-5.75,6.27
-3.31,-5.73,6.6
-3.83,-5.76,6.81
-3.62,-5.47,6.84
-3.62,-5.47,6.84
-3.62,-5.47,6.84
-3.31,-6.0,6.98
-3.31,-6.0,6.98
-3.31,-6.0,6.98
-3.05,-7.1,6.99
-3.05,-7.1,6.99
-3.05,-7.1,6.99
-2.83,-7.37,6.9
-3.05,-6.96,6.83
-3.05,-6.96,6.83
-3.24,-6.39,6.77
-3.24,-6.39,6.77
-3.24,-6.39,6.77
-3.21,-5.97,6.93
-3.21,-5.97,6.93
-3.21,-5.97,6.93
-3.19,-6.0,7.17
-3.19,-6.0,7.17
-3.19,-6.0,7.17
-3.22,-6.04,6.93
-3.22,-6.04,6.93
-3.22,-6.04,6.93
-3.46,-5.75,6.66
-3.46,-5.75,6.66
-3.46,-5.75,6.66
-3.26,-6.31,7.07
-3.26,-6.31,7.07
-3.26,-6.31,7.07
-3.31,-5.58,6.84
-3.31,-5.58,6.84
-3.31,-5.58,6.84
-3.58,-6.22,6.97
-3.58,-6.22,6.97
-3.58,-6.22,6.97
-3.71,-5.99,6.93
-3.84,-6.24,6.92
-3.84,-6.24,6.92
-3.47,-6.52,7.08
-3.47,-6.52,7.08
-3.47,-6.52,7.08
-3.3,-6.0,6.64
-3.3,-6.0,6.64
-3.3,-6.0,6.64
-3.44,-5.89,6.55
-3.32,-6.0,6.44
-3.32,-6.0,6.44
-3.45,-6.13,6.38
-3.45,-6.13,6.38
-3.45,-6.13,6.38
-3.34,-6.2,6.52
-3.34,-6.2,6.52
-3.34,-6.2,6.52
-3.5,-5.74,6.59
-3.5,-5.74,6.59
-3.5,-5.74,6.59
-3.4,-6.26,6.65
-3.4,-6.26,6.65
-3.4,-6.26,6.65
-3.42,-6.85,6.87
-3.42,-6.85,6.87
-3.42,-6.85,6.87
-3.4,-6.6,6.67
-3.4,-6.6,6.67
-3.4,-6.6,6.67
-3.08,-6.47,6.66
-3.08,-6.47,6.66
-3.08,-6.47,6.66
-2.84,-8.0,6.8
-2.84,-8.0,6.8
-2.35,-8.26,6.55
-2.15,-6.91,6.36
-2.15,-6.91,6.36
-2.15,-6.91,6.36
-2.09,-8.13,7.84
-2.09,-8.13,7.84
-2.09,-8.13,7.84
-1.81,-7.76,6.76
-1.81,-7.76,6.76
-1.81,-7.76,6.76
-1.75,-6.83,6.6
-1.75,-6.83,6.6
-1.91,-7.1,6.63
-1.55,-7.55,7.02
-1.55,-7.55,7.02
-1.55,-7.55,7.02
-2.03,-7.53,6.43
-2.03,-7.53,6.43
-2.03,-7.53,6.43
-2.01,-7.02,6.0
-2.01,-7.02,6.0
-2.15,-7.87,6.09
-2.24,-8.57,6.15
-2.24,-8.57,6.15
-2.09,-8.6,6.3
-2.02,-7.38,5.33
-2.02,-7.38,5.33
-2.02,-7.38,5.33
-1.62,-8.19,5.89
-1.62,-8.19,5.89
-1.62,-8.19,5.89
-1.4,-8.68,5.95
-1.4,-8.68,5.95
-1.4,-8.68,5.95
-1.06,-8.16,5.2
-0.84,-8.7,5.72
-0.84,-8.7,5.72
-0.91,-8.16,4.97
-0.91,-8.16,4.97
-0.91,-8.16,4.97
-1.2,-8.61,4.74
-1.2,-8.61,4.74
-1.2,-8.61,4.74
-1.17,-9.63,4.91
-1.17,-9.63,4.91
-0.88,-9.26,4.9
-0.58,-9.48,4.73
-0.58,-9.48,4.73
-1.08,-9.92,4.4
-1.57,-9.53,4.46
-1.57,-9.53,4.46
-1.57,-9.53,4.46
-1.77,-9.53,3.18
-1.77,-9.53,3.18
-1.77,-9.53,3.18
-1.45,-9.71,3.63
-1.45,-9.71,3.63
-1.45,-9.71,3.63
-1.68,-9.18,2.84
-1.51,-9.25,2.76
-1.51,-9.25,2.76
-1.02,-9.46,2.29
-1.02,-9.46,2.29
-1.02,-9.46,2.29
-1.44,-9.46,1.71
-1.44,-9.46,1.71
-1.44,-9.46,1.71
-0.85,-9.93,1.53
-0.85,-9.93,1.53
-0.85,-9.93,1.53
-1.17,-9.84,1.09
-1.17,-9.84,1.09
-1.03,-9.42,0.68
-0.36,-10.12,0.12
-0.36,-10.12,0.12
-0.36,-10.12,0.12
-0.16,-9.91,-0.14
-0.16,-9.91,-0.14
-0.16,-9.91,-0.14
0.11,-9.2,-0.52
0.11,-9.2,-0.52
0.11,-9.2,-0.52
0.15,-9.15,-0.56
0.0,-9.16,-0.57
0.0,-9.16,-0.57
-0.17,-5.53,-10.67
-0.17,-5.53,-10.67
-0.17,-5.53,-10.67
1.48,-7.09,-4.08
1.48,-7.09,-4.08
1.48,-7.09,-4.08
1.02,-8.15,-3.48
1.02,-8.15,-3.48
1.02,-8.15,-3.48
1.33,-7.7,-3.99
1.33,-7.7,-3.99
1.63,-7.76,-4.15
1.48,-8.19,-4.06
1.48,-8.19,-4.06
2.01,-7.31,-4.7
2.01,-7.31,-4.7
2.01,-7.31,-4.7
2.18,-6.99,-4.85
2.18,-6.99,-4.85
2.18,-6.99,-4.85
2.16,-6.95,-4.64
2.07,-6.94,-4.77
2.07,-6.94,-4.77
2.47,-6.7,-5.4
2.47,-6.7,-5.4
2.47,-6.7,-5.4
2.59,-5.85,-5.29
2.59,-5.85,-5.29
2.59,-5.85,-5.29
2.21,-5.81,-5.25
2.21,-5.81,-5.25
2.46,-6.0,-5.24
2.46,-6.05,-5.32
2.46,-6.05,-5.32
2.46,-6.05,-5.32
2.71,-5.86,-5.58
2.71,-5.86,-5.58
2.71,-5.86,-5.58
2.77,-5.69,-6.14
2.77,-5.69,-6.14
2.77,-5.69,-6.14
2.93,-6.79,-5.27
2.93,-6.79,-5.27
2.93,-6.79,-5.27
3.06,-6.23,-5.89
3.06,-6.23,-5.89
3.29,-6.11,-6.14
3.17,-6.27,-5.92
3.17,-6.27,-5.92
3.17,-6.27,-5.92
3.14,-6.62,-6.16
3.14,-6.62,-6.16
3.14,-6.62,-6.16
2.06,-5.45,-6.68
2.06,-5.45,-6.68
2.06,-5.45,-6.68
3.12,-5.34,-6.55
3.12,-5.34,-6.55
3.12,-5.34,-6.55
2.98,-6.52,-6.41
2.98,-6.52,-6.41
2.98,-6.52,-6.41
2.65,-7.13,-5.86
2.65,-7.13,-5.86
2.65,-7.13,-5.86
2.92,-7.12,-6.11
3.0,-6.83,-5.95
3.0,-6.83,-5.95
2.35,-6.16,-6.04
2.27,-6.89,-6.24
2.27,-6.89,-6.24
2.18,-6.86,-6.36
2.18,-6.86,-6.36
2.18,-6.86,-6.36
2.58,-7.1,-5.75
2.58,-7.1,-5.75
2.37,-6.58,-6.0
2.37,-6.58,-6.0
2.37,-6.58,-6.0
2.15,-7.95,-5.89
2.15,-7.95,-5.89
2.15,-7.95,-5.89
1.88,-6.59,-6.19
1.88,-6.59,-6.19
1.88,-6.59,-6.19
2.13,-7.26,-6.06
2.13,-7.26,-6.06
2.13,-7.26,-6.06
2.34,-7.17,-5.84
2.34,-7.17,-5.84
2.49,-7.24,-5.77
2.28,-7.11,-6.28
2.27,-7.05,-6.46
2.27,-7.05,-6.46
2.32,-8.16,-5.87
2.32,-8.16,-5.87
2.32,-8.16,-5.87
2.09,-7.35,-6.12
2.09,-7.35,-6.12
2.09,-7.35,-6.12
2.05,-7.23,-6.04
2.05,-7.23,-6.04
2.05,-7.23,-6.04
2.11,-6.85,-6.07
2.27,-6.74,-5.88
2.27,-6.74,-5.88
2.13,-6.84,-6.07
2.13,-6.84,-6.07
2.13,-6.84,-6.07
2.2,-7.01,-6.06
2.2,-7.01,-6.06
2.2,-7.01,-6.06
1.98,-7.07,-5.97
1.98,-7.07,-5.97
1.87,-6.92,-6.02
1.91,-7.11,-6.32
1.91,-7.11,-6.32
1.91,-7.11,-6.32
1.98,-6.92,-6.08
1.98,-6.92,-6.08
1.98,-6.92,-6.08
2.13,-6.9,-6.12
2.13,-6.9,-6.12
2.13,-6.9,-6.12
1.84,-7.16,-6.09
1.84,-7.16,-6.09
1.91,-7.05,-6.12
1.99,-6.74,-6.3
1.99,-6.74,-6.3
1.99,-6.74,-6.3
1.89,-6.79,-6.22
1.89,-6.79,-6.22
1.89,-6.79,-6.22
1.69,-6.75,-6.23
1.69,-6.75,-6.23
1.69,-6.75,-6.23
1.83,-7.21,-6.19
1.83,-7.21,-6.19
1.93,-7.03,-6.19
2.03,-7.02,-6.1
2.03,-7.02,-6.1
2.03,-7.02,-6.1
1.92,-6.77,-6.13
1.92,-6.77,-6.13
1.92,-6.77,-6.13
2.1,-7.22,-5.91
2.1,-7.22,-5.91
2.1,-7.22,-5.91
1.97,-6.96,-5.94
1.81,-6.9,-6.15
1.81,-6.9,-6.15
1.86,-6.8,-6.25
1.86,-6.8,-6.25
1.86,-6.8,-6.25
1.98,-6.96,-6.12
1.98,-6.96,-6.12
1.98,-6.96,-6.12
1.97,-7.24,-5.96
1.97,-7.24,-5.96
1.97,-7.24,-5.96
1.96,-6.91,-6.08
1.96,-6.91,-6.08
1.98,-7.0,-6.21
1.86,-6.89,-6.08
1.86,-6.89,-6.08
1.86,-6.89,-6.08
1.78,-7.04,-6.1
1.78,-7.04,-6.1
1.78,-7.04,-6.1
1.85,-6.71,-5.97
1.85,-6.71,-5.97
1.85,-6.71,-5.97
2.1,-6.74,-6.1
2.1,-6.74,-6.1
2.1,-6.74,-6.1
1.81,-7.56,-6.02
1.81,-7.56,-6.02
1.81,-7.56,-6.02
1.65,-6.91,-5.98
1.65,-6.91,-5.98
1.65,-6.91,-5.98
1.65,-7.2,-5.88
1.65,-7.2,-5.88
1.71,-6.72,-6.04
1.92,-7.12,-5.82
1.92,-7.12,-5.82
1.5,-6.98,-5.94
1.5,-6.98,-5.94
1.5,-6.98,-5.94
1.69,-7.81,-5.62
1.69,-7.81,-5.62
1.69,-7.81,-5.62
1.46,-6.71,-5.8
1.46,-6.71,-5.8
1.7,-6.66,-5.68
1.6,-7.35,-5.8
1.6,-7.35,-5.8
1.6,-7.35,-5.8
1.28,-7.5,-6.13
1.28,-7.5,-6.13
1.28,-7.5,-6.13
1.45,-7.83,-5.72
1.45,-7.83,-5.72
1.45,-7.83,-5.72
1.7,-6.54,-5.65
1.7,-6.54,-5.65
1.7,-6.54,-5.65
1.31,-7.42,-5.8
1.31,-7.42,-5.8
1.31,-7.42,-5.8
1.41,-7.13,-5.67
1.41,-7.13,-5.67
1.27,-7.42,-5.57
1.27,-7.42,-5.57
1.27,-7.42,-5.57
0.45,-6.37,-5.96
0.45,-6.37,-5.96
0.45,-6.37,-5.96
1.39,-7.18,-4.88
1.39,-7.18,-4.88
1.39,-7.18,-4.88
0.44,-6.79,-5.2
0.44,-6.79,-5.2
0.44,-6.79,-5.2
1.86,-7.92,-5.19
1.86,-7.92,-5.19
1.86,-7.92,-5.19
1.77,-7.01,-5.62
1.77,-7.01,-5.62
1.77,-7.01,-5.62
1.94,-8.58,-4.49
1.94,-8.58,-4.49
1.94,-8.58,-4.49
1.84,-7.11,-5.29
1.84,-7.11,-5.29
1.84,-7.11,-5.29
2.67,-7.65,-4.99
2.67,-7.65,-4.99
2.67,-7.65,-4.99
2.16,-9.19,-4.77
2.16,-9.19,-4.77
2.16,-9.19,-4.77
2.43,-8.94,-5.0
2.43,-8.94,-5.0
3.32,-9.08,-5.19
2.74,-8.5,-4.86
2.74,-8.5,-4.86
2.74,-8.5,-4.86
2.13,-8.68,-4.8
2.13,-8.68,-4.8
2.13,-8.68,-4.8
2.57,-7.18,-5.08
2.57,-7.18,-5.08
2.57,-7.18,-5.08
2.28,-7.61,-4.82
2.28,-7.61,-4.82
2.28,-7.61,-4.82
0.63,-8.04,-5.34
0.63,-8.04,-5.34
0.63,-8.04,-5.34
1.61,-9.3,-4.96
1.61,-9.3,-4.96
1.61,-9.3,-4.96
2.2,-8.72,-4.99
2.2,-8.72,-4.99
2.2,-8.72,-4.99
0.34,-7.53,-5.73
0.75,-6.22,-5.21
0.75,-6.22,-5.21
1.47,-8.1,-4.79
1.47,-8.1,-4.79
1.47,-8.1,-4.79
2.19,-9.49,-4.96
2.19,-9.49,-4.96
2.19,-9.49,-4.96
0.3,-7.33,-5.25
0.3,-7.33,-5.25
0.3,-7.33,-5.25
1.17,-6.74,-4.57
1.17,-6.74,-4.57
0.99,-6.81,-4.63
3.04,-8.03,-5.73
3.04,-8.03,-5.73
3.04,-8.03,-5.73
0.97,-8.61,-5.56
0.97,-8.61,-5.56
0.97,-8.61,-5.56
0.08,-8.23,-4.9
0.08,-8.23,-4.9
0.51,-8.07,-5.45
-0.22,-7.83,-6.0
-0.08,-7.57,-6.23
-0.08,-7.57,-6.23
1.01,-8.95,-6.21
1.01,-8.95,-6.21
1.01,-8.95,-6.21
2.16,-6.61,-6.68
2.16,-6.61,-6.68
2.16,-6.61,-6.68
1.91,-6.97,-6.17
1.91,-6.97,-6.17
1.91,-6.97,-6.17
0.89,-5.9,-6.61
0.89,-5.9,-6.61
0.89,-5.9,-6.61
0.24,-6.73,-6.54
0.24,-6.73,-6.54
0.24,-6.73,-6.54
0.91,-6.49,-6.1
0.91,-6.49,-6.1
0.91,-6.49,-6.1
-0.13,-4.86,-6.85
-0.13,-4.86,-6.85
1.24,-5.98,-6.24
0.68,-6.62,-5.87
-0.62,-4.98,-6.28
-0.62,-4.98,-6.28
0.54,-7.5,-7.14
0.54,-7.5,-7.14
0.54,-7.5,-7.14
0.68,-5.84,-6.53
0.68,-5.84,-6.53
0.68,-5.84,-6.53
0.45,-6.44,-6.62
0.45,-6.44,-6.62
-0.29,-6.5,-6.98
0.67,-5.84,-6.54
0.67,-5.84,-6.54
0.67,-5.84,-6.54
-1.4,-5.81,-7.08
-1.4,-5.81,-7.08
-1.4,-5.81,-7.08
0.72,-8.29,-5.85
0.72,-8.29,-5.85
0.72,-8.29,-5.85
-0.46,-5.43,-6.84
-0.46,-5.43,-6.84
-1.3,-7.54,-6.46
-0.89,-6.24,-6.1
-0.89,-6.24,-6.1
-0.89,-6.24,-6.1
-0.62,-6.03,-6.51
-0.62,-6.03,-6.51
-0.62,-6.03,-6.51
-0.8,-8.13,-6.76
-0.8,-8.13,-6.76
-0.8,-8.13,-6.76
-0.17,-5.75,-6.58
-0.17,-5.75,-6.58
-0.17,-5.75,-6.58
-0.46,-6.99,-6.2
-0.46,-6.99,-6.2
-0.69,-7.4,-6.1
-0.69,-7.4,-6.1
-0.69,-7.4,-6.1
-0.39,-6.67,-6.48
-0.39,-6.67,-6.48
-0.39,-6.67,-6.48
-2.13,-6.88,-7.53
-2.13,-6.88,-7.53
-1.19,-6.45,-6.83
-0.42,-6.86,-6.85
-0.42,-6.86,-6.85
-0.42,-6.86,-6.85
-0.82,-6.57,-6.52
-0.82,-6.57,-6.52
-0.82,-6.57,-6.52
-1.22,-5.85,-6.58
-1.22,-5.85,-6.58
-1.22,-5.85,-6.58
-1.46,-5.78,-6.57
-1.27,-5.78,-6.65
-1.27,-5.78,-6.65
-0.86,-6.0,-7.08
-0.86,-6.0,-7.08
-0.86,-6.0,-7.08
-1.11,-5.78,-6.86
-1.11,-5.78,-6.86
-1.11,-5.78,-6.86
-0.81,-4.9,-6.56
-0.81,-4.9,-6.56
-0.81,-4.9,-6.56
-0.37,-5.87,-7.05
-0.37,-5.87,-7.05
-0.37,-5.87,-7.05
-0.81,-4.93,-7.65
-0.81,-4.93,-7.65
-0.81,-4.93,-7.65
-0.58,-5.62,-7.22
-0.58,-5.62,-7.22
-0.58,-5.62,-7.22
-0.67,-5.42,-6.8
-0.67,-5.42,-6.8
-0.67,-5.42,-6.8
-0.34,-5.23,-7.24
-0.34,-5.23,-7.24
-0.34,-5.23,-7.24
-0.29,-6.25,-7.85
-0.29,-6.25,-7.85
-0.29,-6.25,-7.85
-0.11,-6.86,-7.16
-0.11,-6.86,-7.16
-0.11,-6.86,-7.16
-1.07,-5.13,-7.11
-1.07,-5.13,-7.11
-1.07,-5.13,-7.11
-0.83,-6.23,-7.38
-0.83,-6.23,-7.38
-0.83,-6.23,-7.38
-0.34,-6.44,-7.37
-0.34,-6.44,-7.37
-0.34,-6.44,-7.37
-0.78,-5.42,-7.48
-0.78,-5.42,-7.48
-0.78,-5.42,-7.48
-0.12,-5.55,-7.14
-0.12,-5.55,-7.14
-0.12,-5.55,-7.14
-0.21,-5.69,-7.23
-0.21,-5.69,-7.23
0.12,-5.71,-7.22
-1.07,-4.92,-7.46
-1.07,-4.92,-7.46
-1.07,-4.92,-7.46
-0.01,-5.67,-7.17
-0.01,-5.67,-7.17
-0.01,-5.67,-7.17
-0.91,-5.68,-7.45
-0.91,-5.68,-7.45
-0.91,-5.68,-7.45
-0.46,-5.63,-7.21
-0.46,-5.63,-7.21
-1.18,-5.8,-7.48
-0.04,-5.56,-7.14
-0.04,-5.56,-7.14
-0.04,-5.56,-7.14
-0.83,-5.99,-7.71
-0.83,-5.99,-7.71
-0.83,-5.99,-7.71
-0.27,-6.05,-7.24
-0.27,-6.05,-7.24
-0.27,-6.05,-7.24
-0.68,-5.56,-7.46
-0.68,-5.56,-7.46
-0.46,-5.4,-7.19
-1.36,-5.48,-7.49
-1.36,-5.48,-7.49
-1.36,-5.48,-7.49
0.29,-4.91,-7.24
0.29,-4.91,-7.24
0.29,-4.91,-7.24
-1.04,-5.85,-7.87
-1.04,-5.85,-7.87
-1.04,-5.85,-7.87
-1.29,-5.45,-7.54
-1.29,-5.45,-7.54
-1.29,-5.45,-7.54
-0.16,-5.39,-7.21
-0.16,-5.39,-7.21
-0.16,-5.39,-7.21
-1.08,-5.98,-7.52
-1.08,-5.98,-7.52
-1.08,-5.98,-7.52
-0.5,-5.12,-7.4
-0.5,-5.12,-7.4
-0.5,-5.12,-7.4
-0.68,-5.63,-7.79
-0.68,-5.63,-7.79
-0.46,-5.32,-7.79
-0.69,-5.39,-7.13
-0.69,-5.39,-7.13
-0.69,-5.39,-7.13
-1.19,-5.95,-7.18
-1.19,-5.95,-7.18
-1.19,-5.95,-7.18
-0.34,-4.99,-7.39
-0.34,-4.99,-7.39
-0.34,-4.99,-7.39
-0.58,-5.44,-7.56
-0.58,-5.44,-7.56
-0.51,-5.43,-7.49
-1.1,-5.39,-7.52
-1.1,-5.39,-7.52
-1.1,-5.39,-7.52
-0.09,-5.16,-7.7
-0.09,-5.16,-7.7
-0.09,-5.16,-7.7
-0.76,-5.42,-7.52
-0.76,-5.42,-7.52
-0.76,-5.42,-7.52
-0.4,-5.12,-7.54
-0.4,-5.12,-7.54
-0.92,-5.6,-7.54
-0.88,-5.96,-7.56
-0.88,-5.96,-7.56
-0.88,-5.96,-7.56
-0.58,-5.23,-7.73
-0.58,-5.23,-7.73
-0.58,-5.23,-7.73
-0.46,-5.5,-7.51
-0.46,-5.5,-7.51
-0.46,-5.5,-7.51
-0.6,-5.05,-7.48
-0.6,-5.05,-7.48
-0.78,-5.1,-7.43
-0.76,-5.28,-7.4
-0.76,-5.28,-7.4
-0.76,-5.28,-7.4
-0.6,-5.33,-7.62
-0.6,-5.33,-7.62
-0.6,-5.33,-7.62
-0.42,-5.43,-7.67
-0.42,-5.43,-7.67
-0.42,-5.43,-7.67
-0.68,-5.37,-7.55
-0.68,-5.37,-7.55
-0.6,-5.22,-7.59
-0.44,-4.98,-7.48
-0.44,-4.98,-7.48
-0.44,-4.98,-7.48
-0.57,-5.47,-7.65
-0.57,-5.47,-7.65
-0.64,-5.24,-7.69
-0.64,-5.24,-7.69
-0.46,-5.2,-7.63
-0.65,-5.57,-7.64
-0.83,-5.49,-7.66
-0.33,-4.9,-7.46
-0.33,-4.9,-7.46
-0.33,-4.9,-7.46
-0.63,-5.15,-7.7
-0.63,-5.15,-7.7
-0.63,-5.15,-7.7
-0.48,-5.54,-7.64
-0.48,-5.54,-7.64
-0.48,-5.54,-7.64
-0.51,-5.05,-7.8
-0.51,-5.05,-7.8
-0.54,-5.32,-7.61
-0.64,-5.04,-7.5
-0.64,-5.04,-7.5
-0.64,-5.04,-7.5
-0.45,-5.27,-7.37
-0.45,-5.27,-7.37
-0.45,-5.27,-7.37
-0.71,-5.1,-7.85
-0.46,-5.41,-7.84
-0.46,-5.41,-7.84
-0.58,-5.35,-7.64
-0.58,-5.35,-7.64
-0.58,-5.35,-7.64
-0.59,-5.05,-7.65
-0.59,-5.05,-7.65
-0.59,-5.05,-7.65
-0.41,-5.27,-7.51
-0.41,-5.27,-7.51
-0.41,-5.27,-7.51
-0.53,-5.04,-7.73
-0.33,-5.35,-7.59
-0.33,-5.35,-7.59
-0.71,-5.3,-7.73
-0.71,-5.3,-7.73
-0.71,-5.3,-7.73
-0.39,-5.21,-7.64
-0.39,-5.21,-7.64
-0.39,-5.21,-7.64
-0.56,-4.91,-7.48
-0.56,-4.91,-7.48
-0.56,-4.91,-7.48
-0.58,-5.3,-7.55
-0.46,-5.23,-7.51
-0.46,-5.23,-7.51
-0.47,-5.31,-7.82
-0.47,-5.31,-7.82
-0.47,-5.31,-7.82
-0.54,-5.4,-7.67
-0.54,-5.4,-7.67
-0.54,-5.4,-7.67
-0.54,-5.16,-7.63
-0.54,-5.16,-7.63
-0.54,-5.16,-7.63
-0.25,-4.81,-7.5
-0.57,-5.04,-7.62
-0.57,-5.04,-7.62
-0.75,-5.35,-7.67
-0.4,-5.21,-7.71
-0.4,-5.21,-7.71
-0.37,-5.43,-7.82
-0.37,-5.43,-7.82
-0.37,-5.43,-7.82
-0.49,-4.98,-7.72
-0.49,-4.98,-7.72
-0.49,-4.98,-7.72
-0.44,-5.14,-7.79
-0.44,-5.14,-7.79
-0.44,-5.14,-7.79
-0.52,-5.25,-7.62
-0.52,-5.25,-7.62
-0.52,-5.25,-7.62
-0.64,-5.19,-7.77
-0.64,-5.19,-7.77
-0.64,-5.19,-7.77
-0.55,-5.28,-7.61
-0.55,-5.28,-7.61
-0.56,-4.83,-7.63
-0.56,-4.83,-7.63
-0.56,-4.83,-7.63
-0.63,-5.37,-7.8
-0.63,-5.37,-7.8
-0.63,-5.37,-7.8
-0.55,-5.36,-7.77
-0.55,-5.36,-7.77
-0.55,-5.36,-7.77
-0.34,-4.9,-7.62
-0.34,-4.9,-7.62
-0.34,-4.9,-7.62
-0.51,-5.2,-7.87
-0.51,-5.2,-7.87
-0.51,-5.2,-7.87
-0.78,-5.01,-7.79
-0.78,-5.01,-7.79
-0.78,-5.01,-7.79
-0.06,-4.86,-7.66
-0.06,-4.86,-7.66
-0.06,-4.86,-7.66
-0.47,-5.07,-7.71
-0.47,-5.07,-7.71
-0.47,-5.07,-7.71
-0.35,-5.25,-7.79
-0.35,-5.25,-7.79
-0.35,-5.25,-7.79
-0.35,-4.94,-7.77
-0.35,-4.94,-7.77
-0.35,-4.94,-7.77
-0.38,-5.05,-7.61
-0.38,-5.05,-7.61
-0.38,-5.05,-7.61
-0.52,-5.04,-7.72
-0.52,-5.04,-7.72
-0.52,-5.04,-7.72
-0.5,-5.32,-7.78
-0.5,-5.32,-7.78
-0.5,-5.32,-7.78
-0.21,-5.28,-7.69
-0.21,-5.28,-7.69
-0.21,-5.28,-7.69
-0.58,-5.24,-7.82
-0.58,-5.24,-7.82
-0.58,-5.24,-7.82
-0.35,-5.14,-7.58
-0.35,-5.14,-7.58
-0.35,-5.14,-7.58
-0.47,-5.01,-7.96
-0.47,-5.01,-7.96
-0.47,-5.01,-7.96
-0.61,-5.04,-7.71
-0.61,-5.04,-7.71
-0.61,-5.04,-7.71
-0.41,-4.95,-7.73
-0.41,-4.95,-7.73
-0.41,-4.95,-7.73
-0.52,-5.04,-7.75
-0.52,-5.04,-7.75
-0.52,-5.04,-7.75
-0.34,-5.29,-7.85
-0.34,-5.29,-7.85
-0.58,-5.13,-7.84
-0.23,-4.82,-7.57
-0.23,-4.82,-7.57
-0.23,-4.82,-7.57
-0.58,-4.88,-7.81
-0.58,-4.88,-7.81
-0.58,-4.88,-7.81
-0.38,-5.12,-7.75
-0.38,-5.12,-7.75
-0.38,-5.12,-7.75
-0.53,-5.15,-7.83
-0.53,-5.15,-7.83
-0.71,-5.21,-7.89
-0.22,-4.87,-7.69
-0.22,-4.87,-7.69
-0.22,-4.87,-7.69
-0.76,-5.1,-7.82
-0.76,-5.1,-7.82
-0.76,-5.1,-7.82
-0.12,-4.89,-7.51
-0.12,-4.89,-7.51
-0.12,-4.89,-7.51
-0.68,-5.12,-7.95
-0.68,-5.12,-7.95
-0.61,-5.23,-7.88
-0.61,-5.23,-7.88
-0.61,-5.23,-7.88
-0.2,-4.7,-7.58
-0.2,-4.7,-7.58
-0.2,-4.7,-7.58
-0.53,-4.9,-7.54
-0.53,-4.9,-7.54
-0.53,-4.9,-7.54
-0.56,-5.41,-7.97
-0.56,-5.41,-7.97
-0.21,-5.37,-7.84
-0.39,-5.45,-7.96
-0.39,-5.45,-7.96
-0.39,-5.45,-7.96
-0.17,-4.85,-7.77
-0.17,-4.85,-7.77
-0.17,-4.85,-7.77
-0.51,-5.1,-7.8
-0.51,-5.1,-7.8
-0.4,-5.23,-7.86
-0.34,-5.06,-7.59
-0.34,-5.06,-7.59
-0.68,-5.21,-7.56
-0.32,-4.91,-7.74
-0.32,-4.91,-7.74
-0.32,-4.91,-7.74
-0.33,-5.31,-7.75
-0.33,-5.31,-7.75
-0.33,-5.31,-7.75
-0.58,-5.34,-7.8
-0.58,-5.34,-7.8
-0.53,-5.25,-7.68
-0.31,-4.88,-7.53
-0.25,-4.86,-7.59
-0.25,-4.86,-7.59
-0.44,-5.34,-7.8
-0.44,-5.34,-7.8
-0.44,-5.34,-7.8
-0.37,-5.07,-7.8
-0.37,-5.07,-7.8
-0.37,-5.07,-7.8
-0.42,-5.04,-7.83
-0.42,-5.04,-7.83
-0.52,-4.85,-7.8
-0.41,-5.09,-7.59
-0.41,-5.09,-7.59
-0.16,-5.04,-7.61
-0.72,-5.23,-7.83
-0.72,-5.23,-7.83
-0.72,-5.23,-7.83
-0.1,-4.95,-7.68
-0.1,-4.95,-7.68
-0.1,-4.95,-7.68
-0.45,-5.36,-7.85
-0.45,-5.36,-7.85
-0.14,-5.0,-7.78
-0.31,-5.3,-7.94
-0.31,-5.3,-7.94
-0.31,-5.3,-7.94
-0.37,-4.85,-7.57
-0.37,-4.85,-7.57
-0.37,-4.85,-7.57
-0.7,-5.53,-7.69
-0.7,-5.53,-7.69
-0.7,-5.53,-7.69
-0.43,-5.1,-7.61
-0.43,-5.1,-7.61
-0.38,-5.18,-7.79
-0.4,-5.3,-7.87
-0.4,-5.3,-7.87
-0.44,-4.98,-7.78
-0.31,-5.19,-7.7
-0.31,-5.19,-7.7
-0.31,-5.19,-7.7
-0.52,-5.02,-7.76
-0.52,-5.02,-7.76
-0.52,-5.02,-7.76
-0.27,-5.07,-7.64
-0.27,-5.07,-7.64
-0.27,-5.07,-7.64
-0.21,-5.06,-7.61
-0.21,-5.06,-7.61
-0.31,-5.04,-7.88
-0.31,-5.04,-7.88
-0.31,-5.04,-7.88
-0.2,-5.04,-7.48
-0.2,-5.04,-7.48
-0.2,-5.04,-7.48
-0.53,-5.45,-7.99
-0.53,-5.45,-7.99
-0.26,-5.46,-7.67
-0.32,-5.05,-7.73
-0.32,-5.05,-7.73
-0.32,-5.05,-7.73
-0.33,-5.14,-7.64
-0.33,-5.14,-7.64
-0.33,-5.14,-7.64
-0.35,-5.1,-7.8
-0.35,-5.1,-7.8
-0.35,-5.1,-7.8
-0.42,-5.54,-7.66
-0.41,-5.22,-7.49
-0.41,-5.22,-7.49
-0.35,-5.02,-7.68
-0.35,-5.02,-7.68
-0.68,-5.49,-7.75
-0.36,-5.03,-7.59
-0.36,-5.03,-7.59
-0.36,-5.03,-7.59
-0.27,-4.74,-7.72
-0.27,-4.74,-7.72
-0.27,-4.74,-7.72
-0.48,-5.03,-7.69
-0.48,-5.03,-7.69
-0.48,-5.03,-7.69
-0.45,-5.49,-7.67
-0.45,-5.49,-7.67
-0.45,-5.49,-7.67
-0.19,-4.66,-7.61
-0.19,-4.66,-7.61
-0.19,-4.66,-7.61
-0.45,-5.28,-7.89
-0.45,-5.28,-7.89
-0.45,-5.28,-7.89
-0.09,-5.08,-7.72
-0.09,-5.08,-7.72
-0.09,-5.08,-7.72
-0.24,-5.08,-7.51
-0.24,-5.08,-7.51
-0.24,-5.08,-7.51
-0.62,-5.17,-7.8
-0.62,-5.17,-7.8
-0.62,-5.17,-7.8
-0.22,-4.88,-7.6
-0.22,-4.88,-7.6
-0.22,-4.88,-7.6
-0.68,-5.32,-7.68
-0.68,-5.32,-7.68
-0.68,-5.32,-7.68
-0.4,-5.38,-7.6
-0.4,-5.38,-7.6
-0.4,-5.38,-7.6
-0.41,-5.29,-7.84
-0.41,-5.29,-7.84
-0.41,-5.29,-7.84
-0.17,-4.59,-7.44
-0.17,-4.59,-7.44
-0.17,-4.59,-7.44
-0.47,-5.52,-7.79
-0.47,-5.52,-7.79
-0.47,-5.52,-7.79
-0.43,-5.17,-7.6
-0.43,-5.17,-7.6
-0.43,-5.17,-7.6
-0.5,-5.19,-7.76
-0.5,-5.19,-7.76
-0.43,-5.27,-7.62
-0.43,-5.27,-7.62
-0.43,-5.27,-7.62
-0.4,-5.21,-7.82
-0.4,-5.21,-7.82
-0.4,-5.21,-7.82
-0.3,-4.94,-7.53
-0.03,-4.95,-7.41
-0.03,-4.95,-7.41
-0.94,-5.42,-7.81
-0.94,-5.42,-7.81
-0.94,-5.42,-7.81
-0.11,-5.26,-7.48
-0.11,-5.26,-7.48
-0.11,-5.26,-7.48
-0.14,-5.07,-7.53
-0.14,-5.07,-7.53
-0.14,-5.07,-7.53
-0.44,-5.18,-7.83
-0.44,-5.18,-7.83
-0.44,-5.18,-7.83
-0.31,-5.53,-7.68
-0.31,-5.53,-7.68
-0.31,-5.53,-7.68
-0.18,-4.91,-7.65
-0.18,-4.91,-7.65
-0.18,-4.91,-7.65
-0.44,-5.26,-7.68
-0.44,-5.26,-7.68
-0.44,-5.26,-7.68
-0.34,-5.17,-7.9
-0.34,-5.17,-7.9
-0.34,-5.17,-7.9
-0.21,-5.3,-7.51
-0.21,-5.3,-7.51
-0.21,-5.3,-7.51
-0.44,-5.41,-7.98
-0.44,-5.41,-7.98
-0.44,-5.41,-7.98
-0.03,-5.1,-7.45
-0.03,-5.1,-7.45
0.0,-4.86,-7.58
-0.69,-5.66,-7.58
-0.69,-5.66,-7.58
-0.69,-5.66,-7.58
-0.11,-4.85,-7.63
-0.11,-4.85,-7.63
-0.11,-4.85,-7.63
-0.42,-5.81,-7.72
-0.42,-5.81,-7.72
-0.42,-5.81,-7.72
-0.28,-4.92,-7.5
-0.28,-4.92,-7.5
-0.52,-5.28,-7.54
-0.34,-4.94,-7.61
-0.34,-4.94,-7.61
-0.34,-4.94,-7.61
-0.42,-5.72,-7.68
-0.42,-5.72,-7.68
-0.42,-5.72,-7.68
-0.38,-5.1,-7.63
-0.38,-5.1,-7.63
-0.33,-5.04,-7.74
-0.31,-5.15,-7.54
-0.31,-5.15,-7.54
-0.47,-5.21,-7.51
-0.23,-5.43,-7.59
-0.23,-5.43,-7.59
-0.23,-5.43,-7.59
0.14,-4.78,-7.91
0.14,-4.78,-7.91
0.14,-4.78,-7.91
-0.2,-6.01,-8.15
-0.2,-6.01,-8.15
-0.2,-6.01,-8.15
0.45,-4.49,-5.55
-20.07,-8.95,-6.94
