aX,aY,aZ
-19.74,0.66,-4.19
15.8,-3.99,-17.39
15.8,-3.99,-17.39
15.8,-3.99,-17.39
5.6,0.98,-10.24
5.6,0.98,-10.24
5.6,0.98,-10.24
3.13,-9.34,-8.82
2.82,-7.34,-8.55
2.82,-7.34,-8.55
1.33,-6.49,-7.2
1.33,-6.49,-7.2
1.33,-6.49,-7.2
-1.69,-6.08,-7.53
-1.69,-6.08,-7.53
-1.69,-6.08,-7.53
0.2,-4.94,-7.0
0.2,-4.94,-7.0
0.2,-4.94,-7.0
0.96,-5.26,-6.92
0.96,-5.26,-6.92
0.52,-4.82,-7.8
1.3,-6.15,-7.74
1.3,-6.15,-7.74
1.3,-6.15,-7.74
1.0,-6.56,-7.31
1.0,-6.56,-7.31
1.0,-6.56,-7.31
0.9,-5.38,-7.91
0.9,-5.38,-7.91
0.9,-5.38,-7.91
0.91,-5.41,-7.18
0.91,-5.41,-7.18
0.91,-5.41,-7.18
1.37,-5.49,-7.42
1.37,-5.49,-7.42
0.69,-6.29,-7.48
0.69,-6.29,-7.48
0.69,-6.29,-7.48
1.07,-5.8,-7.01
1.07,-5.8,-7.01
1.07,-5.8,-7.01
0.92,-6.05,-7.17
0.92,-6.05,-7.17
0.54,-6.47,-7.19
1.08,-5.63,-7.17
1.08,-5.63,-7.17
1.08,-5.63,-7.17
1.42,-6.09,-7.06
1.42,-6.09,-7.06
1.42,-6.09,-7.06
0.68,-6.3,-7.22
0.68,-6.3,-7.22
0.68,-6.3,-7.22
1.19,-5.64,-7.2
1.23,-5.8,-6.97
1.23,-5.8,-6.97
1.47,-6.13,-7.11
1.47,-6.13,-7.11
1.47,-6.13,-7.11
1.14,-6.44,-7.26
1.14,-6.44,-7.26
1.14,-6.44,-7.26
0.98,-6.34,-7.16
0.98,-6.34,-7.16
1.06,-6.49,-7.18
1.03,-6.46,-7.12
1.03,-6.46,-7.12
1.0,-6.44,-7.06
0.93,-5.95,-6.85
0.93,-5.95,-6.85
0.93,-5.95,-6.85
1.11,-6.17,-6.92
1.11,-6.17,-6.92
1.11,-6.17,-6.92
0.81,-6.35,-6.8
0.81,-6.35,-6.8
0.96,-6.07,-6.73
0.99,-5.55,-6.88
0.99,-5.55,-6.88
0.89,-5.68,-7.0
1.09,-6.32,-7.05
1.09,-6.32,-7.05
1.09,-6.32,-7.05
1.46,-5.87,-7.17
1.46,-5.87,-7.17
1.46,-5.87,-7.17
1.47,-6.1,-7.32
1.47,-6.1,-7.32
1.58,-6.37,-7.29
2.06,-6.42,-7.21
2.06,-6.42,-7.21
2.06,-6.42,-7.21
1.8,-6.49,-7.44
1.8,-6.49,-7.44
1.8,-6.49,-7.44
1.93,-6.12,-7.09
1.93,-6.12,-7.09
1.93,-6.12,-7.09
1.56,-5.82,-7.09
1.56,-5.82,-7.09
1.56,-5.82,-7.09
1.59,-5.75,-6.92
1.59,-5.75,-6.92
1.59,-5.75,-6.92
1.41,-5.5,-6.68
1.41,-5.5,-6.68
1.41,-5.5,-6.68
1.25,-5.74,-6.82
1.25,-5.74,-6.82
1.25,-5.74,-6.82
1.72,-6.2,-6.87
1.72,-6.2,-6.87
1.72,-6.2,-6.87
1.43,-5.99,-7.32
1.43,-5.99,-7.32
1.7,-5.95,-7.48
1.7,-5.95,-7.48
1.7,-5.95,-7.48
2.61,-6.18,-7.18
2.61,-6.18,-7.18
2.61,-6.18,-7.18
2.01,-5.1,-6.57
2.01,-5.1,-6.57
2.01,-5.1,-6.57
1.86,-4.04,-5.92
1.86,-4.04,-5.92
1.86,-4.04,-5.92
1.64,-2.06,-5.6
1.64,-2.06,-5.6
1.64,-2.06,-5.6
1.41,-0.2,-3.64
1.41,-0.2,-3.64
1.41,-0.2,-3.64
2.52,-1.2,-1.52
2.52,-1.2,-1.52
2.52,-1.2,-1.52
2.58,-0.8,0.05
2.58,-0.8,0.05
2.58,-0.8,0.05
2.21,-4.57,0.83
2.21,-4.57,0.83
2.21,-4.57,0.83
2.02,-5.08,0.72
2.02,-5.08,0.72
2.02,-5.08,0.72
0.85,-11.76,6.38
0.85,-11.76,6.38
0.85,-11.76,6.38
-1.89,-13.25,5.71
-1.89,-13.25,5.71
-1.89,-13.25,5.71
-3.31,-13.75,6.34
-3.31,-13.75,6.34
-3.31,-13.75,6.34
-4.0,-13.48,7.23
-4.0,-13.48,7.23
-4.0,-13.48,7.23
-4.61,-11.58,6.98
-4.61,-11.58,6.98
-6.58,-10.72,6.36
-4.61,-11.24,7.28
-4.61,-11.24,7.28
-2.86,-10.79,7.13
-3.81,-9.52,6.26
-3.81,-9.52,6.26
-3.81,-9.52,6.26
-2.87,-8.73,6.2
-2.87,-8.73,6.2
-2.87,-8.73,6.2
-2.96,-9.12,5.84
-2.96,-9.12,5.84
-2.96,-9.12,5.84
-3.22,-7.64,5.55
-3.22,-7.64,5.55
-3.22,-7.64,5.55
-4.17,-6.77,5.27
-4.17,-6.77,5.27
-4.17,-6.77,5.27
-5.29,-8.31,5.24
-5.29,-8.31,5.24
-5.29,-8.31,5.24
-4.8,-6.6,4.55
-4.8,-6.6,4.55
-5.39,-7.37,4.64
-2.67,-8.72,5.53
-2.67,-8.72,5.53
-2.67,-8.72,5.53
-2.15,-7.18,4.69
-2.15,-7.18,4.69
-2.15,-7.18,4.69
-2.41,-7.18,5.14
-2.41,-7.18,5.14
-2.41,-7.18,5.14
-2.93,-7.86,5.39
-2.99,-7.51,5.29
-2.99,-7.51,5.29
-4.39,-6.98,4.73
-4.39,-6.98,4.73
-4.39,-6.98,4.73
-4.31,-7.81,4.7
-4.31,-7.81,4.7
-4.31,-7.81,4.7
-4.51,-8.05,4.87
-4.51,-8.05,4.87
-4.53,-7.01,4.19
-4.46,-7.26,4.34
-4.46,-7.26,4.34
-3.42,-7.23,5.8
-3.42,-7.23,5.8
-4.36,-6.13,6.4
-4.36,-6.13,6.4
-4.36,-6.13,6.4
-5.55,-5.88,6.58
-5.55,-5.88,6.58
-5.55,-5.88,6.58
-6.2,-7.19,7.61
-6.2,-7.19,7.61
-5.4,-6.34,7.31
-4.18,-5.48,6.48
-4.18,-5.48,6.48
-4.18,-5.48,6.48
-3.62,-5.95,5.49
-3.62,-5.95,5.49
-3.62,-5.95,5.49
-3.53,-5.68,5.44
-3.53,-5.68,5.44
-3.53,-5.68,5.44
-3.7,-5.41,5.08
-3.7,-5.41,5.08
-3.93,-4.42,4.68
-3.98,-5.06,5.1
-3.98,-5.06,5.1
-3.98,-5.06,5.1
-4.79,-5.46,4.31
-4.79,-5.46,4.31
-4.79,-5.46,4.31
-8.46,-5.16,4.61
-8.46,-5.16,4.61
-8.46,-5.16,4.61
-7.5,-4.01,5.46
-8.44,-4.75,5.82
-8.44,-4.75,5.82
-7.2,-4.13,5.53
-7.2,-4.13,5.53
-7.2,-4.13,5.53
-5.3,-5.54,6.02
-5.3,-5.54,6.02
-5.3,-5.54,6.02
-4.43,-5.41,4.63
-4.43,-5.41,4.63
-4.43,-5.41,4.63
-6.61,-6.38,4.06
-6.61,-6.38,4.06
-8.15,-7.41,4.68
-9.04,-7.63,6.05
-9.04,-7.63,6.05
-9.04,-7.63,6.05
-10.33,-5.37,6.18
-10.33,-5.37,6.18
-10.33,-5.37,6.18
-8.39,-9.46,8.54
-8.39,-9.46,8.54
-8.39,-9.46,8.54
-5.37,-8.9,8.09
-4.53,-7.89,7.86
-4.53,-7.89,7.86
-1.94,-6.15,6.34
-1.94,-6.15,6.34
-1.94,-6.15,6.34
-0.03,-5.67,6.95
-0.03,-5.67,6.95
-0.03,-5.67,6.95
1.32,-4.99,7.11
1.32,-4.99,7.11
1.69,-4.38,7.23
2.77,-3.03,7.18
2.77,-3.03,7.18
2.77,-3.03,7.18
3.63,-2.34,7.53
3.63,-2.34,7.53
3.63,-2.34,7.53
5.33,-1.51,7.36
5.33,-1.51,7.36
5.33,-1.51,7.36
4.83,-1.59,7.19
4.83,-1.59,7.19
5.07,-2.3,7.52
5.42,-3.34,7.81
5.42,-3.34,7.81
5.21,-3.92,7.51
4.71,-4.54,6.95
4.71,-4.54,6.95
4.71,-4.54,6.95
5.8,-6.03,7.95
5.8,-6.03,7.95
5.8,-6.03,7.95
5.95,-6.36,7.21
5.95,-6.36,7.21
5.95,-6.36,7.21
5.16,-8.32,6.12
5.16,-8.32,6.12
5.16,-8.32,6.12
5.46,-7.54,5.65
5.46,-7.54,5.65
5.46,-7.54,5.65
5.54,-7.94,7.0
5.54,-7.94,7.0
5.54,-7.94,7.0
4.85,-8.47,7.51
4.85,-8.47,7.51
4.61,-7.93,7.01
4.36,-7.48,6.46
4.36,-7.48,6.46
3.91,-7.53,6.31
3.26,-7.48,6.06
3.26,-7.48,6.06
3.26,-7.48,6.06
3.16,-6.92,6.14
3.16,-6.92,6.14
3.16,-6.92,6.14
3.44,-7.15,6.7
3.44,-7.03,6.9
3.79,-6.57,6.58
3.79,-6.57,6.58
3.79,-6.57,6.58
4.51,-5.85,6.18
4.51,-5.85,6.18
4.51,-5.85,6.18
5.01,-6.88,6.77
5.01,-6.88,6.77
5.01,-6.88,6.77
5.36,-6.38,6.25
5.36,-6.38,6.25
5.36,-6.38,6.25
4.12,-6.97,5.87
4.12,-6.97,5.87
4.12,-6.97,5.87
3.81,-8.37,5.87
3.81,-8.37,5.87
3.81,-8.37,5.87
3.4,-7.72,4.67
3.4,-7.72,4.67
3.4,-7.72,4.67
2.0,-8.05,4.36
2.0,-8.05,4.36
2.0,-8.05,4.36
1.92,-8.97,3.83
1.92,-8.97,3.83
1.92,-8.97,3.83
1.9,-8.91,3.6
1.9,-8.91,3.6
1.9,-8.91,3.6
3.46,-8.33,4.53
3.46,-8.33,4.53
3.46,-8.33,4.53
4.2,-7.81,4.29
4.2,-7.81,4.29
4.2,-7.64,4.15
3.84,-7.09,4.14
3.84,-7.09,4.14
3.84,-7.09,4.14
3.54,-7.3,4.45
3.54,-7.3,4.45
3.54,-7.3,4.45
3.83,-7.59,4.48
3.83,-7.59,4.48
3.83,-7.59,4.48
3.41,-7.94,4.43
3.37,-8.16,4.5
3.37,-8.16,4.5
3.43,-8.06,4.57
3.43,-8.06,4.57
4.28,-8.39,5.35
4.28,-8.39,5.35
4.28,-8.39,5.35
3.71,-7.87,5.2
3.71,-7.87,5.2
3.71,-7.87,5.2
2.74,-8.33,5.69
2.74,-8.33,5.69
3.71,-7.82,5.77
4.12,-7.32,6.35
4.12,-7.32,6.35
4.12,-7.32,6.35
4.98,-5.55,6.23
4.98,-5.55,6.23
4.98,-5.55,6.23
6.03,-5.64,7.72
6.03,-5.64,7.72
6.03,-5.64,7.72
5.91,-4.41,6.65
5.91,-4.41,6.65
5.21,-4.56,6.82
3.49,-5.53,6.68
3.49,-5.53,6.68
3.49,-5.53,6.68
4.69,-5.6,8.02
4.69,-5.6,8.02
4.69,-5.6,8.02
3.15,-4.62,8.29
3.15,-4.62,8.29
3.15,-4.62,8.29
3.94,-5.76,8.81
3.94,-5.76,8.81
4.06,-5.92,8.76
3.5,-6.61,8.25
3.5,-6.61,8.25
3.5,-6.61,8.25
3.44,-6.13,7.23
3.44,-6.13,7.23
3.44,-6.13,7.23
2.42,-7.16,7.29
2.42,-7.16,7.29
2.42,-7.16,7.29
2.7,-6.4,6.65
2.7,-6.4,6.65
2.7,-6.4,6.65
2.65,-5.53,6.53
2.65,-5.53,6.53
2.65,-5.53,6.53
2.77,-5.95,7.11
2.77,-5.95,7.11
2.77,-5.95,7.11
1.87,-5.33,7.33
1.87,-5.33,7.33
1.87,-5.33,7.33
0.54,-6.39,7.9
0.54,-6.39,7.9
0.54,-6.39,7.9
2.93,-6.26,8.89
2.93,-6.26,8.89
2.93,-6.26,8.89
2.12,-7.37,8.56
2.12,-7.37,8.56
2.12,-7.37,8.56
1.77,-6.73,7.83
1.77,-6.73,7.83
1.95,-6.15,7.72
1.33,-5.67,7.04
1.33,-5.67,7.04
1.33,-5.67,7.04
0.76,-6.25,7.05
0.76,-6.25,7.05
0.76,-6.25,7.05
0.9,-5.25,6.6
0.9,-5.25,6.6
0.9,-5.25,6.6
0.67,-6.37,7.11
0.67,-6.37,7.11
0.35,-6.73,7.04
0.29,-6.05,6.86
0.29,-6.05,6.86
0.29,-6.05,6.86
0.91,-6.51,8.11
0.91,-6.51,8.11
0.91,-6.51,8.11
0.3,-6.83,7.63
0.3,-6.83,7.63
0.3,-6.83,7.63
-0.16,-6.79,7.4
-0.16,-6.79,7.4
-0.16,-6.79,7.4
-0.03,-6.21,7.75
-0.03,-6.21,7.75
-0.47,-6.04,7.59
-0.37,-6.31,7.67
-0.37,-6.31,7.67
-0.37,-6.31,7.67
-0.98,-6.75,8.41
-0.98,-6.75,8.41
-0.98,-6.75,8.41
-1.56,-5.64,8.01
-1.56,-5.64,8.01
-1.56,-5.64,8.01
-1.59,-6.58,8.47
-1.59,-6.58,8.47
-1.69,-6.57,8.35
-1.38,-5.88,8.0
-1.38,-5.88,8.0
-1.38,-5.88,8.0
-1.55,-6.34,8.67
-1.55,-6.34,8.67
-1.55,-6.34,8.67
-2.29,-5.63,8.44
-2.29,-5.63,8.44
-2.35,-5.17,8.17
-2.32,-5.36,8.03
-2.32,-5.36,8.03
-1.32,-6.0,9.5
-1.32,-6.0,9.5
-1.32,-6.0,9.5
-1.56,-7.06,8.9
-1.56,-7.06,8.9
-1.56,-7.06,8.9
-1.78,-5.62,7.82
-1.78,-5.62,7.82
-1.78,-5.62,7.82
-2.93,-5.47,8.17
-2.93,-5.47,8.17
-2.93,-5.47,8.17
-3.0,-6.72,9.44
-3.0,-6.72,9.44
-3.0,-6.72,9.44
-3.46,-7.0,9.92
-3.46,-7.0,9.92
-3.46,-7.0,9.92
-5.25,-5.61,9.99
-5.25,-5.61,9.99
-5.25,-5.61,9.99
-6.52,-5.32,9.93
-6.52,-5.32,9.93
-8.12,-7.3,10.7
-5.92,-7.05,10.17
-5.92,-7.05,10.17
-5.92,-7.05,10.17
-4.23,-5.02,9.4
-4.23,-5.02,9.4
-4.23,-5.02,9.4
-2.22,-4.84,9.5
-2.22,-4.84,9.5
-2.22,-4.84,9.5
-1.42,-4.36,9.13
-1.42,-4.36,9.13
-1.42,-4.36,9.13
-1.42,-4.04,8.62
-1.42,-4.04,8.62
-1.42,-4.04,8.62
-2.09,-4.36,8.27
-2.09,-4.36,8.27
-2.09,-4.36,8.27
-2.1,-4.22,8.23
-2.1,-4.22,8.23
-2.1,-4.22,8.23
-2.61,-3.86,6.74
-2.61,-3.86,6.74
-2.61,-3.86,6.74
-2.51,-3.16,5.75
-2.51,-3.16,5.75
-2.51,-3.16,5.75
-2.05,-3.86,6.01
-2.05,-3.86,6.01
-1.95,-3.55,5.41
-1.95,-3.55,5.41
-1.91,-2.63,4.22
-2.14,-1.98,3.45
-2.14,-1.98,3.45
-2.14,-1.98,3.45
-3.28,-5.19,4.86
-3.28,-5.19,4.86
-3.28,-5.19,4.86
-4.32,-4.42,3.05
-4.32,-4.42,3.05
-4.32,-4.42,3.05
-6.08,-4.15,2.73
-6.08,-4.15,2.73
-6.08,-4.15,2.73
-7.54,-6.46,4.22
-7.54,-6.46,4.22
-7.54,-6.46,4.22
-7.65,-4.99,3.87
-7.65,-4.99,3.87
-7.65,-4.99,3.87
-8.8,-5.21,3.94
-8.8,-5.21,3.94
-8.8,-5.21,3.94
-8.35,-5.26,2.93
-8.35,-5.26,2.93
-8.35,-5.26,2.93
-8.81,-3.97,2.41
-8.81,-3.97,2.41
-8.69,-3.94,2.51
-10.11,-3.68,2.33
-10.11,-3.68,2.33
-10.11,-3.68,2.33
-9.46,-5.36,2.28
-9.46,-5.36,2.28
-9.46,-5.36,2.28
-6.42,-4.98,3.26
-6.42,-4.98,3.26
-7.55,-4.3,2.6
-7.84,-3.06,2.14
-7.84,-3.06,2.14
-7.07,-3.27,2.23
-8.18,-4.83,2.13
-8.18,-4.83,2.13
-8.18,-4.83,2.13
-6.14,-2.66,0.98
-6.14,-2.66,0.98
-6.14,-2.66,0.98
-6.12,-3.87,1.47
-6.12,-3.87,1.47
-6.12,-3.87,1.47
-9.15,-3.45,1.82
-9.15,-3.45,1.82
-9.15,-3.45,1.82
-10.84,-3.73,1.74
-10.84,-3.73,1.74
-10.84,-3.73,1.74
-10.69,-3.29,1.18
-10.69,-3.29,1.18
-10.69,-3.29,1.18
-7.19,-5.37,2.38
-6.65,-6.09,2.7
-6.65,-6.09,2.7
-7.19,-6.03,2.8
-6.91,-6.06,3.34
-6.91,-6.06,3.34
-7.33,-4.35,4.77
-7.33,-4.35,4.77
-7.33,-4.35,4.77
-9.16,-0.1,2.8
-9.16,-0.1,2.8
-9.16,-0.1,2.8
-8.76,-1.61,3.49
-9.03,-0.97,3.62
-9.03,-0.97,3.62
-8.54,-1.44,4.0
-8.54,-1.44,4.0
-8.54,-1.44,4.0
-8.92,-2.65,3.84
-8.92,-2.65,3.84
-8.92,-2.65,3.84
-8.6,-2.28,2.84
-8.6,-2.28,2.84
-8.6,-2.28,2.84
-9.13,-2.84,2.48
-8.62,-2.72,3.36
-8.62,-2.72,3.36
-9.84,-1.47,2.85
-9.84,-1.47,2.85
-9.84,-1.47,2.85
-10.02,-1.45,3.42
-10.02,-1.45,3.42
-10.02,-1.45,3.42
-10.13,-1.34,4.04
-10.13,-1.34,4.04
-10.13,-1.34,4.04
-9.52,-1.73,4.21
-9.52,-1.73,4.21
-9.52,-1.73,4.21
-8.65,-2.51,3.81
-8.65,-2.51,3.81
-8.65,-2.51,3.81
-8.07,-2.88,3.48
-8.07,-2.88,3.48
-8.07,-2.88,3.48
-8.26,-4.15,3.81
-8.26,-4.15,3.81
-8.26,-4.15,3.81
-7.27,-4.28,3.89
-7.27,-4.28,3.89
-6.85,-4.91,4.13
-6.48,-5.05,4.22
-6.18,-4.67,4.2
-6.18,-4.67,4.2
-6.21,-4.41,3.79
-6.21,-4.41,3.79
-6.21,-4.41,3.79
-6.36,-3.68,3.11
-6.36,-3.68,3.11
-6.36,-3.68,3.11
-6.16,-4.25,3.06
-6.16,-4.25,3.06
-6.45,-4.92,3.3
-6.38,-3.82,3.31
-6.38,-3.82,3.31
-6.38,-3.82,3.31
-6.75,-4.15,4.17
-6.75,-4.15,4.17
-6.75,-4.15,4.17
-7.65,-4.15,4.59
-7.65,-4.15,4.59
-7.65,-4.15,4.59
-7.04,-3.82,4.42
-7.0,-3.38,4.18
-7.0,-3.38,4.18
-6.72,-4.42,4.86
-6.72,-4.42,4.86
-6.72,-4.42,4.86
-6.72,-3.8,4.92
-6.72,-3.8,4.92
-6.72,-3.8,4.92
-7.98,-4.41,5.52
-7.98,-4.41,5.52
-7.73,-4.6,4.78
-7.41,-3.84,3.3
-7.41,-3.84,3.3
-7.41,-3.84,3.3
-5.87,-6.13,4.21
-5.87,-6.13,4.21
-5.87,-6.13,4.21
-2.62,-4.05,3.72
-2.62,-4.05,3.72
-2.62,-4.05,3.72
-2.71,-8.29,3.47
-2.71,-8.29,3.47
-2.71,-8.29,3.47
-3.17,-8.95,3.31
-3.06,-6.85,3.19
-3.06,-6.85,3.19
-6.48,-7.14,3.41
-6.48,-7.14,3.41
-6.48,-7.14,3.41
-8.06,-7.63,4.17
-8.06,-7.63,4.17
-8.06,-7.63,4.17
-10.04,-4.22,4.08
-10.04,-4.22,4.08
-10.04,-4.22,4.08
-8.84,-6.51,4.54
-7.84,-6.33,4.22
-5.18,-6.44,4.39
-5.18,-6.44,4.39
-5.18,-6.44,4.39
-5.56,-4.63,3.72
-5.56,-4.63,3.72
-5.56,-4.63,3.72
-5.73,-7.53,4.64
-5.73,-7.53,4.64
-5.83,-7.39,4.34
-5.5,-5.53,4.39
-5.5,-5.53,4.39
-5.5,-5.53,4.39
-5.85,-6.8,4.95
-5.85,-6.8,4.95
-5.85,-6.8,4.95
-5.78,-6.58,4.63
-5.78,-6.58,4.63
-5.78,-6.58,4.63
-5.6,-5.5,4.27
-5.6,-5.5,4.27
-5.6,-5.5,4.27
-5.22,-6.32,4.5
-5.22,-6.32,4.5
-5.22,-6.32,4.5
-5.44,-5.82,4.46
-5.44,-5.82,4.46
-5.44,-5.82,4.46
-5.61,-6.32,4.68
-5.61,-6.32,4.68
-5.61,-6.32,4.68
-5.47,-6.36,4.79
-5.47,-6.36,4.79
-5.47,-6.36,4.79
-5.89,-7.02,4.25
-5.89,-7.02,4.25
