aX,aY,aZ
-27.81,0.04,-4.95
12.73,-1.95,0.62
13.2,-1.93,-15.57
13.2,-1.93,-15.57
-0.12,-8.25,-10.17
-0.12,-8.25,-10.17
-0.12,-8.25,-10.17
2.77,-7.85,-7.77
2.77,-7.85,-7.77
2.77,-7.85,-7.77
0.52,-5.66,-7.75
0.52,-5.66,-7.75
0.36,-6.05,-8.13
-0.29,-6.0,-8.1
-0.29,-6.0,-8.1
0.28,-5.72,-7.81
1.13,-5.6,-7.07
1.13,-5.6,-7.07
1.13,-5.6,-7.07
1.19,-4.89,-8.1
1.19,-4.89,-8.1
1.19,-4.89,-8.1
1.26,-6.06,-7.76
1.26,-6.06,-7.76
1.26,-6.06,-7.76
0.67,-5.43,-7.75
0.67,-5.43,-7.75
0.67,-5.43,-7.75
0.29,-5.49,-7.6
0.29,-5.49,-7.6
0.29,-5.49,-7.6
1.65,-6.38,-6.57
1.65,-6.38,-6.57
1.65,-6.38,-6.57
0.54,-5.25,-7.87
0.54,-5.25,-7.87
0.54,-5.25,-7.87
1.69,-5.1,-7.13
1.69,-5.1,-7.13
1.69,-5.1,-7.13
1.31,-5.32,-7.36
1.31,-5.32,-7.36
1.31,-5.32,-7.36
0.82,-5.69,-7.49
0.82,-5.69,-7.49
0.82,-5.69,-7.49
1.33,-5.85,-7.17
1.33,-5.85,-7.17
1.02,-5.95,-7.51
0.68,-6.4,-7.6
0.7,-6.69,-7.59
0.7,-6.69,-7.59
1.4,-5.8,-7.06
1.4,-5.8,-7.06
1.4,-5.8,-7.06
1.11,-6.12,-7.05
1.11,-6.12,-7.05
1.11,-6.12,-7.05
1.16,-5.96,-7.1
1.16,-5.96,-7.1
1.45,-5.79,-7.23
1.14,-6.12,-7.36
1.14,-6.12,-7.36
1.14,-6.12,-7.36
1.1,-6.43,-7.37
1.1,-6.43,-7.37
1.1,-6.43,-7.37
1.62,-5.69,-7.19
1.62,-5.69,-7.19
1.62,-5.69,-7.19
1.35,-5.8,-7.28
1.35,-5.8,-7.28
1.51,-5.96,-7.12
1.25,-6.12,-7.3
1.25,-6.12,-7.3
1.25,-6.12,-7.3
1.62,-5.83,-7.2
1.62,-5.83,-7.2
1.62,-5.83,-7.2
1.33,-6.0,-7.26
1.33,-6.0,-7.26
1.33,-6.0,-7.26
1.4,-5.88,-7.41
1.4,-5.88,-7.41
1.26,-5.97,-7.27
1.4,-5.61,-7.1
1.4,-5.61,-7.1
1.4,-5.61,-7.1
1.22,-5.93,-7.23
1.22,-5.93,-7.23
1.22,-5.93,-7.23
1.52,-5.91,-7.2
1.52,-5.91,-7.2
1.52,-5.91,-7.2
1.83,-5.35,-7.3
1.66,-5.62,-7.17
1.14,-5.32,-7.01
1.14,-5.32,-7.01
1.14,-5.32,-7.01
1.25,-5.55,-7.05
1.25,-5.55,-7.05
1.25,-5.55,-7.05
1.17,-6.03,-7.1
1.17,-6.03,-7.1
1.17,-6.03,-7.1
1.6,-5.67,-6.95
1.6,-5.67,-6.95
1.6,-5.67,-6.95
1.59,-5.42,-6.94
1.51,-5.51,-7.06
1.51,-5.51,-7.06
2.04,-6.14,-6.57
2.04,-6.14,-6.57
2.04,-6.14,-6.57
2.32,-6.03,-6.85
2.32,-6.03,-6.85
2.32,-6.03,-6.85
1.96,-5.9,-7.33
1.96,-5.9,-7.33
1.96,-5.9,-7.33
3.65,-5.97,-6.99
3.65,-5.97,-6.99
3.65,-5.97,-6.99
4.28,-6.11,-6.87
4.28,-6.11,-6.87
4.28,-6.11,-6.87
3.54,-6.2,-6.66
3.54,-6.2,-6.66
3.54,-6.2,-6.66
2.98,-5.95,-6.82
2.98,-5.95,-6.82
2.98,-5.95,-6.82
2.34,-6.29,-6.33
2.34,-6.29,-6.33
2.34,-6.29,-6.33
1.75,-5.27,-5.43
1.75,-5.27,-5.43
1.75,-5.27,-5.43
2.34,-4.11,-5.12
2.34,-4.11,-5.12
2.34,-4.11,-5.12
2.06,-5.27,-4.89
2.06,-5.27,-4.89
2.09,-5.78,-4.44
2.43,-5.79,-4.35
2.43,-5.79,-4.35
2.43,-5.79,-4.35
2.41,-5.86,-3.58
2.41,-5.86,-3.58
2.41,-5.86,-3.58
2.87,-7.07,-2.32
2.87,-7.07,-2.32
3.43,-7.06,-2.14
3.55,-7.72,-2.13
3.55,-7.72,-2.13
3.04,-7.99,-2.0
2.27,-7.96,-0.71
2.27,-7.96,-0.71
2.27,-7.96,-0.71
3.6,-10.43,0.43
3.6,-10.43,0.43
3.6,-10.43,0.43
3.94,-9.83,-0.2
3.94,-9.83,-0.2
3.94,-9.83,-0.2
3.54,-10.83,0.8
3.36,-12.23,1.01
2.39,-10.17,0.54
2.39,-10.17,0.54
2.39,-10.17,0.54
0.53,-11.49,3.86
0.53,-11.49,3.86
1.32,-11.93,3.85
1.32,-11.93,3.85
1.32,-11.93,3.85
0.98,-10.9,4.46
0.98,-10.9,4.46
0.98,-10.9,4.46
-1.04,-8.74,3.04
-1.04,-8.74,3.04
-1.04,-8.74,3.04
-1.34,-11.27,3.32
-1.34,-11.27,3.32
-1.34,-11.27,3.32
-0.27,-10.9,3.15
-0.27,-10.9,3.15
-0.27,-10.9,3.15
0.73,-9.82,3.34
0.73,-9.82,3.34
0.73,-9.82,3.34
0.33,-9.87,3.1
0.33,-9.87,3.1
0.33,-9.87,3.1
0.29,-8.08,2.25
0.29,-8.08,2.25
0.29,-8.08,2.25
-1.2,-8.99,2.12
-1.2,-8.99,2.12
-1.2,-8.99,2.12
-2.0,-10.68,2.53
-2.0,-10.68,2.53
-2.6,-10.13,2.49
-3.92,-9.79,2.66
-3.92,-9.79,2.66
-3.92,-9.79,2.66
-3.16,-9.83,2.11
-3.16,-9.83,2.11
-3.16,-9.83,2.11
-4.63,-8.97,1.66
-4.63,-8.97,1.66
-4.63,-8.97,1.66
-2.13,-8.88,2.62
-2.13,-8.88,2.62
-2.13,-8.88,2.62
-2.34,-9.03,2.22
-2.34,-9.03,2.22
-2.34,-9.03,2.22
-1.9,-8.93,2.13
-1.9,-8.93,2.13
-1.9,-8.93,2.13
-1.36,-8.95,1.93
-1.36,-8.95,1.93
-1.36,-8.95,1.93
-1.83,-9.14,2.22
-1.83,-9.14,2.22
-1.83,-9.14,2.22
-1.72,-9.07,2.49
-1.72,-9.07,2.49
-1.72,-9.07,2.49
-1.82,-9.25,2.44
-1.82,-9.25,2.44
-1.82,-9.25,2.44
-2.01,-9.04,2.02
-2.01,-9.04,2.02
-2.12,-8.73,1.65
-2.06,-8.59,1.38
-2.02,-8.53,1.06
-2.02,-8.53,1.06
-2.02,-8.84,0.85
-2.02,-8.84,0.85
-2.02,-8.84,0.85
-1.9,-10.26,0.83
-1.9,-10.26,0.83
-1.9,-10.26,0.83
-0.15,-13.42,0.85
-0.15,-13.42,0.85
-0.15,-13.42,0.85
-0.44,-15.36,1.32
-0.44,-15.36,1.32
-0.69,-16.07,1.28
-0.82,-15.02,1.31
-0.82,-15.02,1.31
-0.82,-15.02,1.31
-0.7,-12.59,1.87
-0.7,-12.59,1.87
-0.7,-12.59,1.87
-0.11,-11.05,2.11
-0.11,-11.05,2.11
0.09,-10.95,2.25
0.06,-10.54,1.39
0.06,-10.54,1.39
0.06,-10.54,1.39
0.27,-9.74,0.23
0.27,-9.74,0.23
0.58,-9.61,-0.46
0.58,-9.61,-0.46
0.58,-9.61,-0.46
0.99,-9.39,-0.44
0.99,-9.39,-0.44
0.99,-9.39,-0.44
1.06,-6.58,-0.03
1.06,-6.58,-0.03
1.06,-6.58,-0.03
2.02,-2.67,-3.07
2.02,-2.67,-3.07
2.02,-2.67,-3.07
1.05,-1.13,-3.11
1.05,-1.13,-3.11
1.05,-1.13,-3.11
1.06,-0.34,-3.29
1.06,-0.34,-3.29
1.06,-0.34,-3.29
3.22,-0.75,-2.79
3.22,-0.75,-2.79
3.22,-0.75,-2.79
4.3,-2.78,-2.08
4.3,-2.78,-2.08
4.3,-2.78,-2.08
6.12,-5.07,-1.19
6.12,-5.07,-1.19
6.12,-5.07,-1.19
5.95,-5.17,-0.24
5.95,-5.17,-0.24
5.95,-5.17,-0.24
5.14,-7.06,1.18
5.14,-7.06,1.18
5.14,-7.06,1.18
4.16,-6.63,1.35
4.16,-6.63,1.35
4.16,-6.63,1.35
3.36,-5.68,1.26
3.36,-5.68,1.26
3.36,-5.68,1.26
0.25,-8.03,6.72
1.93,-8.68,5.44
1.93,-8.68,5.44
0.52,-6.19,4.35
0.52,-6.19,4.35
0.52,-6.19,4.35
-0.26,-10.88,4.42
-0.26,-10.88,4.42
-0.26,-10.88,4.42
-1.73,-11.66,4.99
-1.73,-11.66,4.99
-1.73,-11.66,4.99
-2.09,-10.76,5.93
-2.09,-10.76,5.93
-2.09,-10.76,5.93
-3.95,-12.02,5.22
-3.95,-12.02,5.22
-2.83,-11.44,5.92
-5.75,-10.65,6.31
-5.75,-10.65,6.31
-5.75,-10.65,6.31
-5.66,-10.35,6.59
-5.66,-10.35,6.59
-5.66,-10.35,6.59
-5.46,-9.14,7.08
-5.46,-9.14,7.08
-5.46,-9.14,7.08
-4.43,-8.15,6.94
-4.43,-8.15,6.94
-4.43,-8.15,6.94
-4.5,-7.24,6.2
-4.5,-7.24,6.2
-4.27,-6.75,6.1
-4.27,-6.75,6.1
-4.27,-6.75,6.1
-4.19,-6.6,6.37
-4.19,-6.6,6.37
-3.88,-6.54,6.44
-3.47,-6.57,6.52
-3.47,-6.57,6.52
-3.4,-6.61,6.36
-3.27,-7.06,7.09
-3.27,-7.06,7.09
-3.27,-7.06,7.09
-2.38,-5.8,5.88
-2.38,-5.8,5.88
-2.38,-5.8,5.88
-3.21,-6.66,6.0
-3.21,-6.66,6.0
-3.21,-6.66,6.0
-4.11,-5.84,5.42
-4.11,-5.84,5.42
-4.11,-5.84,5.42
-5.59,-7.11,6.07
-5.59,-7.11,6.07
-5.59,-7.11,6.07
-6.21,-6.25,5.52
-6.21,-6.25,5.52
-6.21,-6.25,5.52
-6.15,-7.47,5.64
-6.15,-7.47,5.64
-6.15,-7.47,5.64
-4.7,-5.37,6.03
-4.7,-5.37,6.03
-4.7,-5.37,6.03
-5.63,-4.46,5.0
-5.63,-4.46,5.0
-5.63,-4.46,5.0
-5.98,-5.32,5.54
-5.98,-5.32,5.54
-5.98,-5.32,5.54
-6.43,-5.37,5.77
-6.43,-5.37,5.77
-6.68,-5.24,5.4
-5.14,-5.56,5.63
-5.14,-5.56,5.63
-5.14,-5.56,5.63
-5.26,-5.55,5.23
-5.26,-5.55,5.23
-5.26,-5.55,5.23
-5.39,-5.82,5.36
-5.39,-5.82,5.36
-5.39,-5.82,5.36
-4.64,-5.69,5.83
-4.64,-5.69,5.83
-4.68,-5.94,5.97
-4.91,-5.75,5.75
-4.91,-5.75,5.75
-4.91,-5.75,5.75
-5.52,-5.88,5.32
-5.52,-5.88,5.32
-5.52,-5.88,5.32
-5.6,-5.88,5.52
-5.6,-5.88,5.52
-5.6,-5.88,5.52
-5.22,-6.12,5.73
-5.22,-6.12,5.73
-5.12,-5.79,5.62
-5.31,-5.76,5.61
-5.31,-5.76,5.61
-5.31,-5.76,5.61
-5.32,-5.71,5.47
-5.32,-5.71,5.47
-5.32,-5.71,5.47
-5.44,-5.59,5.48
-5.44,-5.59,5.48
-5.44,-5.59,5.48
-5.33,-5.54,5.48
-5.33,-5.54,5.48
-5.36,-5.6,5.54
-5.61,-5.71,5.64
-5.61,-5.71,5.64
-5.61,-5.71,5.64
-5.41,-5.65,5.55
-5.41,-5.65,5.55
-5.41,-5.65,5.55
-5.44,-5.73,5.67
-5.44,-5.73,5.67
-5.44,-5.73,5.67
-5.91,-5.77,5.33
-6.0,-6.39,5.49
-6.0,-6.39,5.49
-6.14,-5.9,4.98
-6.14,-5.9,4.98
-6.14,-5.9,4.98
-5.85,-5.95,5.99
-5.85,-5.95,5.99
-5.85,-5.95,5.99
-5.55,-6.38,5.52
-5.55,-6.38,5.52
-3.88,-6.6,6.17
-3.79,-6.22,6.0
-3.79,-6.22,6.0
-3.69,-6.58,5.55
-3.69,-6.58,5.55
-3.69,-6.58,5.55
-3.79,-6.65,6.5
-3.79,-6.65,6.5
-3.79,-6.65,6.5
-4.1,-6.4,6.35
-4.1,-6.4,6.35
-4.1,-6.4,6.35
-4.27,-5.8,6.48
-4.16,-6.18,6.91
-4.16,-6.18,6.91
-3.88,-6.16,6.36
-3.88,-6.16,6.36
-3.88,-6.16,6.36
-3.08,-5.83,6.8
-3.08,-5.83,6.8
-3.08,-5.83,6.8
-2.74,-6.06,6.4
-2.74,-6.06,6.4
-2.17,-6.31,6.52
-1.94,-6.24,6.53
-1.94,-6.24,6.53
-1.94,-6.24,6.53
-2.06,-6.46,6.7
-2.06,-6.46,6.7
-2.06,-6.46,6.7
-2.6,-6.67,6.83
-2.6,-6.67,6.83
-2.6,-6.67,6.83
-2.83,-6.65,6.68
-2.83,-6.65,6.68
-2.84,-6.3,6.63
-2.86,-5.96,6.43
-2.78,-5.79,6.23
-2.78,-5.79,6.23
-3.03,-6.21,6.79
-3.03,-6.21,6.79
-3.03,-6.21,6.79
-3.27,-6.58,7.07
-3.27,-6.58,7.07
-3.27,-6.58,7.07
-3.32,-6.37,6.79
-3.32,-6.37,6.79
-3.32,-6.37,6.79
-3.29,-6.48,6.91
-3.29,-6.48,6.91
-3.29,-6.13,6.81
-3.23,-5.98,6.29
-3.23,-5.98,6.29
-3.23,-5.98,6.29
-3.3,-6.16,6.37
-3.3,-6.16,6.37
-3.3,-6.16,6.37
-3.17,-6.12,6.63
-3.17,-6.12,6.63
-3.17,-6.12,6.63
-3.3,-5.92,6.41
-3.3,-5.92,6.41
-3.15,-5.64,6.61
-3.33,-6.38,6.64
-3.33,-6.38,6.64
-3.33,-6.38,6.64
-2.66,-6.22,6.75
-2.66,-6.22,6.75
-2.66,-6.22,6.75
-2.95,-6.71,6.97
-2.95,-6.71,6.97
-2.95,-6.71,6.97
-2.9,-6.56,6.9
-2.8,-6.23,7.02
-2.8,-6.23,7.02
-2.86,-6.12,7.09
-2.86,-6.12,7.09
-2.86,-6.12,7.09
-2.79,-6.26,6.83
-2.79,-6.26,6.83
-2.79,-6.26,6.83
-2.83,-6.03,6.62
-2.83,-6.03,6.62
-2.83,-6.03,6.62
-2.96,-6.3,6.92
-2.96,-6.3,6.92
-2.96,-6.3,6.92
-3.1,-6.11,6.7
-3.1,-6.11,6.7
-3.1,-6.11,6.7
-2.95,-5.81,6.63
-2.95,-5.81,6.63
-2.95,-5.81,6.63
-3.12,-5.51,6.58
-3.12,-5.51,6.58
-3.12,-5.51,6.58
-3.05,-6.09,6.87
-3.05,-6.09,6.87
-3.02,-6.21,7.08
-3.28,-5.92,7.19
-3.28,-5.92,7.19
-3.28,-5.92,7.19
-3.15,-6.04,7.34
-3.15,-6.04,7.34
-3.15,-6.04,7.34
-3.05,-6.23,7.44
-3.05,-6.23,7.44
-3.06,-6.39,7.55
-2.62,-6.04,7.29
-2.62,-6.04,7.29
-2.62,-6.04,7.29
-2.58,-5.77,7.24
-2.58,-5.77,7.24
-2.58,-5.77,7.24
-3.02,-5.87,7.25
-3.02,-5.87,7.25
-3.02,-5.87,7.25
-3.48,-5.69,7.04
-3.48,-5.69,7.04
-3.48,-5.69,7.04
-3.14,-6.25,7.19
-3.14,-6.25,7.19
-3.14,-6.25,7.19
-2.55,-6.69,7.37
-2.55,-6.69,7.37
-2.55,-6.69,7.37
-2.42,-6.52,7.3
-2.42,-6.52,7.3
-2.42,-6.52,7.3
-2.54,-6.82,7.28
-2.54,-6.82,7.28
-2.54,-6.82,7.28
-2.74,-6.56,7.03
-2.83,-6.15,6.94
-2.83,-6.15,6.94
-2.95,-6.28,7.02
-2.95,-6.28,7.02
-2.95,-6.28,7.02
-3.05,-6.29,7.18
-3.05,-6.29,7.18
-3.05,-6.29,7.18
-2.96,-5.86,7.03
-2.96,-5.86,7.03
-3.06,-6.07,6.96
-3.16,-5.92,6.89
-3.16,-5.92,6.89
-3.16,-5.92,6.89
-3.28,-5.77,6.76
-3.28,-5.77,6.76
-3.28,-5.77,6.76
-3.21,-6.24,6.91
-3.21,-6.24,6.91
-3.21,-6.24,6.91
-3.02,-5.26,6.51
-3.02,-5.26,6.51
-3.11,-5.12,6.44
-3.42,-5.85,6.95
-3.42,-5.85,6.95
-3.42,-5.85,6.95
-3.18,-5.77,6.84
-3.18,-5.77,6.84
-3.18,-5.77,6.84
-3.17,-6.31,7.14
-3.17,-6.31,7.14
-3.17,-6.31,7.14
-2.93,-6.63,7.5
-2.93,-6.63,7.5
-2.93,-6.63,7.5
-3.14,-5.96,7.22
-3.14,-5.96,7.22
-3.32,-5.83,7.17
-3.32,-5.83,7.17
-3.32,-5.83,7.17
-3.27,-6.28,7.58
-3.27,-6.28,7.58
-3.27,-6.28,7.58
-3.3,-5.76,7.06
-3.3,-5.76,7.06
-3.24,-5.53,6.61
-3.42,-5.59,6.53
-3.42,-5.59,6.53
-3.42,-5.59,6.53
-3.39,-6.5,7.17
-3.39,-6.5,7.17
-3.39,-6.5,7.17
-3.14,-6.05,6.87
-3.14,-6.05,6.87
-3.14,-6.05,6.87
-3.03,-5.77,6.88
-3.03,-5.77,6.88
-3.19,-6.09,7.07
-3.19,-5.89,7.02
-3.19,-5.89,7.02
-3.19,-5.89,7.02
-3.33,-5.53,6.68
-3.33,-5.53,6.68
-3.33,-5.53,6.68
-3.35,-6.28,7.05
-3.35,-6.28,7.05
-3.35,-6.28,7.05
-3.2,-6.0,7.05
-3.2,-6.0,7.05
-3.2,-6.0,7.05
-3.13,-5.67,6.89
-3.13,-5.67,6.89
-3.13,-5.67,6.89
-3.37,-6.26,7.3
-3.37,-6.26,7.3
-3.37,-6.26,7.3
-3.35,-6.19,7.26
-3.35,-6.19,7.26
-3.35,-6.19,7.26
-3.53,-5.81,6.84
-3.53,-5.81,6.84
-3.53,-5.81,6.84
-3.3,-5.83,7.05
-3.3,-5.83,7.05
-3.3,-5.83,7.05
-3.27,-6.33,7.09
-3.27,-6.33,7.09
-3.27,-6.33,7.09
-3.28,-5.79,6.76
-3.28,-5.79,6.76
-3.28,-5.79,6.76
-3.64,-5.76,6.89
-3.71,-5.98,7.06
-3.71,-5.98,7.06
-3.69,-5.67,6.88
-3.69,-5.67,6.88
-3.69,-5.67,6.88
-3.86,-5.82,6.87
-3.86,-5.82,6.87
-3.86,-5.82,6.87
-3.83,-6.2,6.91
-3.83,-6.2,6.91
-3.83,-6.2,6.91
-3.38,-5.3,6.9
-3.38,-5.3,6.9
-3.38,-5.3,6.9
-3.7,-6.36,7.15
-3.7,-6.36,7.15
-3.7,-6.36,7.15
-3.31,-6.52,6.95
-3.31,-6.52,6.95
-3.31,-6.52,6.95
-3.3,-6.0,6.56
-3.3,-6.0,6.56
-3.18,-6.31,7.44
-3.18,-6.31,7.44
-3.27,-6.27,7.33
-3.12,-6.59,6.91
-3.12,-6.59,6.91
-3.12,-6.59,6.91
-2.84,-7.05,7.48
-2.84,-7.05,7.48
-2.84,-7.05,7.48
-2.57,-7.24,7.47
-2.57,-7.24,7.47
-2.57,-7.24,7.47
-2.41,-6.03,6.9
-2.41,-6.03,6.9
-2.17,-6.61,7.36
-2.07,-7.12,6.98
-2.07,-7.12,6.98
-2.07,-7.12,6.98
-2.27,-6.58,6.07
-2.27,-6.58,6.07
-2.27,-6.58,6.07
-2.45,-7.13,6.85
-2.45,-7.13,6.85
-2.45,-7.13,6.85
-2.38,-7.22,6.45
-2.38,-7.22,6.45
-2.38,-7.22,6.45
-1.91,-7.65,6.26
-1.91,-7.65,6.26
-1.91,-7.65,6.26
-1.91,-7.85,6.46
-1.91,-7.85,6.46
-1.91,-7.85,6.46
-1.43,-7.75,6.45
-1.43,-7.75,6.45
-1.89,-7.82,6.16
-2.29,-7.48,5.88
-2.29,-7.48,5.88
-2.23,-7.35,5.72
-2.35,-6.95,5.09
-2.35,-6.95,5.09
-2.35,-6.95,5.09
-1.51,-8.14,5.95
-1.51,-8.14,5.95
-1.51,-8.14,5.95
-2.19,-7.95,5.08
-2.19,-7.95,5.08
-2.19,-7.95,5.08
-2.0,-8.66,5.04
-2.0,-8.66,5.04
-2.0,-8.66,5.04
-2.51,-8.81,5.2
-2.51,-8.81,5.2
-2.51,-8.81,5.2
-2.44,-8.31,4.89
-2.44,-8.31,4.89
-2.44,-8.31,4.89
-2.3,-8.11,4.61
-2.3,-8.11,4.61
-2.3,-8.11,4.61
-1.83,-9.04,4.57
-1.83,-9.04,4.57
-1.55,-8.36,4.37
-1.35,-9.6,4.51
-1.35,-9.6,4.51
-1.35,-9.6,4.51
-1.25,-8.67,3.93
-1.25,-8.67,3.93
-1.25,-8.67,3.93
-1.59,-8.92,3.56
-1.59,-8.92,3.56
-1.51,-9.76,3.33
-1.78,-9.29,3.08
-1.78,-9.29,3.08
-1.78,-9.29,3.08
-1.68,-10.52,2.69
-1.68,-10.52,2.69
-1.68,-10.52,2.69
-1.36,-9.18,2.09
-1.36,-9.18,2.09
-1.36,-9.18,2.09
-1.08,-10.12,2.12
-1.08,-10.12,2.12
-1.08,-10.12,2.12
-0.58,-9.74,1.97
-0.58,-9.74,1.97
-0.69,-10.01,1.66
-0.48,-9.93,0.94
-0.48,-9.93,0.94
-0.48,-9.93,0.94
-0.75,-9.12,0.41
-0.75,-9.12,0.41
-0.5,-10.23,0.1
-0.5,-10.23,0.1
-0.43,-10.77,0.26
-0.23,-10.03,-0.03
0.11,-9.56,-0.49
0.11,-9.56,-0.49
-0.93,-8.97,-1.34
-0.93,-8.97,-1.34
-0.93,-8.97,-1.34
0.53,-9.22,-0.23
0.53,-9.22,-0.23
0.53,-9.22,-0.23
-1.06,-5.93,-10.58
-1.06,-5.93,-10.58
-1.06,-5.93,-10.58
0.51,-8.27,-3.4
0.51,-8.27,-3.4
0.51,-8.27,-3.4
1.31,-8.27,-3.43
1.31,-8.27,-3.43
1.31,-8.27,-3.43
1.08,-7.31,-4.01
1.08,-7.31,-4.01
1.08,-7.31,-4.01
1.51,-7.93,-3.69
1.51,-7.93,-3.69
1.51,-7.93,-3.69
2.02,-7.19,-4.69
2.02,-7.19,-4.69
2.02,-7.19,-4.69
1.78,-7.02,-4.65
1.78,-7.02,-4.65
1.78,-7.02,-4.65
1.25,-7.87,-4.61
1.25,-7.87,-4.61
1.25,-7.87,-4.61
1.8,-7.16,-5.42
1.8,-7.16,-5.42
1.62,-6.96,-5.71
1.67,-6.97,-5.64
1.89,-7.45,-5.54
1.89,-7.45,-5.54
2.4,-7.3,-5.78
2.4,-7.3,-5.78
2.4,-7.3,-5.78
2.34,-6.43,-5.25
2.34,-6.43,-5.25
2.34,-6.43,-5.25
2.32,-6.41,-5.4
2.33,-5.71,-6.09
2.33,-5.71,-6.09
2.51,-6.11,-5.8
2.51,-6.11,-5.8
2.51,-6.11,-5.8
2.59,-6.28,-5.92
2.59,-6.28,-5.92
2.59,-6.28,-5.92
2.79,-6.65,-5.38
2.79,-6.65,-5.38
2.79,-6.65,-5.38
2.38,-5.82,-5.67
2.33,-5.86,-5.93
2.33,-5.86,-5.93
2.4,-5.47,-5.92
2.4,-5.47,-5.92
2.49,-6.17,-6.38
2.49,-6.17,-6.38
2.49,-6.17,-6.38
2.45,-6.78,-6.39
2.45,-6.78,-6.39
2.45,-6.78,-6.39
3.1,-6.46,-6.12
3.1,-6.46,-6.12
3.1,-6.46,-6.12
2.01,-6.17,-6.22
2.01,-6.17,-6.22
2.01,-6.17,-6.22
2.53,-6.0,-6.68
2.53,-6.0,-6.68
2.53,-6.0,-6.68
2.03,-6.17,-7.13
2.03,-6.17,-7.13
2.1,-6.86,-6.3
2.1,-6.86,-6.3
1.83,-7.11,-6.35
2.17,-7.0,-6.5
2.17,-7.0,-6.5
2.17,-7.0,-6.5
2.11,-6.72,-6.62
2.11,-6.72,-6.62
2.11,-6.72,-6.62
2.17,-6.22,-6.41
2.17,-6.22,-6.41
2.17,-6.22,-6.41
1.84,-6.63,-6.6
1.93,-6.42,-6.58
1.93,-6.42,-6.58
2.07,-6.55,-6.48
2.07,-6.55,-6.48
2.07,-6.55,-6.48
1.82,-6.63,-6.43
1.82,-6.63,-6.43
1.82,-6.63,-6.43
2.09,-6.97,-6.29
2.09,-6.97,-6.29
2.09,-6.97,-6.29
1.81,-6.57,-6.51
1.81,-6.57,-6.51
1.81,-6.57,-6.51
1.62,-6.48,-6.71
1.62,-6.48,-6.71
1.62,-6.48,-6.71
1.74,-6.22,-6.96
1.74,-6.22,-6.96
1.74,-6.22,-6.96
1.5,-6.26,-6.52
1.5,-6.26,-6.52
1.5,-6.26,-6.52
1.4,-6.41,-6.83
1.4,-6.41,-6.83
1.4,-6.41,-6.83
1.57,-7.14,-6.64
1.57,-7.14,-6.64
1.57,-7.14,-6.64
1.56,-6.41,-6.66
1.56,-6.41,-6.66
1.56,-6.41,-6.66
1.42,-6.85,-6.63
1.42,-6.85,-6.63
1.42,-6.85,-6.63
1.71,-6.98,-6.46
1.71,-6.98,-6.46
1.71,-6.98,-6.46
1.56,-6.54,-6.69
1.56,-6.54,-6.69
1.56,-6.54,-6.69
1.52,-6.82,-6.43
1.52,-6.82,-6.43
1.52,-6.82,-6.43
1.33,-6.47,-6.59
1.33,-6.47,-6.59
1.33,-6.47,-6.59
1.6,-6.93,-6.39
1.6,-6.93,-6.39
1.54,-7.03,-6.5
1.43,-6.74,-6.35
1.43,-6.74,-6.35
1.43,-6.74,-6.35
1.56,-6.89,-6.12
1.56,-6.89,-6.12
1.38,-6.6,-6.73
1.38,-6.6,-6.73
1.38,-6.6,-6.73
1.54,-6.81,-6.32
1.54,-6.81,-6.32
1.4,-6.6,-6.5
1.37,-6.87,-6.66
1.37,-6.87,-6.66
1.37,-6.87,-6.66
1.66,-6.77,-6.61
1.66,-6.77,-6.61
1.66,-6.77,-6.61
1.64,-6.93,-6.5
1.64,-6.93,-6.5
1.64,-6.93,-6.5
1.44,-6.74,-6.52
1.44,-6.74,-6.52
1.57,-6.62,-6.3
1.46,-6.68,-6.2
1.44,-6.99,-6.4
1.44,-6.99,-6.4
1.32,-6.61,-6.61
1.32,-6.61,-6.61
1.32,-6.61,-6.61
1.59,-6.48,-6.35
1.59,-6.48,-6.35
1.59,-6.48,-6.35
1.48,-6.59,-6.48
1.37,-6.76,-6.54
1.37,-6.76,-6.54
1.32,-6.59,-6.8
1.32,-6.59,-6.8
1.32,-6.59,-6.8
1.23,-6.76,-6.45
1.23,-6.76,-6.45
1.23,-6.76,-6.45
1.45,-6.78,-6.65
1.45,-6.78,-6.65
1.45,-6.78,-6.65
1.55,-7.02,-6.31
1.55,-7.02,-6.31
1.49,-6.47,-6.47
1.54,-6.69,-6.47
1.54,-6.69,-6.47
1.54,-6.69,-6.47
1.3,-6.71,-6.31
1.3,-6.71,-6.31
1.3,-6.71,-6.31
1.38,-6.97,-6.31
1.38,-6.97,-6.31
1.38,-6.97,-6.31
1.46,-6.76,-6.41
1.46,-6.76,-6.41
1.46,-6.76,-6.41
1.29,-6.45,-6.45
1.29,-6.45,-6.45
1.29,-6.45,-6.45
1.25,-6.76,-6.29
1.25,-6.76,-6.29
1.25,-6.76,-6.29
1.0,-6.57,-6.47
1.0,-6.57,-6.47
1.0,-6.57,-6.47
1.25,-6.13,-6.73
1.25,-6.13,-6.73
1.25,-6.13,-6.73
1.16,-6.56,-6.52
1.16,-6.56,-6.52
1.16,-6.56,-6.52
1.21,-6.41,-6.14
1.21,-6.41,-6.14
1.21,-6.41,-6.14
1.16,-6.98,-6.49
1.16,-6.98,-6.49
1.16,-6.98,-6.49
1.31,-6.49,-6.7
1.53,-6.33,-6.68
1.53,-6.33,-6.68
1.88,-5.66,-6.31
1.88,-5.66,-6.31
1.88,-5.66,-6.31
0.87,-7.31,-5.63
0.87,-7.31,-5.63
0.87,-7.31,-5.63
0.4,-7.24,-6.12
0.4,-7.24,-6.12
0.86,-7.19,-6.46
1.49,-7.75,-6.66
1.49,-7.75,-6.66
1.74,-7.44,-6.55
1.43,-7.0,-5.93
1.43,-7.0,-5.93
1.43,-7.0,-5.93
0.92,-6.82,-5.69
0.92,-6.82,-5.69
0.92,-6.82,-5.69
0.5,-7.53,-6.21
0.5,-7.53,-6.21
0.5,-7.53,-6.21
0.82,-7.23,-5.86
0.82,-7.23,-5.86
1.73,-7.03,-5.4
1.73,-7.03,-5.4
1.73,-7.03,-5.4
1.5,-6.15,-5.56
1.5,-6.15,-5.56
1.5,-6.15,-5.56
0.85,-7.4,-5.92
0.85,-7.4,-5.92
0.85,-7.4,-5.92
0.4,-7.11,-5.84
0.4,-7.11,-5.84
0.4,-7.11,-5.84
1.22,-7.32,-5.9
1.22,-7.32,-5.9
1.22,-7.32,-5.9
1.36,-7.67,-5.29
1.36,-7.67,-5.29
1.36,-7.67,-5.29
0.94,-7.55,-5.54
0.94,-7.55,-5.54
0.94,-7.55,-5.54
0.91,-6.62,-5.62
0.91,-6.62,-5.62
0.91,-6.62,-5.62
0.5,-8.02,-5.3
0.5,-8.02,-5.3
0.5,-8.02,-5.3
1.06,-7.41,-5.69
1.06,-7.41,-5.69
1.06,-7.41,-5.69
1.43,-8.24,-4.87
1.16,-9.09,-4.94
1.16,-9.09,-4.94
0.45,-8.09,-5.31
0.45,-8.09,-5.31
0.45,-8.09,-5.31
0.9,-8.87,-4.8
0.9,-8.87,-4.8
0.9,-8.87,-4.8
0.3,-7.11,-5.13
0.3,-7.11,-5.13
0.3,-7.11,-5.13
1.04,-8.24,-4.88
1.04,-8.24,-4.88
1.04,-8.24,-4.88
1.2,-7.62,-4.69
1.2,-7.62,-4.69
1.2,-7.62,-4.69
0.74,-6.68,-4.59
0.74,-6.68,-4.59
0.74,-6.68,-4.59
1.14,-8.46,-5.24
1.14,-8.46,-5.24
1.14,-8.46,-5.24
-0.94,-9.04,-5.77
-0.23,-8.9,-5.32
-0.23,-8.9,-5.32
0.89,-8.37,-5.19
0.89,-8.37,-5.19
0.89,-8.37,-5.19
1.79,-8.17,-4.98
1.79,-8.17,-4.98
1.79,-8.17,-4.98
1.68,-8.14,-5.43
1.68,-8.14,-5.43
1.68,-8.14,-5.43
1.21,-8.78,-5.97
1.21,-8.78,-5.97
1.21,-8.78,-5.97
0.79,-9.49,-5.25
0.79,-9.49,-5.25
0.79,-9.49,-5.25
0.45,-7.38,-5.37
0.45,-7.38,-5.37
-0.76,-7.26,-5.91
-0.76,-7.26,-5.91
-0.76,-7.26,-5.91
-0.06,-9.79,-4.96
-0.06,-9.79,-4.96
-0.06,-9.79,-4.96
0.2,-9.35,-5.25
0.2,-9.35,-5.25
0.2,-9.35,-5.25
-0.56,-3.45,-7.41
-0.56,-3.45,-7.41
-0.56,-3.45,-7.41
0.68,-9.29,-5.31
0.68,-9.29,-5.31
0.68,-9.29,-5.31
0.5,-3.59,-6.15
0.5,-3.59,-6.15
0.47,-5.61,-5.89
-1.49,-8.49,-6.25
0.19,-6.95,-6.25
0.19,-6.95,-6.25
-0.96,-6.22,-7.22
-0.96,-6.22,-7.22
-0.96,-6.22,-7.22
3.01,-6.97,-7.56
3.01,-6.97,-7.56
3.01,-6.97,-7.56
-2.83,-5.56,-8.36
-2.83,-5.56,-8.36
-2.83,-5.56,-8.36
-1.1,-4.36,-6.05
-1.1,-4.36,-6.05
-1.1,-4.36,-6.05
-0.08,-5.92,-6.18
-0.08,-5.92,-6.18
-0.08,-5.92,-6.18
-1.83,-4.99,-6.84
-1.83,-4.99,-6.84
-1.83,-4.99,-6.84
2.12,-5.11,-6.67
-0.31,-5.22,-7.62
-0.31,-5.22,-7.62
0.31,-7.47,-6.86
0.31,-7.47,-6.86
0.31,-7.47,-6.86
-1.99,-5.63,-6.67
-1.99,-5.63,-6.67
-1.99,-5.63,-6.67
-0.33,-6.6,-7.33
-0.33,-6.6,-7.33
-0.33,-6.6,-7.33
-1.51,-6.46,-8.19
-1.51,-6.46,-8.19
-1.51,-6.46,-8.19
2.1,-4.96,-6.71
2.1,-4.96,-6.71
2.1,-4.96,-6.71
-0.32,-4.73,-7.65
-0.32,-4.73,-7.65
-0.32,-4.73,-7.65
-0.65,-6.91,-6.64
-0.65,-6.91,-6.64
-0.65,-6.91,-6.64
0.27,-5.1,-8.0
0.27,-5.1,-8.0
0.27,-5.1,-8.0
-1.64,-2.74,-7.83
-1.64,-2.74,-7.83
-1.64,-2.74,-7.83
0.42,-7.75,-7.1
0.42,-7.75,-7.1
0.42,-7.75,-7.1
0.13,-5.8,-7.0
0.13,-5.8,-7.0
0.13,-5.8,-7.0
-0.92,-4.48,-6.67
-0.92,-4.48,-6.67
-0.92,-4.48,-6.67
-0.01,-6.66,-7.21
-0.01,-6.66,-7.21
-0.01,-6.66,-7.21
-0.51,-5.65,-7.62
-0.51,-5.65,-7.62
-0.51,-5.65,-7.62
0.0,-4.86,-6.6
0.0,-4.86,-6.6
0.73,-3.88,-7.31
-0.28,-6.46,-8.32
-0.06,-7.87,-8.02
-0.06,-7.87,-8.02
-0.73,-4.98,-7.09
-0.73,-4.98,-7.09
-0.73,-4.98,-7.09
-0.29,-5.89,-6.86
-0.29,-5.89,-6.86
-0.43,-5.7,-7.68
-0.43,-5.7,-7.68
-0.43,-5.7,-7.68
-1.84,-5.18,-7.75
-1.84,-5.18,-7.75
-1.84,-5.18,-7.75
1.02,-6.94,-7.12
1.02,-6.94,-7.12
1.02,-6.94,-7.12
-0.75,-5.52,-7.67
-0.75,-5.52,-7.67
-0.75,-5.52,-7.67
-0.17,-5.7,-6.83
-0.17,-5.7,-6.83
-0.17,-5.7,-6.83
0.56,-6.11,-7.41
0.56,-6.11,-7.41
0.56,-6.11,-7.41
-1.39,-5.98,-7.87
-1.39,-5.98,-7.87
-1.39,-5.98,-7.87
0.29,-5.66,-6.85
0.29,-5.66,-6.85
0.29,-5.66,-6.85
-0.85,-5.61,-7.43
-0.85,-5.61,-7.43
-0.85,-5.61,-7.43
-0.17,-5.63,-7.14
-1.78,-6.36,-7.4
-1.78,-6.36,-7.4
0.59,-5.38,-6.91
0.59,-5.38,-6.91
0.59,-5.38,-6.91
-1.38,-5.78,-7.72
-1.38,-5.78,-7.72
-1.38,-5.78,-7.72
-0.21,-5.54,-6.94
-0.21,-5.54,-6.94
-1.39,-6.0,-7.49
-0.04,-5.29,-7.48
0.56,-4.97,-7.34
0.56,-4.97,-7.34
-1.71,-6.11,-7.58
-1.71,-6.11,-7.58
-1.71,-6.11,-7.58
0.11,-5.85,-7.15
0.11,-5.85,-7.15
0.11,-5.85,-7.15
-0.51,-5.31,-7.6
-0.51,-5.31,-7.6
-0.11,-5.8,-7.34
-0.72,-6.17,-7.23
-0.18,-5.29,-7.28
-0.18,-5.29,-7.28
-1.44,-5.63,-7.7
-1.44,-5.63,-7.7
-1.44,-5.63,-7.7
0.68,-5.34,-7.23
0.68,-5.34,-7.23
0.68,-5.34,-7.23
-1.12,-6.03,-7.72
-1.12,-6.03,-7.72
0.34,-5.45,-7.15
-1.55,-5.89,-7.5
-1.55,-5.89,-7.5
-1.55,-5.89,-7.5
0.19,-5.46,-6.94
0.19,-5.46,-6.94
0.19,-5.46,-6.94
-0.79,-5.31,-7.58
-0.79,-5.31,-7.58
-0.79,-5.31,-7.58
-1.0,-6.45,-7.41
-1.0,-6.45,-7.41
-0.66,-6.03,-7.23
0.09,-4.86,-7.29
-0.61,-5.23,-7.48
-0.61,-5.23,-7.48
-0.51,-5.44,-7.11
-0.51,-5.44,-7.11
-0.51,-5.44,-7.11
-0.96,-6.0,-7.81
-0.96,-6.0,-7.81
-0.96,-6.0,-7.81
-0.08,-5.2,-7.23
-0.08,-5.2,-7.23
-0.08,-5.2,-7.23
-0.19,-5.52,-7.23
-0.19,-5.52,-7.23
-0.19,-5.52,-7.23
-0.4,-5.68,-7.44
-0.4,-5.68,-7.44
-0.4,-5.68,-7.44
-0.96,-5.51,-7.45
-0.96,-5.51,-7.45
-0.96,-5.51,-7.45
-0.12,-5.24,-7.29
-0.12,-5.24,-7.29
-0.12,-5.24,-7.29
-2.13,-6.44,-7.81
-2.13,-6.44,-7.81
-2.13,-6.44,-7.81
0.79,-4.81,-7.1
0.79,-4.81,-7.1
0.79,-4.81,-7.1
-1.77,-5.8,-7.36
-1.77,-5.8,-7.36
-1.77,-5.8,-7.36
0.28,-5.03,-7.36
0.28,-5.03,-7.36
0.28,-5.03,-7.36
-0.77,-5.58,-7.69
-0.77,-5.58,-7.69
-0.77,-5.58,-7.69
-0.13,-5.63,-7.33
-0.13,-5.63,-7.33
-0.13,-5.63,-7.33
-0.78,-5.3,-7.36
-0.78,-5.3,-7.36
-0.78,-5.3,-7.36
-0.66,-5.56,-7.03
-0.66,-5.56,-7.03
0.57,-5.24,-7.13
-1.47,-6.5,-7.65
-1.47,-6.5,-7.65
-1.47,-6.5,-7.65
0.07,-4.85,-7.45
0.07,-4.85,-7.45
0.07,-4.85,-7.45
-1.42,-5.82,-7.55
-1.42,-5.82,-7.55
-1.42,-5.82,-7.55
0.63,-5.22,-7.25
0.63,-5.22,-7.25
0.63,-5.22,-7.25
-0.03,-5.3,-7.47
-0.03,-5.3,-7.47
-0.03,-5.3,-7.47
-0.89,-5.97,-7.43
-0.89,-5.97,-7.43
-0.89,-5.97,-7.43
0.04,-5.16,-7.34
0.04,-5.16,-7.34
0.04,-5.16,-7.34
-1.19,-5.67,-7.38
-1.19,-5.67,-7.38
-1.19,-5.67,-7.38
-0.5,-5.88,-7.46
-0.5,-5.88,-7.46
-0.58,-5.04,-7.48
-0.58,-5.04,-7.48
-0.58,-5.04,-7.48
-0.46,-5.59,-7.25
-0.46,-5.59,-7.25
-0.46,-5.59,-7.25
-0.11,-5.24,-7.63
-0.11,-5.24,-7.63
-0.11,-5.24,-7.63
-0.72,-6.21,-7.33
-0.34,-5.09,-7.57
-0.34,-5.09,-7.57
-0.57,-6.19,-7.34
-0.57,-6.19,-7.34
-0.57,-6.19,-7.34
-0.19,-4.69,-7.76
-0.19,-4.69,-7.76
-0.19,-4.69,-7.76
-0.97,-6.22,-7.27
-0.97,-6.22,-7.27
-0.61,-5.99,-7.43
-0.61,-5.99,-7.43
-0.61,-5.99,-7.43
-0.26,-5.44,-7.09
-0.26,-5.44,-7.09
-0.26,-5.44,-7.09
-1.1,-5.62,-7.54
-1.1,-5.62,-7.54
-1.1,-5.62,-7.54
0.25,-5.72,-7.19
0.25,-5.72,-7.19
-0.66,-5.44,-7.56
-0.22,-5.57,-7.18
-0.22,-5.57,-7.18
-0.22,-5.57,-7.18
-1.27,-5.95,-7.73
-1.27,-5.95,-7.73
-1.27,-5.95,-7.73
0.77,-5.21,-7.07
0.77,-5.21,-7.07
0.77,-5.21,-7.07
-1.62,-5.71,-7.96
-1.62,-5.71,-7.96
-1.62,-5.71,-7.96
-0.43,-5.58,-7.49
-0.43,-5.58,-7.49
-0.43,-5.58,-7.49
-0.68,-5.64,-7.53
-0.68,-5.64,-7.53
-0.68,-5.64,-7.53
0.04,-5.41,-7.48
0.04,-5.41,-7.48
0.04,-5.41,-7.48
-0.7,-5.41,-7.28
-0.7,-5.41,-7.28
-0.7,-5.41,-7.28
-1.09,-6.44,-7.94
-1.09,-6.44,-7.94
-1.09,-6.44,-7.94
0.06,-4.91,-7.05
0.06,-4.91,-7.05
0.06,-4.91,-7.05
-1.13,-6.03,-7.58
-1.13,-6.03,-7.58
0.0,-4.83,-7.19
-0.03,-5.2,-7.05
-0.03,-5.2,-7.05
-0.75,-5.85,-7.68
-0.22,-4.97,-7.42
-0.22,-4.97,-7.42
-0.22,-4.97,-7.42
-0.64,-5.94,-7.72
-0.64,-5.94,-7.72
-0.64,-5.94,-7.72
0.42,-5.11,-7.56
0.42,-5.11,-7.56
0.42,-5.11,-7.56
0.01,-5.29,-6.84
0.01,-5.29,-6.84
0.01,-5.29,-6.84
0.06,-5.58,-7.48
0.06,-5.58,-7.48
0.06,-5.58,-7.48
0.15,-6.63,-8.31
0.15,-6.63,-8.31
0.15,-6.63,-8.31
-0.05,-6.09,-7.96
-0.05,-6.09,-7.96
-0.05,-6.09,-7.96
-0.93,-4.26,-6.81
-1.69,-4.46,-7.58
-1.69,-4.46,-7.58
0.82,-5.64,-6.88
0.82,-5.64,-6.88
0.82,-5.64,-6.88
-0.8,-5.82,-8.15
-0.8,-5.82,-8.15
-0.8,-5.82,-8.15
0.17,-5.56,-7.12
-0.56,-5.47,-7.44
-0.56,-5.47,-7.44
-0.56,-5.47,-7.44
-0.48,-5.95,-7.87
-0.48,-5.95,-7.87
-0.48,-5.95,-7.87
-0.14,-5.93,-7.28
-0.14,-5.93,-7.28
-0.14,-5.93,-7.28
-0.93,-4.73,-7.55
-0.93,-4.73,-7.55
-0.93,-4.73,-7.55
-0.28,-5.88,-7.13
-0.28,-5.88,-7.13
-0.75,-5.82,-7.57
0.15,-5.62,-7.99
0.15,-5.62,-7.99
0.15,-5.62,-7.99
0.06,-5.13,-7.34
0.06,-5.13,-7.34
0.06,-5.13,-7.34
-0.6,-5.59,-7.37
-0.6,-5.59,-7.37
-0.6,-5.59,-7.37
-0.86,-5.68,-7.71
-0.86,-5.68,-7.71
-0.86,-5.68,-7.71
0.5,-5.53,-7.53
0.5,-5.53,-7.53
0.5,-5.53,-7.53
-0.56,-5.2,-7.56
-0.56,-5.2,-7.56
-0.56,-5.2,-7.56
0.02,-5.84,-7.18
0.02,-5.84,-7.18
0.02,-5.84,-7.18
0.18,-6.0,-7.32
0.18,-6.0,-7.32
0.18,-6.0,-7.32
-0.5,-5.18,-7.65
-0.5,-5.18,-7.65
-0.5,-5.18,-7.65
-0.14,-5.74,-7.39
-0.14,-5.74,-7.39
-0.14,-5.74,-7.39
-0.83,-5.53,-7.48
-0.83,-5.53,-7.48
-0.83,-5.53,-7.48
0.21,-5.39,-7.37
0.34,-5.31,-6.99
0.34,-5.31,-6.99
-1.29,-5.33,-7.7
-1.29,-5.33,-7.7
-1.29,-5.33,-7.7
0.2,-5.46,-6.97
0.2,-5.46,-6.97
0.2,-5.46,-6.97
-0.49,-5.83,-7.7
-0.49,-5.83,-7.7
-0.49,-5.83,-7.7
1.32,-5.02,-6.99
1.32,-5.02,-6.99
1.32,-5.02,-6.99
-1.21,-5.7,-7.83
-1.21,-5.7,-7.83
-1.21,-5.7,-7.83
-0.24,-5.79,-7.2
-0.24,-5.79,-7.2
-0.24,-5.79,-7.2
-0.17,-5.2,-6.98
-0.17,-5.2,-6.98
-0.17,-5.2,-6.98
-0.77,-5.6,-7.74
-0.77,-5.6,-7.74
-0.77,-5.6,-7.74
0.19,-5.59,-7.43
0.19,-5.59,-7.43
0.19,-5.59,-7.43
-0.28,-5.06,-7.34
-0.28,-5.06,-7.34
-0.28,-5.06,-7.34
0.1,-5.31,-7.28
0.1,-5.31,-7.28
0.1,-5.31,-7.28
0.68,-5.14,-8.27
0.68,-5.14,-8.27
3.84,-4.63,-9.97
3.84,-4.63,-9.97
3.84,-4.63,-9.97
-26.71,-0.45,-7.33
