aX,aY,aZ
-19.77,-12.21,12.35
-1.45,4.74,9.04
11.2,0.26,2.85
11.2,0.26,2.85
5.35,-24.09,-9.72
4.84,-15.47,1.08
4.84,-15.47,1.08
4.84,-15.47,1.08
3.2,-8.99,0.78
3.2,-8.99,0.78
3.2,-8.99,0.78
2.07,-11.91,8.5
2.07,-11.91,8.5
2.07,-11.91,8.5
1.07,-10.78,3.31
1.07,-10.78,3.31
1.16,-10.13,2.79
1.99,-9.13,2.24
1.99,-9.13,2.24
1.99,-9.13,2.24
2.67,-9.89,2.07
2.67,-9.89,2.07
2.67,-9.89,2.07
1.81,-9.84,2.36
1.81,-9.84,2.36
1.81,-8.78,2.46
2.42,-8.3,2.31
2.69,-9.05,2.23
2.69,-9.05,2.23
1.82,-9.47,2.45
1.82,-9.47,2.45
1.82,-9.47,2.45
1.96,-9.33,2.64
1.96,-9.33,2.64
1.96,-9.33,2.64
2.15,-8.91,2.59
2.15,-8.91,2.59
2.02,-8.81,2.89
1.67,-9.42,2.93
1.24,-9.61,2.81
1.24,-9.61,2.81
1.47,-9.11,2.92
1.47,-9.11,2.92
1.47,-9.11,2.92
1.8,-8.61,3.19
1.8,-8.61,3.19
1.8,-8.61,3.19
2.06,-9.15,3.08
2.06,-9.15,3.08
2.05,-8.88,2.91
2.25,-8.8,2.97
2.23,-8.5,3.12
2.23,-8.5,3.12
2.21,-8.04,3.24
2.21,-8.04,3.24
2.21,-8.04,3.24
2.61,-8.91,3.66
2.61,-8.91,3.66
2.61,-8.91,3.66
2.59,-8.43,3.8
2.59,-8.43,3.8
2.47,-7.76,3.65
2.69,-7.97,3.75
2.95,-8.84,3.83
2.95,-8.84,3.83
2.57,-9.2,4.12
2.57,-9.2,4.12
2.57,-9.2,4.12
3.11,-7.87,4.64
3.11,-7.87,4.64
3.11,-7.87,4.64
3.13,-9.04,4.78
3.13,-9.04,4.78
2.88,-8.83,4.94
3.02,-7.97,4.86
3.06,-7.36,4.44
3.06,-7.36,4.44
3.22,-6.91,4.13
3.22,-6.91,4.13
3.22,-6.91,4.13
3.73,-4.74,4.39
3.73,-4.74,4.39
3.73,-4.74,4.39
3.64,-4.84,4.28
3.64,-4.84,4.28
3.73,-4.17,4.54
3.89,-4.89,5.12
4.1,-5.9,5.43
2.86,-4.32,7.09
2.86,-4.32,7.09
2.86,-4.32,7.09
2.5,-4.4,6.76
2.5,-4.4,6.76
2.5,-4.4,6.76
2.34,-4.53,9.28
2.34,-4.53,9.28
2.34,-4.53,9.28
1.65,-4.75,9.7
1.65,-4.75,9.7
1.65,-4.75,9.7
1.6,-3.41,10.84
1.6,-3.41,10.84
1.6,-3.41,10.84
-0.51,-4.0,10.12
-0.51,-4.0,10.12
-0.51,-4.0,10.12
0.16,-1.95,10.67
0.16,-1.95,10.67
0.33,-3.07,11.88
-2.07,-2.2,9.9
-2.07,-2.2,9.9
-2.07,-2.2,9.9
-1.67,-2.66,11.58
-1.67,-2.66,11.58
-1.67,-2.66,11.58
-3.33,-2.26,11.17
-3.33,-2.26,11.17
-3.33,-2.26,11.17
-4.67,-1.98,10.76
-4.67,-1.98,10.76
-4.67,-1.98,10.76
-5.77,-2.78,9.88
-5.77,-2.78,9.88
-5.77,-2.78,9.88
-4.83,-2.09,9.92
-4.83,-2.09,9.92
-4.83,-2.09,9.92
-3.62,-3.82,9.01
-3.62,-3.82,9.01
-3.62,-3.82,9.01
-7.48,-2.9,10.02
-7.48,-2.9,10.02
-6.36,-0.73,9.09
-5.44,-1.41,8.95
-5.44,-1.41,8.95
-5.44,-1.41,8.95
-5.45,-1.54,8.29
-5.45,-1.54,8.29
-5.45,-1.54,8.29
-5.1,-0.01,8.56
-5.1,-0.01,8.56
-5.1,-0.01,8.56
-4.72,-0.36,8.56
-4.72,-0.36,8.56
-4.72,-0.36,8.56
-4.19,-0.52,9.15
-4.19,-0.52,9.15
-4.19,-0.52,9.15
-4.4,-0.09,8.84
-4.4,-0.09,8.84
-4.4,-0.09,8.84
-3.82,-0.46,9.35
-3.82,-0.46,9.35
-3.82,-0.46,9.35
-3.84,1.2,8.95
-3.84,1.2,8.95
-3.51,1.47,9.25
-3.83,1.41,9.39
-3.83,1.41,9.39
-3.83,1.41,9.39
-4.11,1.25,9.18
-4.11,1.25,9.18
-4.11,1.25,9.18
-3.29,1.67,8.87
-3.29,1.67,8.87
-3.29,1.67,8.87
-2.7,0.73,9.04
-2.7,0.73,9.04
-2.7,0.73,9.04
-2.93,1.47,9.6
-2.93,1.47,9.6
-3.78,0.92,9.24
-3.78,0.92,9.24
-3.78,0.92,9.24
-4.41,0.65,9.12
-4.41,0.65,9.12
-4.32,0.38,9.28
-4.06,1.08,9.35
-4.06,1.08,9.35
-3.59,1.34,9.5
-4.59,0.65,9.27
-4.59,0.65,9.27
-4.59,0.65,9.27
-5.31,0.27,8.66
-5.31,0.27,8.66
-5.12,0.7,9.18
-5.12,0.7,9.18
-5.12,0.7,9.18
-4.7,0.55,10.65
-4.7,0.55,10.65
-4.7,0.55,10.65
-4.64,1.96,9.68
-4.64,1.96,9.68
-4.64,1.96,9.68
-4.93,0.99,8.08
-4.93,0.99,8.08
-4.93,0.99,8.08
-5.19,0.98,7.52
-5.19,0.98,7.52
-5.19,0.98,7.52
-5.37,1.48,7.7
-5.37,1.48,7.7
-5.37,1.48,7.7
-5.75,1.46,8.13
-5.75,1.46,8.13
-5.75,1.46,8.13
-6.55,0.96,7.7
-6.55,0.96,7.7
-6.55,0.96,7.7
-5.45,0.98,8.15
-5.45,0.98,8.15
-5.45,0.98,8.15
-3.94,-0.48,7.94
-3.94,-0.48,7.94
-3.94,-0.48,7.94
-6.76,0.67,8.53
-6.76,0.67,8.53
-6.76,0.67,8.53
-9.85,-0.95,6.44
-9.85,-0.95,6.44
-9.85,-0.95,6.44
-8.64,-0.91,8.78
-8.64,-0.91,8.78
-8.64,-0.91,8.78
-8.11,1.41,8.03
-8.11,1.41,8.03
-7.81,0.82,8.61
-6.75,0.16,8.96
-6.75,0.16,8.96
-6.75,0.16,8.96
-5.62,0.82,9.83
-5.62,0.82,9.83
-5.62,0.82,9.83
-3.99,1.12,9.73
-3.99,1.12,9.73
-3.99,1.12,9.73
-3.27,0.68,10.33
-2.68,1.19,10.33
-2.68,1.19,10.33
-1.32,1.25,9.92
-1.32,1.25,9.92
-1.32,1.25,9.92
0.18,1.23,8.91
0.18,1.23,8.91
0.18,1.23,8.91
1.35,0.99,7.77
1.35,0.99,7.77
1.64,1.32,7.83
1.92,1.75,7.66
2.24,1.81,7.66
2.24,1.81,7.66
2.76,0.98,7.76
2.76,0.98,7.76
2.76,0.98,7.76
3.33,-0.27,8.37
3.33,-0.27,8.37
3.33,-0.27,8.37
2.81,-0.82,9.33
2.81,-0.82,9.33
2.81,-0.82,9.33
2.58,-1.5,10.36
2.58,-1.5,10.36
1.01,-1.75,10.57
1.01,-1.07,10.63
1.01,-1.07,10.63
1.01,-1.07,10.63
0.66,-2.5,9.89
0.66,-2.5,9.89
0.66,-2.5,9.89
1.22,-2.93,10.07
1.22,-2.93,10.07
1.22,-2.93,10.07
1.03,-1.8,9.25
1.03,-1.8,9.25
1.03,-1.8,9.25
1.08,-1.22,9.79
1.08,-1.22,9.79
1.08,-1.22,9.79
1.16,-0.24,10.74
1.16,-0.24,10.74
1.16,-0.24,10.74
1.36,-0.42,10.97
1.36,-0.42,10.97
1.43,-0.25,11.36
3.14,-0.22,13.01
3.14,-0.22,13.01
3.14,-0.22,13.01
3.97,-0.18,11.4
3.97,-0.18,11.4
3.97,-0.18,11.4
4.6,0.87,11.4
4.6,0.87,11.4
4.6,0.87,11.4
5.41,1.67,11.95
5.41,1.67,11.95
4.82,1.53,12.03
3.85,1.81,11.18
3.85,1.81,11.18
3.85,1.81,11.18
2.99,1.63,9.97
2.99,1.63,9.97
2.99,1.63,9.97
2.7,0.1,10.63
2.7,0.1,10.63
2.7,0.1,10.63
2.19,0.37,9.65
2.19,0.37,9.65
2.19,0.37,9.65
2.38,-1.02,8.53
2.38,-1.02,8.53
2.38,-1.02,8.53
1.81,-1.36,7.83
1.81,-1.36,7.83
1.81,-1.36,7.83
1.62,-2.75,7.35
1.62,-2.75,7.35
1.62,-2.75,7.35
3.24,-3.27,8.68
3.24,-3.27,8.68
3.24,-3.27,8.68
3.89,-2.85,8.77
3.89,-2.85,8.77
3.89,-2.85,8.77
3.8,-2.72,8.97
3.8,-2.72,8.97
3.8,-2.72,8.97
3.23,-3.06,8.94
3.23,-3.06,8.94
3.23,-3.06,8.94
3.64,-2.62,9.25
3.64,-2.62,9.25
3.64,-2.62,9.25
2.84,-3.06,8.68
2.84,-3.06,8.68
2.7,-3.33,8.68
3.5,-2.55,9.61
3.5,-2.55,9.61
3.5,-2.55,9.61
2.77,-2.78,9.44
2.77,-2.78,9.44
1.36,-1.17,11.69
1.36,-1.17,11.69
1.57,-0.17,11.06
2.09,-1.15,10.65
1.6,-2.05,11.18
1.6,-2.05,11.18
0.59,-0.02,11.07
0.59,-0.02,11.07
0.59,-0.02,11.07
-0.96,0.01,9.91
-0.96,0.01,9.91
-0.96,0.01,9.91
-0.53,0.77,10.33
-0.53,0.77,10.33
-0.53,0.77,10.33
-0.53,0.87,10.55
-1.53,0.29,7.86
-1.53,0.29,7.86
-1.33,0.46,8.66
-1.33,0.46,8.66
-1.33,0.46,8.66
0.17,0.54,10.85
0.17,0.54,10.85
0.17,0.54,10.85
-1.5,0.98,9.11
-1.5,0.98,9.11
-1.22,-0.35,9.74
-2.23,0.65,9.97
-2.23,0.65,9.97
-2.23,0.65,9.97
-2.43,0.37,9.76
-2.43,0.37,9.76
-2.43,0.37,9.76
-2.02,0.2,9.22
-2.02,0.2,9.22
-2.02,0.2,9.22
-2.77,0.44,8.53
-2.77,0.44,8.53
-2.77,0.44,8.53
-1.7,-0.44,9.69
-2.17,0.63,9.36
-2.17,0.63,9.36
-2.29,1.02,10.18
-2.29,1.02,10.18
-2.29,1.02,10.18
-2.75,0.96,10.34
-2.75,0.96,10.34
-2.75,0.96,10.34
-2.33,1.82,11.17
-2.33,1.82,11.17
-2.33,1.82,11.17
-2.63,1.36,11.04
-2.63,1.36,11.04
-2.63,1.36,11.04
-3.51,1.65,11.17
-3.51,1.65,11.17
-3.51,1.65,11.17
-3.34,1.67,11.67
-3.34,1.67,11.67
-3.34,1.67,11.67
-3.39,1.72,11.1
-3.39,1.72,11.1
-2.79,1.18,11.03
-1.68,1.58,10.78
-1.68,1.58,10.78
-1.68,1.58,10.78
0.08,1.26,10.78
0.08,1.26,10.78
0.08,1.26,10.78
-0.01,1.23,9.97
-0.01,1.23,9.97
-0.01,1.23,9.97
0.18,1.58,9.79
0.18,1.58,9.79
0.18,1.58,9.79
-0.03,1.13,9.7
-0.03,1.13,9.7
-0.03,1.13,9.7
0.45,1.58,9.85
0.45,1.58,9.85
0.45,1.58,9.85
0.21,1.19,9.61
0.21,1.19,9.61
0.3,1.35,9.78
0.3,1.65,9.69
0.65,1.53,9.84
1.14,1.65,9.92
1.14,1.65,9.92
1.14,1.65,9.92
1.7,1.76,10.11
1.7,1.76,10.11
1.7,1.76,10.11
2.04,1.68,9.8
2.04,1.68,9.8
1.97,1.61,9.86
1.67,1.83,9.54
1.67,1.83,9.54
1.77,1.81,9.47
1.34,1.44,9.34
1.34,1.44,9.34
1.34,1.44,9.34
1.23,1.37,9.27
1.23,1.37,9.27
1.23,1.37,9.27
0.81,1.44,9.06
0.81,1.44,9.06
0.78,1.27,9.26
0.43,1.67,9.34
0.43,1.67,9.34
0.49,1.82,9.54
0.08,1.84,9.45
0.08,1.84,9.45
0.08,1.84,9.45
-0.3,1.26,9.34
-0.3,1.26,9.34
-0.3,1.26,9.34
-0.24,1.94,9.48
-0.24,1.94,9.48
-0.24,1.94,9.48
-0.51,1.59,9.05
-0.45,1.01,9.41
-0.45,1.01,9.41
-0.57,1.66,9.68
-0.57,1.66,9.68
-0.57,1.66,9.68
-0.43,1.47,10.28
-0.43,1.47,10.28
-0.43,1.47,10.28
-1.72,1.83,10.04
-1.72,1.83,10.04
-1.93,2.0,9.9
-2.39,1.65,10.08
-2.49,1.75,10.47
-2.49,1.75,10.47
-2.69,2.41,9.7
-2.69,2.41,9.7
-2.69,2.41,9.7
-4.27,2.74,10.19
-4.27,2.74,10.19
-4.27,2.74,10.19
-3.74,4.01,10.74
-3.74,4.01,10.74
-3.25,2.73,9.98
-3.25,2.73,9.98
-3.25,2.73,9.98
-3.42,2.41,9.91
-3.42,2.41,9.91
-3.42,2.41,9.91
-3.62,3.04,10.87
-3.62,3.04,10.87
-3.62,3.04,10.87
-3.17,3.58,9.84
-3.17,3.58,9.84
-3.17,3.58,9.84
-3.82,2.62,8.99
-3.82,2.62,8.99
-3.82,2.62,8.99
-3.57,3.37,9.26
-3.57,3.37,9.26
-3.57,3.37,9.26
-3.67,2.68,9.19
-3.67,2.68,9.19
-3.67,2.68,9.19
-3.94,2.93,9.04
-3.94,2.93,9.04
-3.94,2.93,9.04
-3.36,2.65,9.0
-3.36,2.65,9.0
-2.84,2.92,9.14
-2.84,2.92,9.14
-2.84,2.92,9.14
-2.46,2.97,9.1
-2.46,2.97,9.1
-2.46,2.97,9.1
-2.57,2.86,8.93
-2.57,2.86,8.93
-2.57,2.86,8.93
-2.95,3.08,9.18
-2.95,3.08,9.18
-3.08,3.4,9.07
-4.27,2.94,8.25
-4.27,2.94,8.25
-4.27,2.94,8.25
-6.59,3.35,8.61
-6.59,3.35,8.61
-6.59,3.35,8.61
-3.44,4.07,12.12
-3.44,4.07,12.12
-3.44,4.07,12.12
-7.24,6.01,7.63
-7.24,6.01,7.63
-7.24,6.01,7.63
-5.39,5.55,10.26
-5.39,5.55,10.26
-5.39,5.55,10.26
-4.85,4.92,8.73
-4.85,4.92,8.73
-4.85,4.92,8.73
-4.03,4.39,8.82
-4.03,4.39,8.82
-3.92,4.37,8.41
-3.15,4.09,8.57
-3.15,4.09,8.57
-3.15,4.09,8.57
-2.81,4.17,8.52
-2.81,4.17,8.52
-2.81,4.17,8.52
-3.22,4.32,7.52
-3.22,4.32,7.52
-3.22,4.32,7.52
-2.55,4.83,7.43
-2.55,4.83,7.43
-2.55,4.83,7.43
-3.03,4.83,5.98
-3.03,4.83,5.98
-3.03,4.83,5.98
-3.15,5.0,5.7
-3.15,5.0,5.7
-3.15,5.0,5.7
-3.35,5.59,5.47
-3.35,5.59,5.47
-3.35,5.59,5.47
-3.91,4.66,5.6
-3.97,5.16,5.31
-3.97,5.16,5.31
-4.29,5.33,5.1
-4.29,5.33,5.1
-4.29,5.33,5.1
-4.64,5.18,5.09
-4.64,5.18,5.09
-4.64,5.18,5.09
-5.6,4.57,4.31
-5.6,4.57,4.31
-5.6,4.57,4.31
-6.65,4.88,4.78
-6.65,4.88,4.78
-6.65,4.88,4.78
-9.8,4.85,8.0
-10.03,7.64,3.9
-10.03,7.64,3.9
-10.59,6.05,1.78
-10.59,6.05,1.78
-10.59,6.05,1.78
-6.84,5.18,3.41
-6.84,5.18,3.41
-6.84,5.18,3.41
-5.52,7.62,3.08
-5.5,8.04,2.37
-5.5,8.04,2.37
-5.49,7.14,2.79
-5.65,6.28,3.08
-5.65,6.28,3.08
-7.0,7.02,2.47
-7.0,7.02,2.47
-7.0,7.02,2.47
-7.29,7.13,2.61
-7.29,7.13,2.61
-7.29,7.13,2.61
-6.91,6.77,2.83
-6.91,6.77,2.83
-6.93,6.6,2.9
-7.19,6.57,2.76
-7.19,6.57,2.76
-7.19,6.57,2.76
-6.6,6.04,2.93
-6.6,6.04,2.93
-6.6,6.04,2.93
-6.31,6.32,2.49
-6.31,6.32,2.49
-6.31,6.32,2.49
-6.09,5.98,2.51
-6.32,5.89,2.36
-6.32,5.89,2.36
-6.99,6.11,2.64
-6.99,6.11,2.64
-6.99,6.11,2.64
-7.37,6.78,2.74
-7.37,6.78,2.74
-7.37,6.78,2.74
-6.88,6.64,2.46
-6.88,6.64,2.46
-6.88,6.64,2.46
-6.3,6.1,2.44
-6.46,5.97,2.36
-6.46,5.97,2.36
-6.72,5.97,2.59
-6.72,5.97,2.59
-6.72,5.97,2.59
-7.02,6.19,2.73
-7.02,6.19,2.73
-7.02,6.19,2.73
-6.87,6.26,2.65
-6.87,6.26,2.65
-6.87,6.26,2.65
-6.83,6.41,2.54
-6.83,6.41,2.54
-6.9,6.53,2.46
-6.73,6.72,2.33
-6.73,6.72,2.33
-9.37,-1.29,3.16
-9.47,-1.07,3.08
-9.47,-1.07,3.08
-9.75,-1.69,2.75
-10.17,-1.27,2.81
-10.17,-1.27,2.81
-10.26,-1.4,3.47
-11.37,-0.74,3.72
-11.37,-0.74,3.72
-11.37,-0.74,3.72
-11.56,-0.38,4.37
-11.56,-0.38,4.37
-11.56,-0.38,4.37
-11.14,-0.64,4.17
-11.14,-0.64,4.17
-11.14,-0.64,4.17
-11.1,0.76,4.41
-11.1,0.76,4.41
-10.9,0.62,4.5
-10.47,0.45,4.52
-10.47,0.45,4.52
-10.47,0.45,4.52
-10.67,-0.02,4.33
-10.67,-0.02,4.33
-10.67,-0.02,4.33
-10.79,-0.07,4.19
-10.79,-0.07,4.19
-10.79,-0.07,4.19
-9.92,-0.48,3.43
-9.92,-0.48,3.43
-9.71,0.19,3.03
-9.71,0.19,3.03
-9.71,0.19,3.03
-8.68,0.79,2.6
-8.68,0.79,2.6
-8.68,0.79,2.6
-8.91,0.42,2.11
-8.88,1.25,2.2
-8.88,1.25,2.2
-8.77,1.55,2.43
-8.77,1.55,2.43
-8.77,1.55,2.43
-8.58,0.61,2.22
-8.58,0.61,2.22
-8.58,0.61,2.22
-7.66,1.7,1.98
-7.66,1.7,1.98
-7.66,1.7,1.98
-7.38,1.21,2.33
-7.38,1.21,2.33
-7.38,1.21,2.33
-6.96,1.53,2.62
-6.96,1.53,2.62
-6.96,1.53,2.62
-6.58,2.28,2.79
-6.58,2.28,2.79
-6.58,2.28,2.79
-6.73,2.03,3.11
-6.73,2.03,3.11
-6.73,2.03,3.11
-7.06,3.12,3.4
-7.06,3.12,3.4
-7.51,2.88,3.6
-7.26,2.63,3.69
-7.26,2.63,3.69
-7.26,2.63,3.69
-6.4,2.84,3.78
-6.4,2.84,3.78
-6.4,2.84,3.78
-6.44,1.56,3.48
-6.44,1.56,3.48
-6.44,1.56,3.48
-7.18,1.69,4.05
-7.18,1.69,4.05
-7.58,1.46,4.48
-7.7,1.48,4.74
-7.7,1.48,4.74
-7.7,1.48,4.74
-7.84,-0.34,5.16
-7.84,-0.34,5.16
-7.84,-0.34,5.16
-8.49,-0.75,4.47
-8.49,-0.75,4.47
-8.49,-0.75,4.47
-8.67,0.02,4.16
-8.67,0.02,4.16
-9.27,-0.65,4.42
-9.01,-1.41,4.62
-9.01,-1.41,4.62
-9.01,-1.41,4.62
-8.3,-0.35,4.2
-8.3,-0.35,4.2
-8.3,-0.35,4.2
-8.17,-2.21,4.09
-8.17,-2.21,4.09
-8.17,-2.21,4.09
-7.47,-2.63,4.47
-7.47,-2.63,4.47
-7.54,-2.25,5.14
-6.57,-1.34,5.01
-6.57,-1.34,5.01
-6.57,-1.34,5.01
-7.59,-1.58,4.35
-7.59,-1.58,4.35
-7.59,-1.58,4.35
-7.79,-1.89,4.08
-7.79,-1.89,4.08
-7.41,-1.68,4.48
-7.09,-0.79,4.04
-7.09,-0.79,4.04
-7.12,-0.76,3.68
-6.66,-0.43,3.83
-6.66,-0.43,3.83
-6.66,-0.43,3.83
-7.5,-1.08,4.19
-7.5,-1.08,4.19
-7.5,-1.08,4.19
-8.15,-1.02,4.64
-8.15,-1.02,4.64
-7.82,-1.13,4.54
-7.82,-1.13,4.54
-7.82,-1.13,4.54
-7.54,-1.9,4.75
-7.54,-1.9,4.75
-7.54,-1.9,4.75
-7.58,-2.66,4.86
-7.58,-2.66,4.86
-7.58,-2.66,4.86
-7.65,-1.67,4.81
-7.65,-1.67,4.81
-7.65,-1.67,4.81
-8.29,-0.6,4.63
-8.17,-0.01,4.46
-8.17,-0.01,4.46
-8.43,-0.25,4.26
-8.43,-0.25,4.26
-8.43,-0.25,4.26
-9.5,-2.06,4.67
-9.5,-2.06,4.67
-9.5,-2.06,4.67
-7.92,-0.51,5.1
-7.92,-0.51,5.1
-7.92,-0.51,5.1
-6.8,0.4,4.22
-6.8,0.4,4.22
-7.37,-0.43,3.8
-8.37,-1.71,4.37
-8.37,-1.71,4.37
-8.37,-1.71,4.37
-8.84,-0.55,5.31
-8.84,-0.55,5.31
-8.84,-0.55,5.31
-8.3,0.14,4.41
-8.3,0.14,4.41
-8.3,0.14,4.41
-8.48,-0.78,4.19
-8.48,-0.78,4.19
-8.25,-0.93,4.33
-8.06,-0.48,4.22
-8.06,-0.48,4.22
-8.06,-0.48,4.22
-7.6,-0.49,4.69
-7.6,-0.49,4.69
-7.6,-0.49,4.69
-9.25,-0.01,5.05
-9.25,-0.01,5.05
-9.25,-0.01,5.05
-10.48,0.38,4.71
-10.48,0.38,4.71
-9.63,0.53,4.08
-8.95,-0.63,4.0
-8.95,-0.63,4.0
-8.95,-0.63,4.0
-8.21,-0.13,5.24
-8.21,-0.13,5.24
-8.21,-0.13,5.24
-7.89,1.15,6.54
-7.89,1.15,6.54
-7.89,1.15,6.54
-7.6,0.86,6.89
-7.6,0.86,6.89
-7.6,0.86,6.89
-6.73,1.06,7.41
-6.73,1.06,7.41
-6.73,1.06,7.41
-5.64,1.41,7.73
-5.64,1.41,7.73
-5.64,1.41,7.73
-5.21,2.17,8.57
-5.21,2.17,8.57
-4.88,2.83,8.5
-4.9,2.65,8.59
-4.9,2.65,8.59
-4.9,2.65,8.59
-4.1,3.06,8.25
-4.1,3.06,8.25
-4.1,3.06,8.25
-3.66,2.72,8.69
-3.66,2.72,8.69
-2.76,3.08,8.84
-2.76,3.08,8.84
-2.76,3.08,8.84
-3.43,2.34,8.62
-3.43,2.34,8.62
-3.43,2.34,8.62
-4.42,2.38,7.73
-4.42,2.38,7.73
-4.42,2.38,7.73
-5.7,2.83,8.37
-5.7,2.83,8.37
-5.7,2.83,8.37
-7.05,2.27,8.05
-7.05,2.27,8.05
-6.59,2.65,8.43
-4.7,0.31,9.92
-4.7,0.31,9.92
-4.7,0.31,9.92
-4.2,-1.25,9.35
-4.2,-1.25,9.35
-4.2,-1.25,9.35
-4.1,0.17,9.48
-4.1,0.17,9.48
-4.1,0.17,9.48
-5.52,-0.11,8.67
-5.52,-0.11,8.67
-6.11,-0.94,8.1
-5.58,-1.14,7.76
-5.58,-1.14,7.76
-5.58,-1.14,7.76
-5.1,-0.5,8.04
-5.1,-0.5,8.04
-5.1,-0.5,8.04
-4.83,-0.41,8.03
-4.83,-0.41,8.03
-4.83,-0.41,8.03
-4.38,-0.18,8.4
-4.38,-0.18,8.4
-4.61,-0.18,7.74
-4.81,-0.29,7.43
-4.81,-0.29,7.43
-5.02,-1.05,7.41
-5.02,-1.05,7.41
-5.02,-1.05,7.41
-5.28,0.53,7.89
-5.28,0.53,7.89
-5.28,0.53,7.89
-4.98,1.24,8.5
-4.98,1.24,8.5
-5.52,1.39,9.28
-5.96,1.29,9.63
-5.14,1.03,9.84
-5.14,1.03,9.84
-5.28,0.56,7.42
-5.28,0.56,7.42
-5.28,0.56,7.42
-4.45,0.25,7.76
-4.45,0.25,7.76
-4.45,0.25,7.76
-3.86,1.77,9.65
-3.86,1.77,9.65
-3.86,1.77,9.65
-4.47,1.17,10.31
-4.47,1.17,10.31
-4.14,0.68,9.89
-3.65,0.27,8.72
-3.65,0.27,8.72
-3.65,0.27,8.72
-2.94,0.65,9.23
-2.94,0.65,9.23
-2.94,0.65,9.23
-3.66,0.17,9.22
-3.66,0.17,9.22
-3.66,0.17,9.22
-4.05,1.58,9.11
-4.05,1.58,9.11
-4.05,1.58,9.11
-4.03,2.01,9.19
-4.03,2.01,9.19
-4.03,2.01,9.19
-3.86,0.34,9.97
-3.86,0.34,9.97
-3.86,0.34,9.97
-3.69,-0.04,9.46
-3.69,-0.04,9.46
-3.39,0.21,9.22
-3.39,0.89,9.29
-3.39,0.89,9.29
-3.39,0.89,9.29
-3.27,1.15,9.12
-3.27,1.15,9.12
-3.27,1.15,9.12
-3.63,1.5,9.07
-3.63,1.5,9.07
-3.63,1.5,9.07
-3.4,1.18,9.43
-3.4,1.18,9.43
-3.64,1.02,9.17
-4.2,1.09,8.85
-4.9,0.53,8.85
-4.9,0.53,8.85
-4.21,0.57,9.84
-4.21,0.57,9.84
-4.21,0.57,9.84
-4.99,0.24,10.1
-4.99,0.24,10.1
-4.99,0.24,10.1
-3.64,1.64,9.4
-3.64,1.64,9.4
-3.64,1.64,9.4
-3.03,1.46,9.35
-3.03,1.46,9.35
-3.03,1.46,9.35
-2.64,1.7,9.35
-2.64,1.7,9.35
-2.64,1.7,9.35
-2.86,0.46,8.98
-2.86,0.46,8.98
-2.86,0.46,8.98
-3.41,1.81,8.8
-3.09,1.89,9.28
-3.09,1.89,9.28
-3.98,0.54,9.29
-3.98,0.54,9.29
-3.98,0.54,9.29
-3.82,0.01,9.76
-3.82,0.01,9.76
-3.82,0.01,9.76
-3.9,0.3,9.44
-3.9,0.3,9.44
-3.9,0.3,9.44
-3.81,-0.79,9.65
-3.81,-0.79,9.65
-3.81,-0.79,9.65
-3.4,-0.01,9.55
-3.4,-0.01,9.55
-3.4,-0.01,9.55
-3.93,0.07,8.8
-3.93,0.07,8.8
-3.93,0.07,8.8
-3.51,0.28,9.46
-3.51,0.28,9.46
-3.51,0.28,9.46
-3.7,-0.14,9.5
-3.7,-0.14,9.5
-3.7,-0.14,9.5
-4.41,-0.21,8.55
-4.41,-0.21,8.55
-4.41,-0.21,8.55
-4.48,0.06,9.1
-4.48,0.06,9.1
-4.48,0.06,9.1
-5.23,-0.16,8.54
-5.23,-0.16,8.54
-5.23,-0.16,8.54
-5.89,0.26,7.54
-5.89,0.26,7.54
-5.95,0.02,7.99
-5.42,0.05,8.87
-4.44,1.05,9.74
-4.44,1.05,9.74
-2.8,1.52,9.95
-2.8,1.52,9.95
-2.8,1.52,9.95
-1.51,1.12,10.3
-1.51,1.12,10.3
-1.51,1.12,10.3
-1.79,1.04,9.32
-1.79,1.04,9.32
-2.04,1.13,9.69
-2.04,1.13,9.69
-2.04,1.13,9.69
-3.46,1.64,9.06
-3.46,1.64,9.06
-3.46,1.64,9.06
-4.16,0.22,9.18
-4.16,0.22,9.18
-4.16,0.22,9.18
-4.31,0.9,8.88
-4.31,0.9,8.88
-4.31,0.9,8.88
-3.46,1.6,8.92
-3.46,1.6,8.92
-3.46,1.6,8.92
-3.29,1.1,8.93
-3.29,1.1,8.93
-3.29,1.1,8.93
-3.33,1.68,9.84
-3.33,1.68,9.84
-3.33,1.68,9.84
-2.94,1.66,10.48
-2.94,1.66,10.48
-2.81,1.76,10.52
-2.07,3.73,9.76
-2.07,3.73,9.76
-2.07,3.73,9.76
-2.4,2.5,9.52
-2.4,2.5,9.52
-2.4,2.5,9.52
-1.24,3.29,10.01
-1.24,3.29,10.01
-1.24,3.29,10.01
-1.84,1.85,8.41
-1.23,2.31,9.81
-1.23,2.31,9.81
-0.92,3.88,10.17
-0.92,3.88,10.17
-0.92,3.88,10.17
-0.68,1.4,10.95
-0.68,1.4,10.95
-0.68,1.4,10.95
-1.99,1.46,10.84
-1.99,1.46,10.84
-1.71,1.03,10.98
-1.93,1.04,10.7
-1.93,1.04,10.7
-1.83,1.18,11.11
-1.89,-1.06,10.94
-1.89,-1.06,10.94
-1.89,-1.06,10.94
-1.81,-0.81,10.7
-1.81,-0.81,10.7
-1.81,-0.81,10.7
-2.43,0.63,10.05
-2.43,0.63,10.05
-2.43,0.63,10.05
-1.89,-0.38,9.97
-1.89,-0.38,9.97
-1.67,-0.66,9.95
-1.56,0.47,10.0
-1.56,0.47,10.0
-1.56,0.47,10.0
-1.4,1.29,10.51
-1.4,1.29,10.51
-1.4,1.29,10.51
-2.34,-0.87,9.67
-2.34,-0.87,9.67
-2.34,-0.87,9.67
-5.57,-0.42,7.23
-5.57,-0.42,7.23
-5.57,-0.42,7.23
-3.31,0.63,9.2
-3.31,0.63,9.2
-3.31,0.63,9.2
-2.87,-0.65,9.07
-2.87,-0.65,9.07
-2.87,-0.65,9.07
-2.9,-0.05,8.95
-2.9,-0.05,8.95
-3.38,0.36,8.73
-3.87,0.34,8.51
-3.87,0.34,8.51
-4.13,-0.24,8.78
-4.47,-0.13,8.36
-4.47,-0.13,8.36
-4.47,-0.13,8.36
-4.92,0.05,8.88
-4.92,0.05,8.88
-4.92,0.05,8.88
-4.52,0.54,9.58
-4.52,0.54,9.58
-4.52,0.54,9.58
-2.98,1.05,9.55
-2.98,1.05,9.55
-2.25,0.65,9.84
-2.14,-1.24,10.1
-2.14,-1.24,10.1
-2.14,-1.24,10.1
-4.7,-4.42,9.87
-4.7,-4.42,9.87
-4.7,-4.42,9.87
-2.79,1.2,9.29
-2.79,1.2,9.29
-2.79,1.2,9.29
-3.69,0.65,9.69
-3.69,0.65,9.69
-3.69,0.65,9.69
-4.25,1.28,9.09
-4.25,1.28,9.09
-4.25,1.28,9.09
-4.93,1.8,8.63
-4.93,1.8,8.63
-4.93,1.8,8.63
-4.89,2.2,8.91
-4.89,2.2,8.91
-4.99,2.06,8.77
-4.27,1.28,8.48
-4.27,1.28,8.48
-4.27,1.28,8.48
-3.83,1.9,9.17
-3.83,1.9,9.17
-3.83,1.9,9.17
-4.06,1.94,9.2
-4.06,1.94,9.2
-4.06,1.94,9.2
-3.76,2.19,9.38
-3.76,2.19,9.38
-3.76,2.19,9.38
-3.22,2.2,8.92
-3.22,2.2,8.92
-3.22,2.2,8.92
-2.98,2.06,8.61
-2.98,2.06,8.61
-2.98,2.06,8.61
-3.29,1.95,9.21
-3.29,1.95,9.21
-3.29,1.95,9.21
-3.37,2.06,9.78
-3.37,2.06,9.78
-2.77,2.05,9.85
-2.68,2.17,8.66
-2.68,2.17,8.66
-2.68,2.17,8.66
-3.1,2.85,9.89
-3.1,2.85,9.89
-3.1,2.85,9.89
-2.8,2.77,10.42
-2.8,2.77,10.42
-2.8,2.77,10.42
-2.93,2.25,9.84
-2.48,2.14,9.91
-2.48,2.14,9.91
-1.82,2.39,10.24
-1.82,2.39,10.24
-1.82,2.39,10.24
-1.48,2.55,9.77
-1.48,2.55,9.77
-1.48,2.55,9.77
-1.35,2.66,9.65
-1.35,2.66,9.65
-1.35,2.66,9.65
-1.56,2.47,9.99
-1.64,2.58,9.89
-1.64,2.58,9.89
-1.59,2.56,9.82
-1.59,2.56,9.82
-1.59,2.56,9.82
-2.3,2.33,10.09
-2.3,2.33,10.09
-2.91,2.59,10.47
-2.91,2.59,10.47
-2.91,2.59,10.47
-2.83,2.37,9.36
-2.83,2.37,9.36
-2.83,2.37,9.36
-3.76,1.6,8.96
-3.76,1.6,8.96
-3.76,1.6,8.96
-4.2,1.27,9.37
-4.2,1.27,9.37
-4.2,1.27,9.37
-4.34,1.19,9.44
-4.34,1.19,9.44
-4.34,1.19,9.44
-4.34,0.99,9.02
-4.34,0.99,9.02
-4.34,0.99,9.02
-3.82,0.49,8.94
-3.82,0.49,8.94
-3.82,0.49,8.94
-3.59,0.15,8.9
-3.59,0.15,8.9
-3.59,0.15,8.9
-3.65,0.14,9.11
-3.65,0.14,9.11
-3.65,0.14,9.11
-3.28,-0.12,9.22
-3.28,-0.12,9.22
-3.28,-0.12,9.22
-4.16,0.54,8.61
-4.16,0.54,8.61
-4.16,0.54,8.61
-4.4,0.67,9.42
-4.4,0.67,9.42
-4.4,0.67,9.42
-4.93,0.92,9.35
-4.93,0.92,9.35
-4.93,0.92,9.35
-4.81,1.55,9.1
-4.81,1.55,9.1
-4.81,1.55,9.1
-3.63,1.32,8.43
-3.63,1.32,8.43
-3.63,1.32,8.43
-3.11,1.02,8.17
-3.11,1.02,8.17
-3.11,1.02,8.17
-3.02,1.25,9.4
-3.02,1.25,9.4
-3.02,1.25,9.4
-2.68,1.54,10.2
-2.68,1.54,10.2
-2.68,1.54,10.2
-2.81,1.72,10.36
-2.79,1.78,10.23
-2.79,1.78,10.23
-2.51,1.68,9.78
-2.51,1.68,9.78
-2.51,1.68,9.78
-2.22,1.56,9.46
-2.22,1.56,9.46
-2.22,1.56,9.46
-2.1,1.51,10.09
-2.1,1.51,10.09
-1.94,1.53,10.24
-1.99,1.5,10.13
-2.02,1.63,9.84
-2.02,1.63,9.84
-3.36,1.94,10.47
-3.36,1.94,10.47
-3.36,1.94,10.47
-4.28,1.76,10.31
-4.28,1.76,10.31
-4.28,1.76,10.31
-3.94,1.65,9.41
-3.94,1.65,9.41
-4.39,1.34,8.96
-4.85,0.51,9.24
-4.85,0.51,9.24
-4.85,0.51,9.24
-4.9,0.33,8.82
-4.9,0.33,8.82
-4.53,0.12,8.54
-4.53,0.12,8.54
-4.53,0.12,8.54
-2.8,0.08,9.07
-2.8,0.08,9.07
-2.8,0.08,9.07
-3.05,-0.35,8.88
-3.05,-0.35,8.88
-3.05,-0.35,8.88
-3.31,-0.29,8.43
-3.31,-0.29,8.43
-3.31,-0.29,8.43
-3.98,-0.68,8.49
-3.98,-0.68,8.49
-3.98,-0.68,8.49
-4.12,-0.69,8.57
-4.12,-0.69,8.57
-4.41,-0.43,8.7
-4.2,0.15,9.68
-4.2,0.15,9.68
-4.2,0.15,9.68
-4.57,-0.46,9.65
-4.57,-0.46,9.65
-3.61,-0.09,9.83
-3.61,-0.09,9.83
-3.61,-0.09,9.83
-3.32,-0.3,9.26
-3.32,-0.3,9.26
-2.86,0.14,8.98
-3.06,0.35,8.74
-3.06,0.35,8.74
-3.06,0.35,8.74
-3.26,0.41,8.97
-3.26,0.41,8.97
-3.26,0.41,8.97
-3.49,0.36,9.67
-3.49,0.36,9.67
-3.49,0.36,9.67
-2.91,-0.21,10.39
-2.7,0.09,10.44
-2.7,0.09,10.44
-2.76,0.46,9.28
-2.76,0.46,9.28
-2.76,0.46,9.28
-2.23,0.1,10.29
-2.23,0.1,10.29
-2.23,0.1,10.29
-2.34,0.33,9.7
-2.34,0.33,9.7
-2.34,0.33,9.7
-2.33,-0.04,9.51
-2.33,-0.04,9.51
-2.33,-0.04,9.51
-2.55,0.11,9.77
-2.55,0.11,9.77
-2.55,0.11,9.77
-2.48,0.34,10.04
-2.48,0.34,10.04
-2.48,0.34,10.04
-2.37,0.34,10.2
-2.37,0.34,10.2
-2.37,0.34,10.2
-2.94,0.45,9.95
-2.63,0.54,9.87
-2.63,0.54,9.87
-2.48,0.04,10.22
-2.48,0.04,10.22
-2.48,0.04,10.22
-2.3,0.35,9.46
-2.3,0.35,9.46
-2.3,0.35,9.46
-2.37,0.45,9.84
-2.37,0.45,9.84
-2.37,0.45,9.84
-2.26,0.14,9.44
-2.26,0.14,9.44
-2.26,0.14,9.44
-2.26,-0.1,10.16
-2.26,-0.1,10.16
-2.26,-0.1,10.16
-2.46,-0.03,9.74
-2.46,-0.03,9.74
-2.46,-0.03,9.74
-2.97,0.38,9.52
-2.97,0.38,9.52
-2.97,0.38,9.52
-3.46,0.08,9.63
-3.51,0.19,9.21
-3.51,0.19,9.21
-3.27,0.38,9.93
-3.27,0.38,9.93
-3.27,0.38,9.93
-3.21,0.5,9.84
-3.21,0.5,9.84
-3.21,0.5,9.84
-3.28,0.84,9.05
-3.28,0.84,9.05
-3.28,0.84,9.05
-3.3,0.45,8.99
-3.3,0.45,8.99
-3.3,0.45,8.99
-2.55,0.68,10.29
-2.55,0.68,10.29
-2.55,0.68,10.29
-3.29,0.57,9.93
-3.29,0.57,9.93
-3.29,0.57,9.93
-2.79,0.36,9.53
-2.79,0.36,9.53
-2.77,0.5,9.37
-2.52,0.55,9.9
-2.52,0.55,9.9
-2.52,0.55,9.9
-1.8,0.2,10.25
-1.8,0.2,10.25
-1.8,0.2,10.25
-2.43,0.77,10.09
-2.43,0.77,10.09
-2.43,0.77,10.09
-2.02,0.41,10.23
-2.02,0.41,10.23
-3.23,0.77,9.68
-4.19,-0.27,8.52
-4.19,-0.27,8.52
-4.19,-0.27,8.52
-4.91,-0.57,9.15
-4.91,-0.57,9.15
-4.91,-0.57,9.15
-3.64,-5.11,9.96
-3.64,-5.11,9.96
-3.64,-5.11,9.96
-6.61,0.78,9.25
-6.61,0.78,9.25
-6.61,0.78,9.25
-2.46,-0.12,9.83
-2.46,-0.12,9.83
-3.46,-0.56,9.46
-2.53,-0.31,9.88
-2.53,-0.31,9.88
-2.53,-0.31,9.88
-2.2,-0.18,9.46
-2.2,-0.18,9.46
-2.2,-0.18,9.46
-2.85,-1.26,9.46
-2.85,-1.26,9.46
-3.09,-0.82,9.41
-3.88,-1.18,9.4
-3.88,-1.18,9.4
-3.88,-1.18,9.4
-3.78,-0.39,9.64
-3.78,-0.39,9.64
-3.78,-0.39,9.64
-3.74,-0.05,8.87
-3.74,-0.05,8.87
-3.74,-0.05,8.87
-2.66,-0.1,9.77
-2.14,-0.0,9.27
-2.17,0.03,9.06
-2.17,0.03,9.06
-2.14,-0.4,9.55
-3.21,-0.66,9.16
-3.21,-0.66,9.16
-3.21,-0.66,9.16
-3.66,-0.29,9.29
-3.66,-0.29,9.29
-3.66,-0.29,9.29
-3.24,-1.33,9.44
-3.24,-1.33,9.44
-2.47,-1.42,10.06
-2.47,-1.42,10.06
-2.47,-1.42,10.06
-2.57,-1.61,9.68
-2.57,-1.61,9.68
-2.57,-1.61,9.68
-2.51,-1.67,9.91
-2.51,-1.67,9.91
-2.51,-1.67,9.91
-2.98,-0.73,9.27
-3.43,-0.77,9.01
-3.43,-0.77,9.01
-3.13,0.54,8.94
-3.13,0.54,8.94
-3.13,0.54,8.94
-3.21,1.18,9.59
-3.21,1.18,9.59
-3.21,1.18,9.59
-2.95,-0.47,9.94
-2.95,-0.47,9.94
-2.95,-0.47,9.94
-3.7,-0.98,8.47
-3.7,-0.98,8.47
-3.51,-1.84,9.8
-3.54,-1.85,10.0
-3.48,-1.14,10.04
-3.48,-1.14,10.04
-3.68,-0.15,9.39
-3.68,-0.15,9.39
-3.68,-0.15,9.39
-3.64,0.64,9.24
-3.64,0.64,9.24
-3.64,0.64,9.24
-3.3,-0.38,10.04
-3.3,-0.38,10.04
-3.3,-0.38,10.04
-3.58,0.81,9.0
-3.58,0.81,9.0
-3.58,0.81,9.0
-3.66,-0.83,8.95
-3.66,-0.83,8.95
-3.66,-0.83,8.95
-3.71,-0.0,9.05
-3.71,-0.0,9.05
-3.71,-0.0,9.05
-4.02,1.08,9.69
-4.02,1.08,9.69
-4.06,0.16,10.0
-4.22,-1.59,9.8
-4.22,-1.59,9.8
-4.22,-1.59,9.8
-3.54,-0.08,9.33
-3.54,-0.08,9.33
-3.54,-0.08,9.33
-4.17,-0.58,9.17
-4.17,-0.58,9.17
-4.17,-0.58,9.17
-3.93,0.12,9.39
-3.93,0.12,9.39
-4.21,-0.02,9.31
-3.85,0.6,9.35
-3.85,0.6,9.35
-3.85,0.6,9.35
-3.85,0.2,8.85
-3.85,0.2,8.85
-3.85,0.2,8.85
-3.79,0.33,8.66
-3.79,0.33,8.66
-3.79,0.33,8.66
-4.08,-0.12,8.68
-4.08,-0.12,8.68
-3.83,-0.26,9.03
-4.7,-0.44,8.67
-4.7,-0.44,8.67
-4.7,-0.44,8.67
-3.72,-1.2,10.2
-3.72,-1.2,10.2
-3.72,-1.2,10.2
-4.12,-1.06,9.22
-4.12,-1.06,9.22
-4.12,-1.06,9.22
-4.14,-0.66,9.56
-4.14,-0.66,9.56
-4.14,-0.66,9.56
-5.88,-0.85,9.65
-5.88,-0.85,9.65
-5.88,-0.85,9.65
-3.41,-0.34,9.22
-3.41,-0.34,9.22
-3.41,-0.34,9.22
-2.46,-2.76,9.69
-2.46,-2.76,9.69
-2.46,-2.76,9.69
-3.44,-0.73,9.6
-3.44,-0.73,9.6
-3.44,-0.73,9.6
-0.13,0.23,10.03
-0.13,0.23,10.03
-0.13,0.23,10.03
-2.9,-1.29,9.57
-2.9,-1.29,9.57
-2.9,-1.29,9.57
-3.89,-0.86,9.78
-3.89,-0.86,9.78
-3.89,-0.86,9.78
-4.08,-0.15,9.99
-4.73,-0.48,9.52
-4.73,-0.48,9.52
-3.51,-1.84,10.12
-3.51,-1.84,10.12
-3.51,-1.84,10.12
-3.0,-1.46,9.51
-3.0,-1.46,9.51
-3.0,-1.46,9.51
-2.11,-1.94,9.63
-2.11,-1.94,9.63
-2.11,-1.94,9.63
-2.14,0.1,9.29
-2.14,0.1,9.29
-2.14,0.1,9.29
-1.57,0.23,9.35
-1.57,0.23,9.35
-1.57,0.23,9.35
-2.08,1.53,9.02
-2.08,1.53,9.02
-2.08,1.53,9.02
-1.81,-0.23,9.02
-1.81,-0.23,9.02
-1.67,0.41,9.02
-1.92,-1.84,9.38
-1.92,-1.84,9.38
-1.92,-1.84,9.38
-1.58,-1.31,10.93
-1.58,-1.31,10.93
-2.09,-2.1,10.91
-2.09,-2.1,10.91
-2.09,-2.1,10.91
-0.99,-3.03,11.44
-0.99,-3.03,11.44
-0.99,-3.03,11.44
0.23,-3.1,12.25
0.23,-3.1,12.25
0.75,-3.11,10.85
-0.14,-2.63,10.47
-0.14,-2.63,10.47
-0.14,-2.63,10.47
0.27,-2.06,10.26
0.27,-2.06,10.26
0.27,-2.06,10.26
1.58,-1.49,10.23
1.58,-1.49,10.23
1.58,-1.49,10.23
1.7,-0.28,8.63
1.7,-0.28,8.63
1.7,-0.28,8.63
1.1,0.79,8.38
1.1,0.79,8.38
1.1,0.79,8.38
0.27,1.64,8.17
0.27,1.64,8.17
0.27,1.64,8.17
0.16,1.71,8.86
0.16,1.71,8.86
0.16,1.71,8.86
1.04,1.21,10.02
1.04,1.21,10.02
1.11,0.53,10.54
-0.5,1.94,9.95
-0.5,1.94,9.95
-1.54,1.16,10.2
-1.54,1.16,10.2
-1.54,1.16,10.2
-2.01,0.57,9.74
-2.01,0.57,9.74
-1.98,-0.17,10.36
-2.09,0.4,10.53
-2.71,1.23,10.52
-2.71,1.23,10.52
-1.5,1.15,10.58
-1.5,1.15,10.58
-1.5,1.15,10.58
-1.16,1.15,11.31
-1.16,1.15,11.31
-1.16,1.15,11.31
-2.06,1.54,11.29
-2.06,1.54,11.29
-2.06,1.54,11.29
-1.9,1.07,9.6
-1.9,1.07,9.6
-1.9,1.07,9.6
-1.68,2.42,10.49
-1.68,2.42,10.49
-1.68,2.42,10.49
-1.16,2.89,9.39
-1.16,2.89,9.39
-1.16,2.89,9.39
-0.89,3.24,10.88
-0.89,3.24,10.88
-0.89,3.24,10.88
-1.05,4.35,9.19
-1.05,4.35,9.19
-1.14,3.0,9.52
-1.15,2.69,10.48
-1.15,2.69,10.48
-1.15,2.69,10.48
-1.94,2.6,9.69
-1.94,2.6,9.69
-1.94,2.6,9.69
-2.08,2.33,10.96
-2.08,2.33,10.96
-2.08,2.33,10.96
-1.89,2.91,10.66
-1.89,2.91,10.66
-1.98,2.81,10.05
-2.04,2.15,9.96
-2.04,2.15,9.96
-2.04,2.15,9.96
-1.01,3.42,9.39
-1.01,3.42,9.39
-1.01,3.42,9.39
-0.59,3.27,8.63
-0.59,3.27,8.63
-0.59,3.27,8.63
-0.47,2.91,9.51
-0.47,2.91,9.51
-0.47,2.91,9.51
-0.79,3.56,9.26
-0.79,3.56,9.26
-0.79,3.56,9.26
-0.19,1.98,10.67
-0.19,1.98,10.67
-0.19,1.98,10.67
-0.85,2.02,10.14
-0.85,2.02,10.14
-0.83,2.43,9.61
-0.83,3.14,9.58
-0.24,3.02,10.43
-0.24,3.02,10.43
-0.39,1.23,10.96
-0.39,1.23,10.96
-0.39,1.23,10.96
0.31,2.34,11.22
0.31,2.34,11.22
0.31,2.34,11.22
-0.76,2.29,10.45
-0.76,2.29,10.45
-0.27,2.22,10.08
-0.69,1.52,10.29
-0.69,1.52,10.29
-0.69,1.52,10.29
-0.98,2.5,9.05
-0.98,2.5,9.05
-0.98,2.5,9.05
-0.73,2.7,9.22
-0.73,2.7,9.22
-0.73,2.7,9.22
0.72,3.35,9.59
0.72,3.35,9.59
0.4,2.48,9.58
0.58,1.36,10.8
0.58,1.36,10.8
0.58,1.36,10.8
-0.52,2.51,10.22
-0.52,2.51,10.22
-0.52,2.51,10.22
-0.18,1.73,11.12
-0.18,1.73,11.12
-0.18,1.73,11.12
-0.61,0.71,11.17
-0.61,0.71,11.17
-0.88,1.53,10.8
-0.81,0.5,10.22
-0.81,0.5,10.22
-0.81,0.5,10.22
-0.58,0.8,10.98
-0.58,0.8,10.98
-0.58,0.8,10.98
-0.4,2.04,10.1
-0.4,2.04,10.1
-0.4,2.04,10.1
-0.16,1.33,10.74
-0.11,0.88,10.5
-0.11,0.88,10.5
-0.35,1.68,10.22
-0.35,1.68,10.22
-0.35,1.68,10.22
-1.1,-0.02,9.73
-1.1,-0.02,9.73
-1.1,-0.02,9.73
-0.62,0.74,10.01
-0.62,0.74,10.01
-0.62,0.74,10.01
-1.02,2.61,8.21
-1.02,2.61,8.21
-1.62,2.21,7.9
-1.38,1.74,9.75
-1.38,1.74,9.75
-1.38,1.74,9.75
-2.88,1.33,11.34
-2.88,1.33,11.34
-2.88,1.33,11.34
-1.85,0.85,11.43
-1.85,0.85,11.43
-1.85,0.85,11.43
-0.9,2.38,10.56
-0.46,2.14,10.47
-0.46,2.14,10.47
-0.58,0.5,8.72
-0.58,0.5,8.72
-0.58,0.5,8.72
-1.19,0.01,9.41
-1.19,0.01,9.41
-1.19,0.01,9.41
-1.05,2.44,9.26
-1.05,2.44,9.26
-1.05,2.44,9.26
-0.55,2.48,10.3
0.43,1.65,11.27
0.43,1.65,11.27
0.29,1.92,10.0
0.29,1.92,10.0
0.29,1.92,10.0
-1.63,-0.3,10.0
-1.63,-0.3,10.0
-1.63,-0.3,10.0
-1.5,-0.18,11.25
-1.5,-0.18,11.25
-1.5,-0.18,11.25
0.14,1.51,10.2
0.14,1.51,10.2
0.14,1.51,10.2
-0.38,0.96,8.55
-0.38,0.96,8.55
-0.38,0.96,8.55
0.86,-0.04,9.86
0.86,-0.04,9.86
0.86,-0.04,9.86
0.45,1.02,9.82
0.45,1.02,9.82
0.49,0.12,10.39
0.49,0.12,10.39
0.49,0.12,10.39
-0.59,0.92,9.65
-0.59,0.92,9.65
-0.59,0.92,9.65
-2.26,-2.29,9.93
-2.26,-2.29,9.93
-2.26,-2.29,9.93
-2.75,-1.93,10.98
-2.75,-1.93,10.98
-2.75,-1.93,10.98
-3.63,-0.77,10.92
-3.63,-0.77,10.92
-3.7,-0.49,9.95
-3.4,-1.08,11.45
-3.4,-1.08,11.45
-3.4,-1.08,11.45
-4.7,0.83,8.22
-4.7,0.83,8.22
-4.7,0.83,8.22
-5.11,-0.91,8.92
-5.11,-0.91,8.92
-4.19,0.82,9.48
-4.71,0.94,8.2
-4.71,0.94,8.2
-5.59,0.42,8.41
-6.95,-0.14,8.16
-6.95,-0.14,8.16
-6.95,-0.14,8.16
-6.82,-0.01,8.32
-6.82,-0.01,8.32
-6.82,-0.01,8.32
-8.04,-0.07,7.81
-8.04,-0.07,7.81
-7.55,-0.33,7.74
-6.24,-1.02,7.58
-6.24,-1.02,7.58
-6.24,-1.02,7.58
-4.87,-1.43,7.57
-4.87,-1.43,7.57
-4.87,-1.43,7.57
-5.47,-1.22,6.95
-5.47,-1.22,6.95
-5.47,-1.22,6.95
-5.96,-1.13,7.21
-5.96,-1.13,7.21
-5.96,-1.13,7.21
-6.12,-0.55,7.38
-6.12,-0.55,7.38
-6.67,0.0,6.3
-5.63,0.21,7.75
-5.63,0.21,7.75
-5.63,0.21,7.75
-7.7,0.85,5.8
-7.7,0.85,5.8
-7.7,0.85,5.8
-7.79,-1.08,5.5
-7.79,-1.08,5.5
-7.79,-1.08,5.5
-5.18,1.99,7.95
-5.18,1.99,7.95
-5.18,1.99,7.95
-7.02,1.59,7.26
-7.02,1.59,7.26
-7.51,3.06,7.43
-7.51,3.06,7.43
-7.51,3.06,7.43
-7.26,5.01,6.72
-7.26,5.01,6.72
-7.26,5.01,6.72
-6.82,2.82,6.54
-6.82,2.82,6.54
-6.27,2.1,6.33
-6.22,3.65,5.93
-6.22,3.65,5.93
-6.22,3.65,5.93
-7.11,3.28,6.52
-7.11,3.28,6.52
-7.11,3.28,6.52
-9.79,3.12,6.09
-9.79,3.12,6.09
-9.79,3.12,6.09
-9.22,1.6,6.44
-9.22,1.6,6.44
-7.59,1.01,5.87
-8.77,-0.54,4.78
-8.77,-0.54,4.78
-8.77,-0.54,4.78
-7.18,-2.51,4.68
-7.18,-2.51,4.68
-7.18,-2.51,4.68
-7.88,-3.51,3.83
-7.88,-3.51,3.83
-7.88,-3.51,3.83
-6.61,-5.71,3.75
-5.58,-4.95,4.25
-5.58,-4.95,4.25
-5.97,-4.47,3.71
-5.97,-4.47,3.71
-5.97,-4.47,3.71
-4.66,-5.13,3.61
-4.66,-5.13,3.61
-4.66,-5.13,3.61
-4.45,-5.2,4.16
-4.45,-5.2,4.16
-4.45,-5.2,4.16
-5.0,-5.21,5.21
-5.0,-5.21,5.21
-5.0,-5.21,5.21
-5.98,-4.9,6.93
-5.98,-4.9,6.93
-5.98,-4.9,6.93
-4.96,-5.07,7.36
-4.96,-5.07,7.36
-4.96,-5.07,7.36
-4.7,-4.26,7.71
-4.7,-4.26,7.71
-4.7,-4.26,7.71
-4.82,-3.77,8.42
-4.82,-3.77,8.42
-4.82,-3.77,8.42
-3.83,-4.15,7.26
-3.83,-4.15,7.26
-3.83,-4.15,7.26
-3.7,-4.84,7.54
-3.7,-4.84,7.54
-3.7,-4.84,7.54
-4.13,-4.3,6.55
-4.13,-4.3,6.55
-4.37,-4.52,6.7
-4.51,-4.46,7.01
-3.8,-4.28,7.25
-3.8,-4.28,7.25
-4.36,-4.57,8.24
-4.36,-4.57,8.24
-4.36,-4.57,8.24
-4.86,-4.42,9.09
-4.86,-4.42,9.09
-4.86,-4.42,9.09
-4.34,-4.16,8.85
-4.34,-4.16,8.85
-3.86,-4.48,8.46
-2.95,-5.39,8.0
-2.95,-5.39,8.0
-2.95,-5.39,8.0
-1.92,-5.1,9.74
-1.92,-5.1,9.74
-1.92,-5.1,9.74
-2.01,-4.77,9.63
-2.01,-4.77,9.63
-2.01,-4.77,9.63
-1.75,-5.17,9.35
-1.75,-5.17,9.35
-1.75,-5.17,9.35
-1.09,-5.06,9.25
-1.09,-5.06,9.25
-1.09,-5.06,9.25
-2.21,-4.88,8.23
-2.21,-4.88,8.23
-2.21,-4.88,8.23
-1.1,-5.36,8.33
-1.1,-5.36,8.33
-1.1,-5.36,8.33
-1.29,-4.15,8.57
-1.29,-4.15,8.57
-1.4,-3.95,8.42
-2.03,-4.82,8.13
-2.03,-4.82,8.13
-2.03,-4.82,8.13
-1.71,-4.45,8.25
-1.71,-4.45,8.25
-1.71,-4.45,8.25
-1.59,-4.87,8.34
-1.59,-4.87,8.34
-1.59,-4.87,8.34
-1.26,-4.84,7.67
-1.26,-4.84,7.67
-1.26,-4.84,7.67
-1.06,-5.45,8.33
-1.06,-5.45,8.33
-1.06,-5.45,8.33
-0.75,-5.79,8.31
-0.75,-5.79,8.31
-0.75,-5.79,8.31
-0.71,-5.12,8.83
-0.71,-5.12,8.83
-0.71,-5.12,8.83
-0.64,-5.38,8.73
-0.64,-5.38,8.73
-0.38,-5.77,8.64
-0.38,-5.77,8.64
-0.38,-5.77,8.64
-0.76,-5.82,8.8
-0.76,-5.82,8.8
-0.76,-5.82,8.8
-1.05,-6.03,9.11
-1.05,-6.03,9.11
-1.05,-6.03,9.11
-2.11,-5.47,8.66
-2.11,-5.47,8.66
-2.11,-5.47,8.66
-2.21,-5.33,8.13
-2.21,-5.33,8.13
-2.21,-5.33,8.13
-2.73,-5.97,7.99
-2.73,-5.97,7.99
-2.73,-5.97,7.99
-2.82,-5.97,7.49
-2.82,-5.97,7.49
-2.82,-5.97,7.49
-3.82,-5.35,7.21
-3.82,-5.35,7.21
-3.82,-5.35,7.21
-4.31,-4.8,6.46
-4.31,-4.8,6.46
-4.31,-4.8,6.46
-4.06,-3.42,6.08
-4.06,-3.42,6.08
-4.06,-3.42,6.08
-4.61,-4.6,5.0
-4.61,-4.6,5.0
-4.61,-4.6,5.0
-4.18,-4.73,6.67
-4.18,-4.73,6.67
-4.18,-4.73,6.67
-4.37,-6.36,6.5
-4.37,-6.36,6.5
-4.37,-6.36,6.5
-3.91,-7.91,6.95
-3.91,-7.91,6.95
-3.91,-7.91,6.95
-3.97,-8.31,7.26
-3.97,-8.31,7.26
-3.97,-8.31,7.26
-3.17,-9.93,8.62
-3.17,-9.93,8.62
-2.91,-9.75,9.24
-2.74,-9.53,9.0
-2.74,-9.53,9.0
-2.74,-9.53,9.0
-1.74,-10.01,9.58
-1.74,-10.01,9.58
-1.74,-10.01,9.58
-1.7,-8.22,9.04
-1.7,-8.22,9.04
-1.7,-8.22,9.04
-0.57,-8.15,8.53
-0.57,-8.15,8.53
-0.52,-8.16,8.44
0.06,-7.23,7.7
0.06,-7.23,7.7
0.49,-7.07,7.14
0.49,-7.07,7.14
0.49,-7.07,7.14
1.29,-6.86,6.96
1.29,-6.86,6.96
1.29,-6.86,6.96
1.81,-7.39,6.32
1.81,-7.39,6.32
2.03,-7.38,6.17
1.79,-5.69,3.79
1.79,-5.69,3.79
1.79,-5.69,3.79
2.94,-5.3,3.6
2.94,-5.3,3.6
2.94,-5.3,3.6
2.57,-3.75,2.19
2.57,-3.75,2.19
2.57,-3.75,2.19
2.47,-3.41,0.94
2.47,-3.41,0.94
2.47,-3.41,0.94
2.99,-2.85,0.63
2.99,-2.85,0.63
2.99,-2.85,0.63
3.45,-2.29,1.71
3.45,-2.29,1.71
3.45,-2.29,1.71
3.47,-1.57,2.5
3.47,-1.57,2.5
3.47,-1.57,2.5
7.55,-2.0,5.27
7.77,-2.85,5.45
7.77,-2.85,5.45
5.64,-3.0,6.33
5.64,-3.0,6.33
5.64,-3.0,6.33
6.99,-5.79,8.16
6.99,-5.79,8.16
6.99,-5.79,8.16
5.75,-2.81,8.5
5.75,-2.81,8.5
5.75,-2.81,8.5
6.01,-6.1,8.68
6.01,-6.1,8.68
5.53,-4.18,9.54
3.56,-4.66,9.27
3.56,-4.66,9.27
3.56,-4.66,9.27
3.46,-2.29,10.87
3.46,-2.29,10.87
3.46,-2.29,10.87
1.96,-4.58,9.87
1.96,-4.58,9.87
1.96,-4.58,9.87
1.94,-3.14,10.03
1.61,-3.55,10.62
1.61,-3.55,10.62
0.82,-4.72,12.15
0.82,-4.72,12.15
0.82,-4.72,12.15
-0.11,-4.05,10.98
-0.11,-4.05,10.98
-0.11,-4.05,10.98
0.36,-4.16,11.73
0.36,-4.16,11.73
0.36,-4.16,11.73
-0.15,-2.67,11.82
-0.75,-2.72,10.91
-0.75,-2.72,10.91
-0.64,-3.24,11.35
-0.64,-3.24,11.35
-0.64,-3.24,11.35
-0.32,-1.14,10.85
-0.32,-1.14,10.85
-0.32,-1.14,10.85
-0.63,-1.97,11.24
-0.63,-1.97,11.24
-0.63,-1.97,11.24
-0.62,-0.69,10.65
-0.62,-0.69,10.65
-0.62,-0.69,10.65
-1.83,-1.51,9.54
-1.83,-1.51,9.54
-1.83,-1.51,9.54
-2.15,0.67,11.31
-2.15,0.67,11.31
-2.15,0.67,11.31
-2.7,0.08,8.91
-2.7,0.08,8.91
-2.7,0.08,8.91
-4.19,-1.31,10.5
-4.19,-1.31,10.5
-3.9,0.66,10.24
-3.72,0.84,9.57
-3.72,0.84,9.57
-3.72,0.84,9.57
-3.98,-0.62,9.28
-3.98,-0.62,9.28
-3.98,-0.62,9.28
-3.99,-0.39,9.5
-3.99,-0.39,9.5
-4.03,0.23,9.13
-4.43,0.06,8.78
-4.43,0.06,8.78
-4.43,0.06,8.78
-4.37,-0.09,8.82
-4.37,-0.09,8.82
-4.37,-0.09,8.82
-4.64,0.11,8.67
-4.64,0.11,8.67
-4.64,0.11,8.67
-4.61,-0.19,8.76
-4.61,-0.19,8.76
-4.61,-0.19,8.76
-4.56,0.05,8.86
-4.56,0.05,8.86
-4.56,0.05,8.86
-4.81,-0.26,8.77
-4.81,-0.26,8.77
-4.81,-0.26,8.77
-4.69,-0.25,8.72
-4.69,-0.25,8.72
-4.69,-0.25,8.72
-4.97,-0.25,8.66
-4.97,-0.25,8.66
-4.94,-0.33,8.64
-4.63,-0.31,8.96
-4.63,-0.31,8.96
-4.63,-0.31,8.96
-4.46,-0.19,8.65
-4.46,-0.19,8.65
-4.46,-0.19,8.65
-4.44,-0.45,8.72
-4.44,-0.45,8.72
-4.44,-0.45,8.72
-4.08,0.12,9.31
-4.08,0.12,9.31
-4.08,0.12,9.31
-4.02,-0.39,8.67
-4.02,-0.39,8.67
-4.02,-0.39,8.67
-4.22,0.05,8.71
-4.22,0.05,8.71
-4.22,0.05,8.71
-4.84,-0.62,8.41
-4.84,-0.62,8.41
-4.84,-0.62,8.41
-5.08,-0.24,8.63
-5.71,0.18,8.34
-5.71,0.18,8.34
-5.94,-0.38,8.31
-6.04,-0.65,8.25
-6.04,-0.65,8.25
-6.37,-0.54,7.97
-6.37,-0.54,7.97
-6.37,-0.54,7.97
-5.7,-0.48,8.72
-5.7,-0.48,8.72
-5.7,-0.48,8.72
-5.7,-0.31,8.58
-5.7,-0.31,8.58
-5.7,-0.31,8.58
-5.72,0.02,7.77
-5.72,0.02,7.77
-5.72,0.02,7.77
-5.88,-0.48,7.88
-5.88,-0.48,7.88
-5.88,-0.48,7.88
-6.04,0.2,7.7
-6.04,0.2,7.7
-6.0,-0.6,7.95
-6.0,-0.6,7.95
-5.91,-0.4,8.11
-5.67,0.14,8.02
-5.67,0.14,8.02
-5.67,0.14,8.02
-5.3,-0.54,8.22
-5.3,-0.54,8.22
-5.3,-0.54,8.22
-5.22,0.08,8.33
-5.22,0.08,8.33
-5.22,0.08,8.33
-5.4,-0.17,8.37
-5.4,-0.17,8.37
-5.4,-0.17,8.37
-5.73,-0.54,7.81
-5.73,-0.54,7.81
-5.73,-0.54,7.81
-5.77,0.25,7.82
-5.77,0.25,7.82
-5.77,0.25,7.82
-5.59,-0.02,8.39
-5.59,-0.02,8.39
-5.51,-0.01,8.0
-5.51,-0.01,8.0
-5.51,-0.01,8.0
-5.46,0.1,8.01
-5.46,0.1,8.01
-5.46,0.1,8.01
-5.41,0.17,8.22
-5.41,0.17,8.22
-5.41,0.17,8.22
-5.25,0.21,8.21
-5.25,0.21,8.21
-5.25,0.21,8.21
-5.41,0.21,7.85
-5.41,0.21,7.85
-5.41,0.21,7.85
-5.64,0.04,8.27
-5.64,0.04,8.27
-5.64,0.04,8.27
-5.72,0.23,7.8
-5.72,0.23,7.8
-5.72,0.23,7.8
-5.41,0.23,8.17
-5.41,0.23,8.17
-5.41,0.23,8.17
-5.67,0.17,7.86
-5.67,0.17,7.86
-5.67,0.17,7.86
-5.78,0.35,7.92
-5.78,0.35,7.92
-5.78,0.35,7.92
-5.83,0.3,7.84
-5.83,0.3,7.84
-5.83,0.3,7.84
-5.72,0.39,8.22
-5.72,0.39,8.22
-5.72,0.39,8.22
-5.85,-0.06,8.05
-5.85,-0.06,8.05
-5.85,-0.06,8.05
-5.96,0.45,7.82
-5.96,0.45,7.82
-5.96,0.45,7.82
-6.07,0.41,7.63
-6.07,0.41,7.63
-6.07,0.41,7.63
-5.96,0.48,7.75
-5.96,0.48,7.75
-5.93,0.66,7.85
-5.97,0.64,7.68
-6.03,0.38,7.78
-6.03,0.38,7.78
-6.01,0.32,7.78
-6.01,0.32,7.78
-6.01,0.32,7.78
-5.93,0.59,7.63
-5.93,0.59,7.63
-5.93,0.59,7.63
-6.03,0.34,7.85
-6.03,0.34,7.85
-6.03,0.34,7.85
-5.98,0.34,7.65
-5.98,0.34,7.65
-5.98,0.34,7.65
-6.12,0.63,7.51
-6.12,0.63,7.51
-6.12,0.63,7.51
-6.01,0.44,7.69
-6.01,0.44,7.69
-6.01,0.44,7.69
-5.91,0.64,7.65
-5.91,0.64,7.65
-5.91,0.64,7.65
-6.14,0.59,7.58
-6.14,0.59,7.58
-6.12,0.51,7.62
-6.05,0.48,7.6
-6.05,0.48,7.6
-6.05,0.48,7.6
-6.09,0.45,7.71
-6.09,0.45,7.71
-6.09,0.45,7.71
-6.02,0.53,7.7
-6.02,0.53,7.7
-6.02,0.53,7.7
-6.04,0.24,7.59
-6.04,0.24,7.59
-5.99,0.31,7.69
-6.13,0.66,7.55
-6.13,0.66,7.55
-6.13,0.66,7.55
-6.23,0.2,7.73
-6.23,0.2,7.73
-6.23,0.2,7.73
-6.16,0.34,7.69
-6.16,0.34,7.69
-6.16,0.34,7.69
-6.23,1.02,7.56
-6.23,1.02,7.56
-6.23,1.02,7.56
-6.62,-0.05,7.31
-6.62,-0.05,7.31
-6.62,-0.05,7.31
-6.49,0.13,8.61
-6.49,0.13,8.61
-6.49,0.13,8.61
-5.33,1.07,8.41
-5.33,1.07,8.41
-5.14,0.41,8.12
-5.1,-0.21,8.79
-4.87,-0.05,9.0
-4.87,-0.05,9.0
-4.6,0.74,8.81
-4.6,0.74,8.81
-4.6,0.74,8.81
-4.44,0.52,8.81
-4.44,0.52,8.81
-4.44,0.52,8.81
-4.62,-0.0,8.84
-4.62,-0.0,8.84
-4.73,-0.18,8.77
-4.16,0.62,9.03
-4.16,0.62,9.03
-4.16,0.62,9.03
-3.64,2.13,8.86
-3.64,2.13,8.86
-3.64,2.13,8.86
-3.44,1.07,9.06
-3.44,1.07,9.06
-3.44,1.07,9.06
-2.99,-0.13,9.53
-2.99,-0.13,9.53
-2.99,-0.13,9.53
-2.88,1.42,9.4
-2.88,1.42,9.4
-2.88,1.42,9.4
-3.26,1.36,9.33
-3.26,1.36,9.33
-3.26,1.36,9.33
-3.1,0.36,9.24
-3.1,0.36,9.24
-3.1,0.36,9.24
-2.81,0.99,9.52
-2.81,0.99,9.52
-2.86,1.18,9.44
-3.11,0.95,9.42
-3.11,0.95,9.42
-3.08,1.32,9.29
-3.08,1.32,9.29
-3.08,1.32,9.29
-3.36,0.56,9.35
-3.36,0.56,9.35
-3.36,0.56,9.35
-3.08,0.88,9.37
-3.08,0.88,9.37
-3.08,0.88,9.37
-2.81,0.74,9.52
-2.79,0.84,9.87
-2.79,0.84,9.87
-3.13,0.75,9.66
-3.13,0.75,9.66
-3.13,0.75,9.66
-3.31,0.36,9.82
-3.31,0.36,9.82
-3.31,0.36,9.82
-3.37,0.6,9.46
-3.39,0.6,9.59
-3.39,0.6,9.59
-3.52,0.94,9.59
-3.52,0.94,9.59
-3.52,0.94,9.59
-3.49,0.81,9.44
-3.49,0.81,9.44
-3.49,0.81,9.44
-3.85,0.81,8.96
-3.85,0.81,8.96
-3.85,0.81,8.96
-3.86,0.6,9.5
-3.86,0.6,9.5
-3.86,0.6,9.5
-3.49,0.8,9.76
-3.49,0.8,9.76
-3.49,0.8,9.76
-3.26,1.08,9.87
-3.26,1.08,9.87
-3.26,1.08,9.87
-2.83,0.92,9.5
-2.83,0.92,9.5
-2.83,0.92,9.5
-2.45,0.63,9.55
-2.45,0.63,9.55
-2.45,0.63,9.55
-2.24,0.7,9.5
-2.24,0.7,9.5
-2.24,0.7,9.5
-2.52,0.3,9.87
-2.52,0.3,9.87
-2.52,0.3,9.87
-2.97,0.35,9.76
-2.97,0.35,9.76
-2.97,0.35,9.76
-2.67,0.07,9.95
-2.67,0.07,9.95
-2.67,0.07,9.95
-3.29,0.29,9.07
-3.29,0.29,9.07
-3.29,0.29,9.07
-3.38,-0.02,9.66
-3.38,-0.02,9.66
-3.38,-0.02,9.66
-3.93,0.48,9.73
-3.93,0.48,9.73
-3.93,0.48,9.73
-4.12,0.65,9.37
-4.12,0.65,9.37
-3.88,0.95,9.03
-3.34,0.97,8.97
-2.99,0.93,9.19
-3.24,1.34,8.77
-3.24,1.34,8.77
-3.24,1.34,8.77
-3.31,0.52,8.86
-3.31,0.52,8.86
-3.31,0.52,8.86
-3.37,0.57,9.05
-3.37,0.57,9.05
-3.47,0.65,9.22
-3.55,0.7,9.05
-3.4,0.37,9.14
-3.4,0.37,9.14
-3.17,1.48,9.24
-3.17,1.48,9.24
-3.17,1.48,9.24
-3.23,1.08,9.59
-3.23,1.08,9.59
-3.23,1.08,9.59
-3.14,0.7,9.64
-3.14,0.7,9.64
-3.14,0.7,9.64
-2.73,1.27,10.8
-2.73,1.27,10.8
-2.73,1.27,10.8
-2.61,1.71,11.04
-2.61,1.71,11.04
-2.61,1.71,11.04
-2.68,1.71,10.02
-2.68,1.71,10.02
-2.68,1.71,10.02
-2.37,1.71,9.7
-2.37,1.71,9.7
-2.53,1.43,9.59
-2.78,1.59,8.98
-2.78,1.59,8.98
-2.78,1.59,8.98
-3.52,2.24,9.82
-3.52,2.24,9.82
-3.52,2.24,9.82
-4.56,2.36,9.98
-4.56,2.36,9.98
-4.56,2.36,9.98
-4.73,1.54,9.02
-4.73,1.54,9.02
-4.43,0.92,9.0
-3.76,0.71,9.28
-3.76,0.71,9.28
-3.76,0.71,9.28
-3.74,0.49,8.62
-3.74,0.49,8.62
-3.74,0.49,8.62
-3.68,-0.11,7.86
-3.68,-0.11,7.86
-3.68,-0.11,7.86
-3.72,-0.17,7.76
-3.72,-0.17,7.76
-3.72,-0.17,7.76
-3.67,0.29,8.26
-3.67,0.29,8.26
-3.67,0.29,8.26
-4.47,1.43,10.48
-4.47,1.43,10.48
-4.47,1.43,10.48
-4.67,1.6,9.66
-4.67,1.6,9.66
-4.45,0.97,9.18
-3.94,0.74,8.78
-3.53,0.96,8.62
-3.38,1.31,9.06
-3.38,1.31,9.06
-3.38,1.31,9.06
-3.59,1.68,9.11
-3.59,1.68,9.11
-3.59,1.68,9.11
-3.53,1.84,9.6
-3.53,1.84,9.6
-3.53,1.84,9.6
-3.49,2.6,9.73
-3.49,2.6,9.73
-3.23,1.79,9.76
-3.23,1.79,9.76
-3.23,1.79,9.76
-3.34,1.3,9.62
-3.34,1.3,9.62
-3.34,1.3,9.62
-3.31,0.99,9.53
-3.31,0.99,9.53
-3.31,0.99,9.53
-3.76,0.82,9.31
-4.04,0.88,9.2
-4.04,0.88,9.2
-3.91,1.1,9.15
-3.91,1.1,9.15
-3.91,1.1,9.15
-4.01,0.65,8.53
-4.01,0.65,8.53
-4.08,0.45,8.35
-4.08,0.45,8.35
-4.08,0.45,8.35
-3.97,0.58,8.55
-3.83,0.43,8.66
-3.83,0.43,8.66
-3.8,0.35,9.09
-3.8,0.35,9.09
-3.8,0.35,9.09
-4.25,1.34,10.4
-4.25,1.34,10.4
-4.25,1.34,10.4
-3.78,1.83,9.74
-3.78,1.83,9.74
-3.39,1.43,9.58
-2.92,1.38,9.34
-2.55,1.66,9.32
-2.55,1.66,9.32
-2.37,1.99,9.17
-2.37,1.99,9.17
-2.37,1.99,9.17
-3.1,1.65,9.28
-3.1,1.65,9.28
-3.1,1.65,9.28
-3.56,1.43,9.57
-3.56,1.43,9.57
-3.76,1.12,9.59
-4.03,1.36,9.26
-4.03,1.36,9.26
-4.03,1.36,9.26
-4.13,1.93,9.96
-4.13,1.93,9.96
-4.13,1.93,9.96
-3.64,1.85,9.25
-3.64,1.85,9.25
-3.64,1.85,9.25
-3.27,1.57,8.77
-3.27,1.57,8.77
-3.16,1.96,8.97
-3.57,1.69,9.69
-3.57,1.69,9.69
-3.57,1.69,9.69
-3.87,1.58,9.4
-3.87,1.58,9.4
-3.87,1.58,9.4
-3.75,1.23,9.05
-3.75,1.23,9.05
-3.75,1.23,9.05
-3.38,1.24,9.11
-3.38,1.24,9.11
-3.38,1.24,9.11
-3.78,1.3,8.92
-3.78,1.3,8.92
-3.78,1.3,8.92
-3.92,1.42,8.84
-3.92,1.42,8.84
-3.92,1.42,8.84
-3.9,1.47,8.4
-3.9,1.47,8.4
-3.9,1.47,8.4
-3.8,1.54,8.37
-3.8,1.54,8.37
-3.8,1.54,8.37
-3.44,2.09,8.65
-3.44,2.09,8.65
-3.46,2.24,8.81
-3.53,2.24,8.99
-3.53,2.24,8.99
-3.53,2.24,8.99
-3.76,1.93,9.07
-3.76,1.93,9.07
-3.76,1.93,9.07
-4.07,1.69,9.73
-4.07,1.69,9.73
-4.07,1.69,9.73
-3.97,1.67,9.66
-3.97,1.67,9.66
-3.97,1.67,9.66
-3.55,1.46,9.29
-3.55,1.46,9.29
-3.55,1.46,9.29
-3.33,1.83,9.33
-3.33,1.83,9.33
-3.28,1.81,9.28
-3.28,1.81,9.28
-3.47,2.07,9.12
-3.61,2.12,9.26
-3.61,2.12,9.26
-3.61,2.12,9.26
-3.61,1.77,9.41
-3.61,1.77,9.41
-3.61,1.77,9.41
-3.6,1.71,9.49
-3.6,1.71,9.49
-3.6,1.71,9.49
-3.64,1.52,9.53
-3.64,1.52,9.53
-3.64,1.52,9.53
-3.2,1.63,9.84
-3.2,1.63,9.84
-3.2,1.63,9.84
-3.14,1.87,9.6
-3.14,1.87,9.6
-3.14,1.87,9.6
-3.17,2.07,9.29
-3.17,2.07,9.29
-3.17,2.07,9.29
-3.05,2.09,9.31
-3.05,2.09,9.31
-3.23,1.97,9.5
-3.15,2.02,9.54
-3.15,2.02,9.54
-3.15,2.27,9.59
-3.28,2.36,9.51
-3.28,2.36,9.51
-3.28,2.36,9.51
-3.5,1.62,9.51
-3.5,1.62,9.51
-3.5,1.62,9.51
-3.6,1.54,9.11
-3.6,1.54,9.11
-3.48,1.47,8.96
-3.73,1.13,8.86
-3.06,1.17,9.14
-3.06,1.17,9.14
-3.13,1.27,9.29
-3.13,1.27,9.29
-3.13,1.27,9.29
-3.34,1.29,9.13
-3.34,1.29,9.13
-3.34,1.29,9.13
-3.59,1.37,8.84
-3.59,1.37,8.84
-3.1,1.24,8.98
-3.66,1.19,9.15
-3.66,1.19,9.15
-3.66,1.19,9.15
-3.59,1.02,9.11
-3.59,1.02,9.11
-3.59,1.02,9.11
-3.71,1.25,9.15
-3.71,1.25,9.15
-3.71,1.25,9.15
-3.69,1.62,9.29
-3.69,1.62,9.29
-3.55,1.67,9.53
-3.51,1.25,9.99
-3.51,1.25,9.99
-3.51,1.25,9.99
-3.51,1.62,9.65
-3.51,1.62,9.65
-3.51,1.62,9.65
-4.07,1.69,9.22
-4.07,1.69,9.22
-4.07,1.69,9.22
-3.58,1.16,9.42
-3.5,0.98,9.24
-3.5,0.98,9.24
-3.52,0.92,9.39
-3.59,1.07,9.24
-3.59,1.07,9.24
-3.84,1.1,9.28
-3.84,1.1,9.28
-3.84,1.1,9.28
-3.79,0.84,9.5
-3.79,0.84,9.5
-3.79,0.84,9.5
-3.8,0.48,9.42
-3.8,0.48,9.42
-3.46,0.3,9.05
-3.5,0.3,8.96
-3.5,0.3,8.96
-3.53,0.51,9.11
-3.53,0.51,9.11
-3.53,0.51,9.11
-3.88,1.15,9.04
-3.88,1.15,9.04
-3.88,1.15,9.04
-3.9,1.63,8.63
-3.9,1.63,8.63
-3.9,1.63,8.63
-3.95,1.12,8.83
-3.95,1.12,8.83
-3.95,1.12,8.83
-4.06,0.81,9.27
-4.06,0.81,9.27
-4.06,0.81,9.27
-3.96,0.58,9.28
-3.96,0.58,9.28
-3.96,0.58,9.28
-4.1,0.93,9.13
-4.1,0.93,9.13
-4.1,0.93,9.13
-4.16,1.14,8.94
-4.16,1.14,8.94
-4.16,1.14,8.94
-3.95,0.71,9.0
-3.95,0.71,9.0
-3.95,0.71,9.0
-4.08,0.62,9.35
-4.08,0.62,9.35
-4.08,0.62,9.35
-4.08,1.11,9.18
-4.08,1.11,9.18
-4.08,1.11,9.18
-4.14,0.97,9.15
-4.14,0.97,9.15
-4.14,0.97,9.15
-4.01,1.03,8.93
-4.01,1.03,8.93
-4.01,1.03,8.93
-4.24,0.82,9.29
-4.24,0.82,9.29
-4.24,0.82,9.29
-4.25,0.68,9.27
-4.25,0.68,9.27
-4.25,0.68,9.27
-4.27,0.79,9.19
-4.27,0.79,9.19
-4.27,0.79,9.19
-4.19,0.68,9.24
-4.19,0.68,9.24
-4.19,0.68,9.24
-4.14,0.75,9.19
-4.14,0.75,9.19
-4.14,0.75,9.19
-3.98,0.26,9.1
-3.98,0.26,9.1
-3.98,0.26,9.1
-4.3,0.34,8.99
-4.3,0.34,8.99
-4.3,0.34,8.99
-4.58,0.61,9.01
-4.58,0.61,9.01
-4.58,0.61,9.01
-4.22,0.7,8.83
-4.22,0.7,8.83
-4.22,0.7,8.83
-3.54,0.18,9.53
-3.54,0.18,9.53
-3.65,-0.13,9.79
-3.8,-0.5,9.15
-3.8,-0.5,9.15
-3.37,-0.53,9.7
-3.37,-0.53,9.7
-3.37,-0.53,9.7
-3.47,0.48,9.49
-3.47,0.48,9.49
-3.47,0.48,9.49
-3.74,0.69,9.34
-3.78,0.14,9.07
-3.46,-0.2,9.47
-3.46,-0.2,9.47
-3.46,-0.2,9.47
-3.53,0.11,10.01
-3.53,0.11,10.01
-3.53,0.11,10.01
-3.2,-0.05,9.94
-3.2,-0.05,9.94
-3.2,-0.05,9.94
-2.38,-0.44,10.04
-2.38,-0.44,10.04
-2.25,-1.09,9.63
-2.2,-0.86,10.35
-2.32,-0.34,10.47
-2.32,-0.34,10.47
-1.96,-0.57,10.43
-1.96,-0.57,10.43
-1.96,-0.57,10.43
-2.03,-1.28,9.96
-2.03,-1.28,9.96
-2.1,-0.85,10.24
-2.18,-0.45,10.01
-2.18,-0.45,10.01
-2.27,0.12,9.71
-2.64,-1.46,9.91
-2.64,-1.46,9.91
-2.64,-1.46,9.91
-2.16,-1.61,10.08
-2.16,-1.61,10.08
-2.16,-1.61,10.08
-1.72,-1.78,10.26
-1.72,-1.78,10.26
-1.72,-1.78,10.26
-1.81,-1.9,10.03
-1.81,-1.9,10.03
-2.34,-1.8,9.77
-2.66,-2.55,9.73
-2.66,-2.55,9.73
-2.66,-2.55,9.73
-1.62,-2.17,9.76
-1.62,-2.17,9.76
-1.62,-2.17,9.76
-0.79,-2.38,10.11
-0.79,-2.38,10.11
-0.79,-2.38,10.11
-0.38,-3.55,9.59
-0.38,-3.55,9.59
-0.38,-3.55,9.59
-0.45,-2.45,9.73
-0.45,-2.45,9.73
-0.45,-2.45,9.73
-0.34,-3.94,9.96
-0.34,-3.94,9.96
-0.34,-3.94,9.96
-0.57,-3.92,9.77
-0.57,-3.92,9.77
-0.57,-3.92,9.77
-0.93,-4.24,9.47
-0.93,-4.24,9.47
-1.39,-4.73,9.37
-1.44,-5.27,9.2
-1.44,-5.27,9.2
-1.44,-5.27,9.2
-0.82,-4.92,9.24
-0.82,-4.92,9.24
-0.82,-4.92,9.24
-0.82,-5.07,8.75
-0.82,-5.07,8.75
-0.82,-5.07,8.75
-0.65,-5.5,8.25
-0.65,-5.5,8.25
-0.44,-5.77,8.18
-0.25,-5.86,7.92
-0.25,-5.86,7.92
-0.25,-5.86,7.92
0.04,-6.78,7.72
0.04,-6.78,7.72
0.04,-6.78,7.72
0.08,-6.25,7.48
0.08,-6.25,7.48
0.04,-6.57,7.39
0.08,-7.19,7.56
0.08,-7.19,7.56
0.08,-7.19,7.56
0.34,-7.3,7.32
0.34,-7.3,7.32
0.34,-7.3,7.32
0.37,-7.27,6.91
0.37,-7.27,6.91
0.37,-7.27,6.91
0.49,-6.89,6.46
0.49,-6.89,6.46
0.29,-7.64,6.12
0.51,-8.07,5.9
0.51,-8.07,5.9
0.51,-8.07,5.9
0.36,-7.79,5.52
0.36,-7.79,5.52
0.36,-7.79,5.52
0.35,-7.17,4.99
0.35,-7.17,4.99
0.35,-7.17,4.99
0.72,-8.26,5.25
0.91,-8.25,5.03
0.91,-8.25,5.03
1.26,-8.4,4.85
1.26,-8.4,4.85
1.26,-8.4,4.85
1.48,-8.16,4.73
1.48,-8.16,4.73
1.48,-8.16,4.73
1.18,-8.44,4.36
1.18,-8.44,4.36
1.18,-8.44,4.36
0.92,-8.58,4.28
0.92,-8.58,4.28
0.84,-8.61,3.92
1.33,-9.3,4.07
1.33,-9.3,4.07
1.33,-9.3,4.07
1.66,-8.49,3.9
1.66,-8.49,3.9
1.66,-8.49,3.9
1.79,-8.71,3.89
1.79,-8.71,3.89
1.79,-8.71,3.89
1.87,-9.07,3.4
1.7,-9.77,3.48
1.7,-9.77,3.48
2.42,-8.24,3.34
2.42,-8.24,3.34
2.42,-8.24,3.34
2.37,-7.52,2.66
2.37,-7.52,2.66
2.37,-7.52,2.66
2.11,-8.53,2.18
2.11,-8.53,2.18
2.11,-8.53,2.18
1.91,-9.09,2.24
1.91,-9.09,2.24
1.91,-9.09,2.24
2.01,-8.66,2.4
2.01,-8.66,2.4
2.01,-8.66,2.4
2.44,-8.5,1.89
2.44,-8.5,1.89
2.44,-8.5,1.89
2.19,-8.57,1.64
2.19,-8.57,1.64
2.19,-8.57,1.64
2.44,-8.76,1.86
2.47,-8.5,1.92
2.47,-8.5,1.92
2.52,-8.12,1.36
2.52,-8.12,1.36
2.52,-8.12,1.36
2.92,-8.56,1.47
2.92,-8.56,1.47
2.92,-8.56,1.47
1.99,-8.96,1.63
1.99,-8.96,1.63
1.99,-8.96,1.63
2.02,-9.86,1.9
2.02,-9.86,1.9
2.02,-9.86,1.9
2.07,-9.44,2.05
2.0,-9.31,1.89
2.0,-9.31,1.89
2.23,-8.56,1.61
2.23,-8.56,1.61
2.08,-9.75,2.04
2.08,-9.75,2.04
2.08,-9.75,2.04
2.14,-9.83,1.77
2.14,-9.83,1.77
2.14,-9.83,1.77
2.05,-9.49,1.86
2.05,-9.49,1.86
2.05,-9.49,1.86
1.99,-9.73,2.18
1.99,-9.73,2.18
1.99,-9.73,2.18
2.06,-8.82,2.15
2.06,-8.82,2.15
2.06,-8.82,2.15
1.94,-9.52,1.95
1.94,-9.52,1.95
1.99,-9.37,2.16
2.15,-9.11,1.75
2.15,-9.11,1.75
2.15,-9.11,1.75
2.45,-9.72,2.05
2.45,-9.72,2.05
2.45,-9.72,2.05
1.94,-9.26,2.03
1.94,-9.26,2.03
1.94,-9.26,2.03
1.74,-9.91,2.05
1.74,-9.91,2.05
1.74,-9.91,2.05
1.52,-9.99,2.11
1.52,-9.99,2.11
1.52,-9.99,2.11
1.7,-9.29,1.89
1.7,-9.29,1.89
1.7,-9.29,1.89
1.89,-9.2,1.77
1.89,-9.2,1.77
1.81,-9.07,1.45
1.66,-9.5,1.7
1.66,-9.5,1.7
1.66,-9.5,1.7
1.51,-9.84,2.04
1.51,-9.84,2.04
1.51,-9.84,2.04
1.59,-9.18,1.96
1.59,-9.18,1.96
1.59,-9.18,1.96
1.73,-9.46,1.96
1.73,-9.46,1.96
1.85,-9.01,1.88
1.86,-9.44,1.8
1.86,-9.44,1.8
2.02,-9.84,1.9
1.81,-9.62,2.12
1.81,-9.62,2.12
1.81,-9.62,2.12
1.76,-9.41,1.99
1.76,-9.41,1.99
1.76,-9.41,1.99
1.67,-9.47,1.91
1.67,-9.47,1.91
1.67,-9.47,1.91
1.76,-9.16,1.67
1.76,-9.16,1.67
1.75,-8.92,1.62
1.64,-9.34,1.6
1.64,-9.34,1.6
1.64,-9.34,1.6
1.61,-9.41,1.68
1.61,-9.41,1.68
1.61,-9.41,1.68
1.63,-9.25,1.7
1.63,-9.25,1.7
1.63,-9.25,1.7
1.59,-9.31,1.63
1.59,-9.31,1.63
1.71,-9.26,1.8
1.9,-9.27,1.74
1.9,-9.27,1.74
1.9,-9.27,1.74
1.75,-9.36,1.74
1.75,-9.36,1.74
1.75,-9.36,1.74
1.72,-9.82,2.0
1.72,-9.82,2.0
1.65,-9.51,1.98
1.58,-9.4,1.99
1.58,-9.4,1.99
1.58,-9.4,1.99
1.72,-9.32,2.01
1.72,-9.32,2.01
1.72,-9.32,2.01
1.75,-9.48,1.85
1.75,-9.48,1.85
1.75,-9.48,1.85
1.67,-9.4,1.92
1.67,-9.4,1.92
1.67,-9.4,1.92
1.43,-9.46,2.0
1.43,-9.46,2.0
1.41,-9.52,2.02
1.35,-9.41,2.01
1.35,-9.41,2.01
1.35,-9.41,2.01
1.52,-9.53,1.99
1.52,-9.53,1.99
1.52,-9.53,1.99
1.51,-9.35,1.98
1.51,-9.35,1.98
1.51,-9.35,1.98
1.59,-9.38,2.05
1.59,-9.38,2.05
1.61,-9.24,2.04
1.57,-9.48,2.05
1.57,-9.48,2.05
1.57,-9.48,2.05
1.5,-9.4,2.0
1.5,-9.4,2.0
1.5,-9.4,2.0
1.5,-9.46,1.99
1.5,-9.46,1.99
1.41,-9.41,1.92
1.46,-9.31,1.89
1.46,-9.31,1.89
1.41,-9.32,1.82
1.47,-9.34,1.98
1.47,-9.34,1.98
1.47,-9.34,1.98
1.34,-9.57,2.04
1.34,-9.57,2.04
1.34,-9.57,2.04
1.36,-9.53,2.09
1.36,-9.53,2.09
1.27,-9.48,1.98
1.29,-9.38,1.94
1.26,-9.17,1.87
1.26,-9.17,1.87
1.29,-9.58,1.98
1.29,-9.58,1.98
1.29,-9.58,1.98
1.23,-9.38,1.98
1.23,-9.38,1.98
1.23,-9.38,1.98
1.31,-9.79,2.07
1.31,-9.79,2.07
1.31,-9.79,2.07
1.27,-9.57,2.09
1.27,-9.57,2.09
1.27,-9.57,2.09
1.29,-9.49,1.91
1.29,-9.49,1.91
1.29,-9.49,1.91
1.15,-9.36,1.92
1.15,-9.36,1.92
1.15,-9.36,1.92
1.27,-9.36,1.89
1.27,-9.36,1.89
1.27,-9.36,1.89
1.16,-9.35,1.96
1.16,-9.35,1.96
1.16,-9.35,1.96
1.19,-9.51,2.0
1.19,-9.51,2.0
1.19,-9.51,2.0
1.18,-9.36,2.07
1.18,-9.36,2.07
1.18,-9.36,2.07
1.29,-9.2,2.15
1.29,-9.2,2.15
1.31,-9.75,2.16
1.31,-9.75,2.16
1.31,-9.75,2.16
1.29,-9.31,1.96
1.29,-9.31,1.96
1.29,-9.31,1.96
1.17,-9.16,2.01
1.17,-9.16,2.01
1.17,-9.16,2.01
1.02,-9.7,1.93
1.02,-9.7,1.93
1.02,-9.7,1.93
1.13,-9.31,1.98
1.13,-9.31,1.98
1.04,-9.46,1.94
1.32,-9.1,2.04
1.32,-9.1,2.04
1.32,-9.1,2.04
1.22,-9.46,2.04
1.22,-9.46,2.04
1.22,-9.46,2.04
1.09,-9.47,1.97
0.97,-9.72,2.04
0.97,-9.72,2.04
1.1,-9.61,2.08
1.05,-9.35,1.98
1.05,-9.35,1.98
1.36,-9.24,1.89
1.36,-9.24,1.89
1.36,-9.24,1.89
1.21,-8.99,1.9
1.21,-8.99,1.9
1.21,-8.99,1.9
0.93,-9.84,2.32
0.93,-9.84,2.32
0.79,-9.69,2.19
1.2,-9.34,1.94
1.2,-9.34,1.94
1.2,-9.34,1.94
1.38,-9.2,2.19
1.38,-9.2,2.19
1.38,-9.2,2.19
1.1,-9.38,2.41
1.1,-9.38,2.41
1.1,-9.38,2.41
1.09,-9.52,2.34
1.09,-9.52,2.34
1.08,-9.66,2.1
1.12,-9.54,2.13
0.96,-9.53,2.24
0.96,-9.53,2.24
0.83,-8.89,2.12
0.83,-8.89,2.12
0.83,-8.89,2.12
1.09,-9.29,2.08
1.09,-9.29,2.08
1.09,-9.29,2.08
1.01,-9.41,2.23
1.01,-9.41,2.23
1.01,-9.41,2.23
1.54,-9.18,2.38
1.54,-9.18,2.38
1.54,-9.18,2.38
1.3,-9.58,2.53
1.3,-9.58,2.53
1.3,-9.58,2.53
1.44,-9.23,2.42
1.44,-9.23,2.42
1.44,-9.23,2.42
1.39,-9.23,2.43
1.4,-9.62,2.1
1.4,-9.62,2.1
1.43,-9.26,2.22
1.25,-9.29,2.57
1.25,-9.29,2.57
1.1,-9.38,2.61
1.1,-9.38,2.61
1.1,-9.38,2.61
1.31,-8.83,2.55
1.31,-8.83,2.55
1.31,-8.83,2.55
1.24,-10.2,2.76
1.24,-10.2,2.76
1.15,-9.43,2.79
1.01,-9.52,3.08
1.01,-9.52,3.08
1.01,-9.52,3.08
0.79,-9.44,2.49
0.79,-9.44,2.49
0.79,-9.44,2.49
0.78,-9.64,2.91
0.78,-9.64,2.91
0.78,-9.64,2.91
1.64,-8.66,2.83
1.64,-8.66,2.83
1.21,-9.44,2.78
1.21,-9.44,2.78
1.21,-9.44,2.78
1.31,-8.72,2.46
1.31,-8.72,2.46
1.1,-8.98,2.38
1.1,-8.98,2.38
1.1,-8.98,2.38
1.92,-9.15,2.65
1.92,-9.15,2.65
1.92,-9.15,2.65
1.61,-9.3,2.98
1.61,-9.3,2.98
1.61,-9.3,2.98
1.53,-9.29,2.58
1.53,-9.29,2.58
1.53,-9.29,2.58
1.22,-9.93,2.71
1.22,-9.93,2.71
1.22,-9.93,2.71
1.2,-8.85,2.19
1.2,-8.85,2.19
1.25,-8.2,2.49
1.46,-9.21,2.72
1.46,-9.21,2.72
1.46,-9.21,2.72
1.31,-9.34,2.95
1.31,-9.34,2.95
1.31,-9.34,2.95
0.77,-8.91,2.63
0.77,-8.91,2.63
0.77,-8.91,2.63
1.64,-8.65,2.83
1.64,-8.65,2.83
1.87,-8.49,2.92
1.82,-9.52,3.39
1.82,-9.52,3.39
1.82,-9.52,3.39
1.37,-9.61,3.06
1.37,-9.61,3.06
1.37,-9.61,3.06
1.55,-8.95,3.05
1.55,-8.95,3.05
1.0,-8.12,2.85
1.13,-7.79,2.98
1.13,-7.79,2.98
1.57,-8.77,3.09
1.59,-10.55,3.81
1.59,-10.55,3.81
1.59,-10.55,3.81
1.42,-9.52,3.87
1.42,-9.52,3.87
1.42,-9.52,3.87
2.4,-9.06,3.46
2.4,-9.06,3.46
2.4,-9.06,3.46
1.75,-7.9,2.68
2.34,-9.65,3.37
2.34,-9.65,3.37
1.51,-8.18,2.48
1.51,-8.18,2.48
1.51,-8.18,2.48
2.03,-10.13,4.43
2.03,-10.13,4.43
2.03,-10.13,4.43
1.98,-10.46,3.55
1.98,-10.46,3.55
2.65,-11.44,3.11
2.62,-8.84,2.89
2.62,-8.84,2.89
1.78,-9.13,2.9
1.78,-9.13,2.9
1.74,-8.54,3.06
1.74,-8.54,3.06
1.74,-8.54,3.06
2.02,-9.95,2.63
2.02,-9.95,2.63
2.02,-9.95,2.63
2.14,-10.82,2.8
2.14,-10.82,2.8
2.14,-10.82,2.8
1.3,-9.87,2.67
1.3,-9.87,2.67
1.3,-9.87,2.67
0.62,-10.54,2.45
0.62,-10.54,2.45
0.62,-10.54,2.45
2.15,-10.32,2.03
2.15,-10.32,2.03
2.15,-10.32,2.03
3.0,-7.81,0.48
3.05,-9.5,0.21
3.05,-9.5,0.21
1.67,-9.06,0.1
1.67,-9.06,0.1
1.67,-9.06,0.1
1.57,-8.87,0.14
1.57,-8.87,0.14
1.57,-8.87,0.14
3.26,-7.77,-0.08
3.26,-7.77,-0.08
1.66,-9.29,-1.01
0.32,-8.13,-1.83
0.32,-8.13,-1.83
0.32,-8.13,-1.83
0.75,-7.94,-1.66
0.75,-7.94,-1.66
0.75,-7.94,-1.66
2.3,-10.7,-1.44
2.3,-10.7,-1.44
2.3,-10.7,-1.44
-1.24,-8.22,-1.67
-1.24,-8.22,-1.67
-1.24,-8.22,-1.67
0.46,-9.33,-1.62
0.46,-9.33,-1.62
0.46,-9.33,-1.62
2.57,-7.84,-2.07
2.57,-7.84,-2.07
2.57,-7.84,-2.07
0.6,-10.05,-2.2
0.6,-10.05,-2.2
0.6,-10.05,-2.2
1.86,-8.59,-1.98
1.86,-8.59,-1.98
1.86,-8.59,-1.98
1.17,-8.37,-1.57
1.17,-8.37,-1.57
1.17,-8.37,-1.57
-0.66,-11.45,-0.81
-0.66,-11.45,-0.81
-0.66,-11.45,-0.81
2.29,-8.13,-2.15
2.29,-8.13,-2.15
2.29,-8.13,-2.15
0.63,-9.38,-1.67
0.63,-9.38,-1.67
0.63,-9.38,-1.67
0.68,-10.15,-1.17
0.68,-10.15,-1.17
0.68,-10.15,-1.17
0.3,-9.5,-1.25
0.3,-9.5,-1.25
0.3,-9.5,-1.25
1.26,-8.44,-1.87
1.26,-8.44,-1.87
1.26,-8.44,-1.87
0.12,-9.3,-2.03
0.12,-9.3,-2.03
0.12,-9.3,-2.03
1.53,-8.47,-1.54
1.53,-8.47,-1.54
0.63,-9.75,-1.92
1.22,-10.11,-1.54
1.22,-10.11,-1.54
1.22,-10.11,-1.54
-0.21,-7.86,-1.78
-0.21,-7.86,-1.78
-0.21,-7.86,-1.78
1.18,-10.54,-1.94
1.18,-10.54,-1.94
1.18,-10.54,-1.94
0.98,-9.18,-1.52
0.98,-9.18,-1.52
0.36,-9.16,-1.8
1.28,-9.89,-1.37
1.28,-9.89,-1.37
1.28,-9.89,-1.37
-0.04,-9.54,-1.41
-0.04,-9.54,-1.41
-0.04,-9.54,-1.41
0.98,-8.99,-1.67
0.98,-8.99,-1.67
1.36,-9.59,-1.87
0.9,-9.11,-1.81
0.9,-9.11,-1.81
0.9,-9.11,-1.81
0.79,-9.75,-1.68
0.79,-9.75,-1.68
0.79,-9.75,-1.68
-0.53,-8.53,-1.59
-0.53,-8.53,-1.59
-0.53,-8.53,-1.59
1.32,-9.09,-1.83
1.11,-10.19,-1.83
1.11,-10.19,-1.83
0.88,-10.53,-2.0
0.88,-10.53,-2.0
0.88,-10.53,-2.0
0.7,-8.95,-1.79
0.7,-8.95,-1.79
0.7,-8.95,-1.79
0.45,-9.28,-1.79
0.45,-9.28,-1.79
0.45,-9.28,-1.79
0.83,-9.09,-1.75
0.06,-9.01,-2.12
0.06,-9.01,-2.12
0.53,-9.78,-1.7
1.38,-9.9,-1.7
1.38,-9.9,-1.7
0.55,-8.97,-1.94
0.55,-8.97,-1.94
0.55,-8.97,-1.94
0.34,-8.55,-1.45
0.34,-8.55,-1.45
0.34,-8.55,-1.45
0.79,-9.74,-1.64
0.79,-9.74,-1.64
0.5,-9.41,-1.78
0.43,-9.4,-1.91
0.43,-9.4,-1.91
0.43,-9.4,-1.91
0.6,-9.04,-1.62
0.6,-9.04,-1.62
0.6,-9.04,-1.62
0.39,-8.99,-1.46
0.39,-8.99,-1.46
0.39,-8.99,-1.46
0.23,-9.56,-1.67
0.23,-9.56,-1.67
0.23,-9.56,-1.67
1.01,-9.62,-1.91
1.01,-9.62,-1.91
1.01,-9.62,-1.91
0.56,-9.15,-1.8
0.56,-9.15,-1.8
0.56,-9.15,-1.8
0.91,-8.59,-1.87
0.91,-8.59,-1.87
0.91,-8.59,-1.87
0.56,-9.32,-1.88
0.56,-9.32,-1.88
0.56,-9.32,-1.88
0.57,-9.37,-1.68
0.57,-9.37,-1.68
0.57,-9.37,-1.68
0.52,-9.32,-1.76
0.52,-9.32,-1.76
0.52,-9.32,-1.76
0.78,-9.49,-1.7
0.78,-9.49,-1.7
0.55,-9.17,-1.63
0.55,-9.17,-1.63
0.63,-8.79,-1.65
0.68,-9.54,-1.93
0.68,-9.54,-1.93
0.68,-9.54,-1.93
1.15,-9.55,-1.55
1.15,-9.55,-1.55
1.15,-9.55,-1.55
0.08,-9.01,-1.9
0.08,-9.01,-1.9
0.08,-9.01,-1.9
1.18,-9.13,-1.8
1.18,-9.13,-1.8
1.18,-9.3,-1.83
0.67,-9.41,-1.99
0.67,-9.41,-1.99
0.67,-9.41,-1.99
0.72,-9.4,-1.72
0.72,-9.4,-1.72
0.72,-9.4,-1.72
0.24,-9.59,-1.76
0.24,-9.59,-1.76
0.24,-9.59,-1.76
0.92,-8.96,-1.66
0.67,-9.21,-1.9
0.67,-9.21,-1.9
0.94,-9.29,-1.49
0.94,-9.29,-1.49
0.94,-9.29,-1.49
0.42,-9.81,-1.98
0.42,-9.81,-1.98
0.42,-9.81,-1.98
1.26,-9.38,-1.77
1.26,-9.38,-1.77
1.26,-9.38,-1.77
0.24,-9.49,-1.83
0.24,-9.49,-1.83
0.58,-9.28,-1.6
0.09,-9.13,-1.71
0.09,-9.13,-1.71
0.09,-9.13,-1.71
1.04,-9.16,-1.92
1.04,-9.16,-1.92
1.04,-9.16,-1.92
0.33,-9.62,-1.93
0.33,-9.62,-1.93
0.33,-9.62,-1.93
0.86,-9.21,-1.7
0.31,-8.84,-1.69
0.31,-8.84,-1.69
0.89,-9.22,-1.83
0.89,-9.22,-1.83
0.89,-9.22,-1.83
0.7,-9.51,-1.96
0.7,-9.51,-1.96
0.7,-9.51,-1.96
1.06,-9.0,-1.7
1.06,-9.0,-1.7
1.06,-9.0,-1.7
1.02,-9.42,-1.81
1.02,-9.42,-1.81
1.02,-9.42,-1.81
0.64,-9.91,-1.74
0.64,-9.91,-1.74
0.64,-9.91,-1.74
0.78,-9.23,-1.8
0.78,-9.23,-1.8
0.78,-9.23,-1.8
0.69,-8.81,-1.81
0.69,-8.81,-1.81
0.69,-8.81,-1.81
0.51,-9.52,-1.67
0.51,-9.52,-1.67
0.51,-9.52,-1.67
0.58,-8.94,-1.68
0.58,-8.94,-1.68
0.58,-8.94,-1.68
0.76,-9.28,-2.01
0.76,-9.28,-2.01
0.76,-9.28,-2.01
0.58,-9.38,-1.81
0.58,-9.38,-1.81
0.58,-9.38,-1.81
0.66,-8.73,-1.65
0.66,-8.73,-1.65
0.66,-8.73,-1.65
0.45,-9.89,-1.83
0.45,-9.89,-1.83
0.45,-9.89,-1.83
1.16,-9.65,-1.88
1.16,-9.65,-1.88
1.16,-9.65,-1.88
0.85,-8.98,-1.84
0.85,-8.98,-1.84
0.85,-8.98,-1.84
0.31,-9.44,-1.67
0.31,-9.44,-1.67
0.31,-9.44,-1.67
1.01,-9.82,-1.54
1.01,-9.82,-1.54
1.01,-9.82,-1.54
0.79,-9.29,-1.69
0.79,-9.29,-1.69
0.79,-9.29,-1.69
0.39,-9.1,-1.82
0.39,-9.1,-1.82
0.21,-9.59,-1.75
0.69,-9.55,-1.54
0.69,-9.55,-1.54
0.69,-9.55,-1.54
0.65,-9.22,-1.91
0.65,-9.22,-1.91
0.75,-9.26,-1.76
0.75,-9.26,-1.76
0.75,-9.26,-1.76
0.91,-9.27,-1.7
0.91,-9.27,-1.7
0.91,-9.27,-1.7
0.5,-8.95,-1.7
0.5,-8.95,-1.7
0.91,-9.48,-1.78
0.79,-9.25,-1.74
0.79,-9.25,-1.74
0.79,-9.25,-1.74
1.08,-9.5,-1.71
1.08,-9.5,-1.71
1.08,-9.5,-1.71
0.33,-9.68,-1.86
0.33,-9.68,-1.86
0.8,-9.82,-1.73
1.05,-8.85,-1.57
0.61,-8.92,-1.8
0.61,-8.92,-1.8
1.15,-9.28,-1.68
1.15,-9.28,-1.68
1.15,-9.28,-1.68
0.21,-9.53,-1.62
0.21,-9.53,-1.62
0.21,-9.53,-1.62
1.21,-9.14,-1.52
1.21,-9.14,-1.52
1.21,-9.14,-1.52
0.41,-9.22,-1.7
0.41,-9.22,-1.7
0.99,-9.21,-1.84
0.82,-9.4,-1.72
0.82,-9.4,-1.72
0.82,-9.4,-1.72
0.84,-9.39,-1.86
0.84,-9.39,-1.86
0.84,-9.39,-1.86
0.65,-9.47,-1.61
0.65,-9.47,-1.61
0.65,-9.47,-1.61
0.5,-9.03,-1.99
0.88,-9.39,-1.8
0.88,-9.39,-1.8
0.47,-9.35,-1.53
0.47,-9.35,-1.53
0.47,-9.35,-1.53
1.0,-9.4,-1.68
1.0,-9.4,-1.68
1.0,-9.4,-1.68
0.55,-9.22,-1.7
0.55,-9.22,-1.7
0.91,-9.03,-1.81
0.76,-9.31,-1.85
0.76,-9.31,-1.85
0.96,-9.39,-1.86
0.96,-9.39,-1.86
0.96,-9.39,-1.86
0.73,-10.12,-1.51
0.73,-10.12,-1.51
0.73,-10.12,-1.51
0.55,-8.68,-1.81
0.55,-8.68,-1.81
0.55,-8.68,-1.81
0.92,-9.44,-1.47
0.58,-9.31,-1.59
0.58,-9.31,-1.59
0.84,-9.41,-1.87
0.84,-9.41,-1.87
0.84,-9.41,-1.87
0.18,-9.38,-1.61
0.18,-9.38,-1.61
0.18,-9.38,-1.61
1.34,-9.06,-1.7
1.34,-9.06,-1.7
0.81,-9.05,-1.59
0.28,-9.69,-1.63
0.57,-9.3,-1.68
0.57,-9.3,-1.68
0.63,-9.66,-1.51
0.63,-9.66,-1.51
0.63,-9.66,-1.51
0.67,-9.65,-1.84
0.67,-9.65,-1.84
0.67,-9.65,-1.84
1.05,-9.01,-1.9
1.05,-9.01,-1.9
1.03,-8.47,-1.89
1.03,-8.47,-1.89
1.03,-8.47,-1.89
0.07,-9.86,-1.68
0.07,-9.86,-1.68
0.07,-9.86,-1.68
0.84,-9.1,-1.55
0.84,-9.1,-1.55
0.84,-9.1,-1.55
0.33,-9.62,-1.72
0.33,-9.62,-1.72
0.79,-9.46,-1.63
0.39,-9.5,-1.73
0.39,-9.5,-1.73
0.39,-9.5,-1.73
0.78,-9.63,-1.66
0.78,-9.63,-1.66
0.78,-9.63,-1.66
0.74,-9.13,-1.85
0.74,-9.13,-1.85
0.74,-9.13,-1.85
0.57,-9.49,-1.9
0.57,-9.49,-1.9
0.57,-9.49,-1.9
1.01,-8.97,-1.77
1.01,-8.97,-1.77
1.01,-8.97,-1.77
0.11,-9.81,-1.53
0.11,-9.81,-1.53
0.11,-9.81,-1.53
1.64,-9.03,-1.67
1.64,-9.03,-1.67
1.64,-9.03,-1.67
0.21,-9.55,-1.77
0.21,-9.55,-1.77
0.21,-9.55,-1.77
0.53,-9.71,-1.56
0.53,-9.71,-1.56
0.53,-9.71,-1.56
1.03,-9.02,-1.76
1.03,-9.02,-1.76
1.03,-9.02,-1.76
0.65,-9.23,-1.7
0.65,-9.23,-1.7
0.65,-9.23,-1.7
0.88,-9.41,-1.64
0.88,-9.41,-1.64
0.88,-9.41,-1.64
0.26,-9.22,-1.57
0.26,-9.22,-1.57
0.26,-9.22,-1.57
1.14,-9.35,-1.87
1.14,-9.35,-1.87
1.14,-9.35,-1.87
0.59,-9.93,-1.73
0.59,-9.93,-1.73
0.59,-9.93,-1.73
0.85,-8.82,-1.71
0.85,-8.82,-1.71
0.85,-8.82,-1.71
1.02,-9.31,-1.58
1.02,-9.31,-1.58
1.02,-9.31,-1.58
0.77,-9.42,-1.81
0.77,-9.42,-1.81
0.77,-9.42,-1.81
0.61,-9.5,-1.59
0.61,-9.5,-1.59
0.61,-9.5,-1.59
0.66,-9.33,-1.74
0.66,-9.33,-1.74
0.66,-9.33,-1.74
0.79,-9.28,-1.78
0.79,-9.28,-1.78
0.79,-9.28,-1.78
0.74,-8.74,-1.61
0.74,-8.74,-1.61
0.74,-8.74,-1.61
0.63,-9.25,-1.59
0.63,-9.25,-1.59
0.63,-9.25,-1.59
1.06,-9.76,-1.63
1.06,-9.76,-1.63
1.06,-9.76,-1.63
0.77,-9.98,-1.75
0.77,-9.98,-1.75
0.77,-9.98,-1.75
1.05,-9.42,-1.76
1.05,-9.42,-1.76
1.05,-9.42,-1.76
0.8,-9.18,-1.42
0.8,-9.18,-1.42
0.8,-9.18,-1.42
0.64,-9.53,-1.55
0.64,-9.53,-1.55
0.84,-9.32,-1.58
0.63,-9.49,-1.45
0.77,-9.3,-1.48
0.77,-9.3,-1.48
0.75,-9.31,-1.6
0.75,-9.31,-1.6
0.75,-9.31,-1.6
0.8,-9.23,-1.59
0.8,-9.23,-1.59
0.8,-9.23,-1.59
1.05,-9.43,-1.81
1.09,-9.6,-1.5
0.72,-9.33,-1.73
0.72,-9.33,-1.73
0.72,-9.33,-1.73
0.73,-9.25,-1.51
0.73,-9.25,-1.51
0.73,-9.25,-1.51
0.84,-9.18,-1.76
0.84,-9.18,-1.76
0.84,-9.18,-1.76
1.06,-9.49,-1.72
1.06,-9.49,-1.72
0.92,-9.39,-1.88
0.94,-9.73,-1.65
0.94,-9.73,-1.65
0.94,-9.73,-1.65
0.4,-9.54,-1.56
0.4,-9.54,-1.56
0.4,-9.54,-1.56
1.18,-8.81,-1.69
1.18,-8.81,-1.69
1.18,-8.81,-1.69
1.22,-9.25,-1.59
1.22,-9.25,-1.59
1.22,-9.25,-1.59
0.79,-9.55,-1.78
0.79,-9.55,-1.78
0.79,-9.55,-1.78
0.87,-9.53,-1.59
0.87,-9.53,-1.59
0.6,-9.63,-1.65
0.6,-9.63,-1.65
0.79,-9.04,-1.87
1.31,-8.82,-1.59
0.62,-8.96,-1.79
0.62,-8.96,-1.79
1.32,-9.28,-1.99
1.32,-9.28,-1.99
1.32,-9.28,-1.99
0.83,-9.63,-1.42
0.83,-9.63,-1.42
0.83,-9.63,-1.42
1.12,-9.42,-1.86
1.12,-9.42,-1.86
1.12,-9.42,-1.86
0.45,-9.63,-1.72
0.45,-9.63,-1.72
1.06,-8.94,-1.45
0.36,-9.32,-1.79
0.36,-9.32,-1.79
0.36,-9.32,-1.79
1.17,-9.48,-1.76
1.17,-9.48,-1.76
1.17,-9.48,-1.76
0.78,-9.41,-1.62
0.78,-9.41,-1.62
0.78,-9.41,-1.62
0.69,-9.14,-1.72
0.69,-9.14,-1.72
1.23,-9.23,-1.65
0.52,-8.83,-1.81
0.52,-8.83,-1.81
0.52,-8.83,-1.81
1.24,-9.34,-1.78
1.24,-9.34,-1.78
1.24,-9.34,-1.78
0.67,-9.99,-1.8
0.67,-9.99,-1.8
0.67,-9.99,-1.8
1.05,-9.02,-1.68
1.05,-9.02,-1.68
1.18,-8.75,-1.78
0.97,-9.33,-1.79
0.97,-9.33,-1.79
0.97,-9.33,-1.79
0.91,-9.3,-1.69
0.91,-9.3,-1.69
0.91,-9.3,-1.69
0.91,-9.38,-1.62
0.91,-9.38,-1.62
0.91,-9.38,-1.62
1.01,-9.44,-1.39
1.01,-9.44,-1.39
1.01,-9.44,-1.39
0.75,-9.1,-1.79
0.75,-9.1,-1.79
0.75,-9.1,-1.79
1.04,-8.87,-1.95
1.04,-8.87,-1.95
1.04,-8.87,-1.95
0.68,-10.27,-1.87
0.68,-10.27,-1.87
0.76,-9.35,-1.5
1.45,-8.94,-1.64
1.45,-8.94,-1.64
0.93,-9.33,-1.71
0.39,-8.83,-1.61
0.39,-8.83,-1.61
0.39,-8.83,-1.61
0.98,-9.97,-1.65
0.98,-9.97,-1.65
0.98,-9.97,-1.65
0.99,-9.42,-1.83
0.99,-9.42,-1.83
1.04,-9.5,-1.69
0.77,-9.11,-1.9
0.77,-9.11,-1.9
0.77,-9.11,-1.9
1.33,-8.88,-1.66
1.33,-8.88,-1.66
1.33,-8.88,-1.66
0.59,-9.51,-1.86
0.59,-9.51,-1.86
0.59,-9.51,-1.86
1.02,-9.55,-1.68
1.02,-9.55,-1.68
1.02,-9.55,-1.68
0.03,-9.73,-1.63
0.03,-9.73,-1.63
0.03,-9.73,-1.63
1.41,-8.64,-1.68
1.41,-8.64,-1.68
1.41,-8.64,-1.68
0.61,-9.44,-1.62
0.61,-9.44,-1.62
0.61,-9.44,-1.62
1.3,-9.52,-1.58
1.3,-9.52,-1.58
1.3,-9.52,-1.58
0.45,-9.17,-1.75
0.45,-9.17,-1.75
0.45,-9.17,-1.75
1.23,-9.53,-1.74
1.23,-9.53,-1.74
1.23,-9.53,-1.74
0.97,-9.24,-1.89
0.97,-9.24,-1.89
0.97,-9.24,-1.89
0.93,-9.92,-1.52
0.93,-9.92,-1.52
0.93,-9.92,-1.52
0.99,-9.36,-1.74
0.99,-9.36,-1.74
0.99,-9.36,-1.74
0.92,-9.3,-1.9
0.92,-9.3,-1.9
0.92,-9.3,-1.9
1.12,-9.87,-1.69
1.12,-9.87,-1.69
1.12,-9.87,-1.69
0.74,-9.17,-1.63
0.88,-8.71,-1.7
0.88,-8.71,-1.7
0.79,-9.66,-1.59
0.79,-9.66,-1.59
0.79,-9.66,-1.59
0.84,-9.07,-1.57
0.84,-9.07,-1.57
0.84,-9.07,-1.57
1.13,-9.34,-1.84
1.13,-9.34,-1.84
1.13,-9.34,-1.84
1.03,-9.52,-1.93
1.03,-9.52,-1.93
1.03,-9.52,-1.93
0.99,-9.23,-1.46
0.99,-9.23,-1.46
0.99,-9.23,-1.46
0.66,-9.72,-1.82
0.66,-9.72,-1.82
0.66,-9.72,-1.82
1.43,-8.79,-2.02
1.43,-8.79,-2.02
1.43,-8.79,-2.02
0.98,-9.76,-1.72
0.98,-9.76,-1.72
0.98,-9.76,-1.72
0.19,-9.39,-1.66
0.19,-9.39,-1.66
0.19,-9.39,-1.66
1.4,-8.95,-1.62
1.4,-8.95,-1.62
1.4,-8.95,-1.62
0.69,-9.71,-1.78
0.69,-9.71,-1.78
0.69,-9.71,-1.78
1.1,-9.2,-1.87
1.1,-9.2,-1.87
1.1,-9.2,-1.87
0.93,-9.23,-1.76
1.39,-9.43,-1.72
1.39,-9.43,-1.72
0.14,-9.27,-1.7
0.14,-9.27,-1.7
0.14,-9.27,-1.7
1.77,-8.81,-1.84
1.77,-8.81,-1.84
1.77,-8.81,-1.84
2.95,-8.86,-3.04
2.95,-8.86,-3.04
2.82,-8.23,-7.56
-15.35,0.06,-6.12
