aX,aY,aZ
-24.6,-2.01,-8.05
13.01,-6.38,7.5
13.01,-6.38,7.5
18.98,2.8,-27.89
0.38,-4.78,-10.16
0.38,-4.78,-10.16
0.38,-4.78,-10.16
3.2,-8.66,-6.6
3.2,-8.66,-6.6
3.2,-8.66,-6.6
-0.46,-6.83,-7.85
-0.46,-6.83,-7.85
-0.46,-6.83,-7.85
0.71,-6.8,-6.5
0.71,-6.8,-6.5
0.65,-5.13,-7.31
0.65,-5.13,-7.31
0.65,-5.13,-7.31
1.26,-5.77,-7.03
1.26,-5.77,-7.03
1.26,-5.77,-7.03
1.89,-6.56,-6.84
1.89,-6.56,-6.84
1.32,-6.57,-6.85
0.82,-6.37,-7.05
1.4,-6.63,-7.05
1.4,-6.63,-7.05
1.33,-6.0,-6.54
1.33,-6.0,-6.54
1.33,-6.0,-6.54
0.92,-6.24,-7.11
0.92,-6.24,-7.11
0.92,-6.24,-7.11
1.49,-6.71,-7.01
1.49,-6.71,-7.01
1.49,-6.71,-7.01
1.55,-6.54,-6.78
1.55,-6.54,-6.78
1.55,-6.54,-6.78
0.82,-6.02,-6.85
0.82,-6.02,-6.85
0.82,-6.02,-6.85
1.04,-6.89,-6.55
1.04,-6.89,-6.55
1.04,-6.89,-6.55
0.87,-7.02,-6.37
0.87,-7.02,-6.37
0.87,-7.02,-6.37
1.45,-5.87,-6.6
1.45,-5.87,-6.6
1.45,-5.87,-6.6
1.89,-7.18,-6.45
1.89,-7.18,-6.45
1.89,-7.18,-6.45
2.25,-6.56,-6.95
2.25,-6.56,-6.95
2.25,-6.56,-6.95
2.25,-6.84,-6.58
2.25,-6.84,-6.58
2.25,-6.84,-6.58
1.84,-7.14,-6.41
2.14,-6.67,-6.4
2.09,-7.09,-6.46
2.09,-7.09,-6.46
2.09,-7.09,-6.46
1.97,-7.24,-6.34
1.97,-7.24,-6.34
1.97,-7.24,-6.34
2.06,-7.02,-6.32
2.06,-7.02,-6.32
2.06,-7.02,-6.32
1.83,-7.48,-6.2
2.03,-7.13,-6.15
2.03,-7.13,-6.15
1.92,-7.13,-5.88
1.92,-7.13,-5.88
1.92,-7.13,-5.88
2.35,-6.79,-5.85
2.35,-6.79,-5.85
2.35,-6.79,-5.85
2.32,-7.16,-6.05
2.09,-7.14,-6.1
2.09,-7.14,-6.1
2.07,-6.91,-6.14
1.98,-6.65,-6.0
1.98,-6.65,-6.0
1.82,-6.32,-6.07
1.82,-6.32,-6.07
1.82,-6.32,-6.07
2.29,-5.87,-6.1
2.29,-5.87,-6.1
2.29,-5.87,-6.1
2.34,-6.02,-5.88
2.34,-6.02,-5.88
2.41,-5.9,-5.81
2.63,-5.79,-5.57
2.35,-5.82,-5.32
2.35,-5.82,-5.32
1.87,-6.5,-5.07
1.87,-6.5,-5.07
1.87,-6.5,-5.07
1.7,-6.32,-5.37
1.7,-6.32,-5.37
1.7,-6.32,-5.37
2.67,-6.2,-5.39
2.67,-6.2,-5.39
2.68,-5.55,-6.06
3.78,-6.17,-4.62
3.78,-6.17,-4.62
3.78,-6.17,-4.62
4.6,-5.91,-2.93
4.6,-5.91,-2.93
4.6,-5.91,-2.93
3.5,-4.39,-3.06
3.5,-4.39,-3.06
3.5,-4.39,-3.06
3.27,-4.83,-2.2
3.27,-4.83,-2.2
2.63,-5.94,-0.6
2.63,-5.94,-0.6
2.63,-5.94,-0.6
2.37,-8.27,-0.63
2.37,-8.27,-0.63
2.37,-8.27,-0.63
1.76,-7.72,0.03
1.76,-7.72,0.03
1.76,-7.72,0.03
2.05,-8.63,6.53
2.05,-8.63,6.53
2.05,-8.63,6.53
0.2,-11.29,4.86
0.2,-11.29,4.86
0.2,-11.29,4.86
2.13,-11.22,5.74
2.13,-11.22,5.74
2.13,-11.22,5.74
1.63,-11.34,5.24
1.63,-11.34,5.24
1.63,-11.34,5.24
1.33,-11.5,5.35
1.33,-11.5,5.35
0.53,-10.56,5.12
-0.86,-9.79,7.17
-0.86,-9.79,7.17
-0.86,-9.79,7.17
-2.51,-12.44,8.39
-2.51,-12.44,8.39
-2.51,-12.44,8.39
-2.18,-9.87,6.89
-2.18,-9.87,6.89
-2.18,-9.87,6.89
-1.66,-7.75,6.22
-1.66,-7.75,6.22
-2.46,-7.7,5.96
-2.31,-7.16,5.09
-2.31,-7.16,5.09
-2.31,-7.16,5.09
-5.47,-6.91,4.8
-5.47,-6.91,4.8
-5.47,-6.91,4.8
-4.1,-6.13,5.26
-4.1,-6.13,5.26
-4.1,-6.13,5.26
-4.45,-6.31,5.11
-4.45,-6.31,5.11
-4.45,-6.31,5.11
-4.89,-6.89,4.13
-4.89,-6.89,4.13
-4.89,-6.89,4.13
-3.5,-8.88,5.22
-3.5,-8.88,5.22
-3.5,-8.88,5.22
-3.54,-7.28,5.48
-3.54,-7.28,5.48
-3.54,-7.28,5.48
-3.81,-7.67,6.0
-3.81,-7.67,6.0
-3.81,-7.67,6.0
-3.34,-8.66,6.0
-3.34,-8.66,6.0
-3.34,-8.66,6.0
-2.82,-8.61,6.78
-2.82,-8.61,6.78
-3.47,-6.03,6.14
-3.47,-6.03,6.14
-3.47,-6.03,6.14
-3.97,-7.48,7.55
-3.97,-7.48,7.55
-3.97,-7.19,7.87
-3.8,-4.18,7.16
-3.8,-4.18,7.16
-3.8,-4.18,7.16
-4.02,-3.81,7.1
-4.02,-3.81,7.1
-4.02,-3.81,7.1
-4.47,-5.43,5.78
-4.47,-5.43,5.78
-4.47,-5.43,5.78
-5.68,-5.25,4.73
-5.68,-5.25,4.73
-5.6,-5.79,4.6
-5.42,-6.47,4.67
-5.42,-6.47,4.67
-5.42,-6.47,4.67
-4.67,-5.9,4.76
-4.67,-5.9,4.76
-4.67,-5.9,4.76
-4.26,-5.9,4.95
-4.26,-5.9,4.95
-4.26,-5.9,4.95
-5.66,-5.58,6.06
-5.66,-5.58,6.06
-5.66,-5.58,6.06
-8.25,-4.06,5.28
-8.25,-4.06,5.28
-8.25,-4.06,5.28
-6.11,-6.27,6.3
-6.11,-6.27,6.3
-6.11,-6.27,6.3
-3.84,-6.83,5.15
-3.84,-6.83,5.15
-2.64,-6.98,5.43
-1.85,-6.82,6.95
-1.85,-6.82,6.95
-1.85,-6.82,6.95
-1.62,-4.85,6.77
-1.62,-4.85,6.77
-1.62,-4.85,6.77
-2.15,-5.0,3.63
-2.15,-5.0,3.63
-2.15,-5.0,3.63
-5.78,-11.43,6.66
-5.78,-11.43,6.66
-5.78,-11.43,6.66
-5.88,-8.93,10.83
-5.88,-8.93,10.83
-5.88,-8.93,10.83
-5.23,-2.94,6.87
-5.23,-2.94,6.87
-5.23,-2.94,6.87
-6.04,-8.03,7.27
-6.04,-8.03,7.27
-6.04,-8.03,7.27
-4.7,-8.67,6.47
-4.7,-8.67,6.47
-4.7,-8.67,6.47
-4.19,-8.28,7.51
-3.63,-7.42,7.27
-3.63,-7.42,7.27
-2.98,-6.46,8.25
-2.98,-6.46,8.25
-2.98,-6.46,8.25
-1.48,-6.17,8.34
-1.48,-6.17,8.34
-1.48,-6.17,8.34
-1.44,-5.38,8.48
-1.44,-5.38,8.48
-0.65,-5.75,7.13
0.29,-5.28,8.67
0.29,-5.28,8.67
0.29,-5.28,8.67
0.63,-4.88,8.73
0.63,-4.88,8.73
0.63,-4.88,8.73
1.69,-4.51,8.69
1.69,-4.51,8.69
1.9,-3.88,7.74
1.9,-3.88,7.74
1.9,-3.88,7.74
2.46,-3.73,7.59
2.46,-3.73,7.59
1.98,-4.37,6.18
5.8,-4.6,8.03
5.8,-4.6,8.03
5.8,-4.6,8.03
4.8,-5.35,7.57
4.8,-5.35,7.57
4.8,-5.35,7.57
5.38,-5.41,7.2
5.38,-5.41,7.2
5.38,-5.41,7.2
5.18,-5.31,6.91
5.18,-5.31,6.91
5.31,-5.87,6.85
5.55,-6.26,6.28
5.55,-6.26,6.28
5.55,-6.26,6.28
5.46,-6.74,5.59
5.46,-6.74,5.59
5.46,-6.74,5.59
5.45,-7.07,5.25
5.45,-7.07,5.25
5.45,-7.07,5.25
4.84,-7.54,4.83
4.84,-7.54,4.83
4.84,-7.54,4.83
5.08,-7.17,4.76
5.08,-7.17,4.76
5.08,-7.17,4.76
5.1,-8.9,5.31
5.1,-8.9,5.31
5.1,-8.9,5.31
5.81,-8.38,4.93
5.81,-8.38,4.93
5.81,-8.38,4.93
5.45,-8.21,5.95
5.45,-8.21,5.95
5.15,-8.38,6.43
5.24,-5.98,4.84
5.24,-5.98,4.84
5.24,-5.98,4.84
4.55,-7.19,5.31
4.55,-7.19,5.31
4.55,-7.19,5.31
3.25,-7.81,3.29
3.25,-7.81,3.29
3.25,-7.81,3.29
3.41,-9.2,3.58
3.41,-9.2,3.58
3.41,-9.2,3.58
2.13,-6.99,2.75
2.13,-6.99,2.75
2.13,-6.99,2.75
2.36,-8.44,2.97
2.36,-8.44,2.97
2.36,-8.44,2.97
2.09,-9.32,3.22
2.09,-9.32,3.22
2.09,-9.32,3.22
1.99,-8.95,3.58
1.99,-8.95,3.58
1.99,-8.95,3.58
2.43,-9.4,2.87
2.43,-9.4,2.87
2.43,-9.4,2.87
1.55,-9.42,2.45
1.55,-9.42,2.45
1.55,-9.42,2.45
1.96,-9.23,3.21
1.96,-9.23,3.21
2.29,-9.31,3.12
3.48,-8.28,2.57
3.48,-8.28,2.57
3.48,-8.28,2.57
3.19,-7.08,2.61
3.19,-7.08,2.61
3.19,-7.08,2.61
2.76,-8.53,3.06
2.76,-8.53,3.06
2.76,-8.53,3.06
2.29,-8.98,3.0
2.29,-8.98,3.0
1.1,-8.68,2.73
1.09,-8.22,2.73
2.28,-7.73,2.95
2.28,-7.73,2.95
3.3,-7.21,4.09
3.3,-7.21,4.09
3.3,-7.21,4.09
2.29,-8.8,3.72
2.29,-8.8,3.72
2.29,-8.8,3.72
1.19,-9.12,4.19
1.19,-9.12,4.19
2.34,-9.44,6.12
3.6,-8.62,9.35
3.6,-8.62,9.35
3.6,-8.62,9.35
1.88,-6.88,7.89
1.88,-6.88,7.89
1.88,-6.88,7.89
3.77,-5.48,7.09
3.77,-5.48,7.09
3.77,-5.48,7.09
2.67,-6.09,7.25
2.67,-6.09,7.25
3.49,-4.7,6.64
2.84,-6.61,8.11
2.84,-6.61,8.11
2.84,-6.61,8.11
1.43,-7.25,8.35
1.43,-7.25,8.35
1.43,-7.25,8.35
0.3,-6.37,8.47
0.3,-6.37,8.47
0.3,-6.37,8.47
-0.22,-6.93,8.91
-0.22,-6.93,8.91
0.29,-6.51,8.84
0.66,-5.76,8.04
0.66,-5.76,8.04
0.66,-5.76,8.04
-0.11,-6.06,8.22
-0.11,-6.06,8.22
-0.11,-6.06,8.22
0.03,-6.3,8.35
0.03,-6.3,8.35
0.03,-6.3,8.35
-0.77,-4.7,7.31
-0.77,-4.7,7.31
-0.77,-4.7,7.31
0.43,-6.29,9.34
0.43,-6.29,9.34
0.43,-6.29,9.34
-0.35,-5.83,8.63
-0.35,-5.83,8.63
-0.35,-5.83,8.63
-0.17,-5.49,8.32
-0.17,-5.49,8.32
-0.17,-5.49,8.32
-0.09,-6.77,8.3
-0.09,-6.77,8.3
-0.09,-6.77,8.3
-0.51,-5.29,7.7
-0.51,-5.29,7.7
-0.51,-5.29,7.7
-0.79,-6.48,7.95
-0.79,-6.48,7.95
-0.79,-6.48,7.95
-0.62,-5.1,7.25
-0.62,-5.1,7.25
-0.62,-5.1,7.25
-1.38,-5.86,7.07
-1.38,-5.86,7.07
-1.38,-5.86,7.07
-1.18,-4.86,7.27
-1.18,-4.86,7.27
-1.18,-4.86,7.27
-1.25,-5.13,7.33
-1.25,-5.13,7.33
-1.79,-5.32,7.7
-1.79,-5.32,7.7
-1.79,-5.32,7.7
-1.39,-4.78,7.72
-1.39,-4.78,7.72
-1.43,-4.53,7.39
-1.34,-5.24,7.48
-1.34,-5.24,7.48
-1.34,-5.24,7.48
-1.38,-4.49,6.82
-1.38,-4.49,6.82
-1.38,-4.49,6.82
-1.28,-5.54,7.8
-1.28,-5.54,7.8
-1.28,-5.54,7.8
-1.48,-5.04,7.96
-1.48,-5.04,7.96
-1.93,-4.76,8.04
-2.42,-5.77,8.67
-2.42,-5.77,8.67
-2.42,-5.77,8.67
-3.11,-5.23,8.82
-3.11,-5.23,8.82
-3.11,-5.23,8.82
-3.99,-5.81,8.99
-3.99,-5.81,8.99
-4.01,-4.99,8.73
-4.01,-4.99,8.73
-4.01,-4.99,8.73
-3.48,-4.19,8.39
-3.48,-4.19,8.39
-3.48,-4.19,8.39
-5.52,-4.87,8.61
-5.52,-4.87,8.61
-5.52,-4.87,8.61
-3.6,-5.18,8.52
-3.6,-5.18,8.52
-3.6,-5.18,8.52
-4.12,-4.59,7.82
-4.12,-4.59,7.82
-3.95,-4.59,7.7
-4.72,-4.72,7.55
-4.72,-4.72,7.55
-4.72,-4.72,7.55
-4.37,-4.45,7.31
-4.37,-4.45,7.31
-4.37,-4.45,7.31
-4.16,-4.59,7.29
-4.16,-4.59,7.29
-4.16,-4.59,7.29
-4.2,-4.92,7.59
-4.2,-4.92,7.59
-3.99,-4.84,7.92
-3.91,-4.79,7.98
-3.91,-4.79,7.98
-3.91,-4.79,7.98
-4.83,-4.23,7.36
-4.83,-4.23,7.36
-4.83,-4.23,7.36
-4.78,-3.95,7.5
-4.78,-3.95,7.5
-4.78,-3.95,7.5
-5.06,-4.32,8.07
-5.06,-4.32,8.07
-4.03,-5.16,8.58
-4.32,-4.21,7.64
-4.32,-4.21,7.64
-4.32,-4.21,7.64
-3.65,-3.59,7.32
-3.65,-3.59,7.32
-3.65,-3.59,7.32
-3.64,-4.49,7.95
-3.64,-4.49,7.95
-3.64,-4.49,7.95
-3.26,-4.52,7.81
-3.26,-4.52,7.81
-3.06,-4.48,7.92
-3.31,-4.83,7.61
-3.31,-4.83,7.61
-3.31,-4.83,7.61
-3.14,-4.87,7.82
-3.14,-4.87,7.82
-3.14,-4.87,7.82
-3.4,-4.48,7.82
-3.4,-4.48,7.82
-3.4,-4.48,7.82
-3.36,-4.87,7.75
-3.36,-4.87,7.75
-3.45,-4.5,7.67
-3.69,-5.68,8.01
-3.69,-5.68,8.01
-3.69,-5.68,8.01
-3.38,-5.92,8.74
-3.38,-5.92,8.74
-3.38,-5.92,8.74
-2.88,-4.8,8.33
-2.88,-4.8,8.33
-2.88,-4.8,8.33
-3.85,-5.74,7.53
-3.85,-5.74,7.53
-3.85,-5.74,7.53
-2.09,-4.44,8.36
-2.09,-4.44,8.36
-2.09,-4.44,8.36
-5.97,-3.15,6.64
-5.97,-3.15,6.64
-5.97,-3.15,6.64
-3.61,-2.36,7.19
-3.61,-2.36,7.19
-3.61,-2.36,7.19
-3.54,-3.55,7.35
-3.54,-3.55,7.35
-3.08,-3.93,6.85
-2.05,-2.96,5.99
-2.05,-2.96,5.99
-2.05,-2.96,5.99
-0.69,-2.54,6.18
-0.69,-2.54,6.18
-0.69,-2.54,6.18
0.34,-2.65,6.98
0.34,-2.65,6.98
0.27,-1.7,6.76
-0.45,-2.44,6.23
-0.45,-2.44,6.23
-0.45,-2.44,6.23
-2.06,-4.23,7.03
-2.06,-4.23,7.03
-2.06,-4.23,7.03
-4.5,-4.9,6.22
-4.5,-4.9,6.22
-4.5,-4.9,6.22
-4.33,-4.21,5.26
-5.92,-3.73,5.48
-5.92,-3.73,5.48
-6.71,-2.54,4.79
-6.71,-2.54,4.79
-6.71,-2.54,4.79
-8.62,-3.4,4.81
-8.62,-3.4,4.81
-8.62,-3.4,4.81
-11.65,-2.81,4.9
-11.65,-2.81,4.9
-11.65,-2.81,4.9
-12.12,-2.92,4.79
-12.12,-2.92,4.79
-11.32,-2.61,5.22
-11.45,-1.71,4.24
-11.45,-1.71,4.24
-11.45,-1.71,4.24
-11.14,-1.01,3.12
-11.14,-1.01,3.12
-11.14,-1.01,3.12
-9.93,-3.71,2.63
-9.93,-3.71,2.63
-9.93,-3.71,2.63
-9.15,-3.83,1.4
-9.15,-3.83,1.4
-9.15,-3.83,1.4
-9.11,-4.17,2.23
-9.11,-4.17,2.23
-9.11,-4.17,2.23
-9.17,-3.89,1.54
-9.17,-3.89,1.54
-9.17,-3.89,1.54
-9.0,-5.22,1.69
-9.0,-5.22,1.69
-9.0,-5.22,1.69
-9.0,-4.54,1.35
-9.35,-5.13,1.26
-9.35,-5.13,1.26
-9.73,-4.42,0.72
-10.19,-3.65,0.57
-10.19,-3.65,0.57
-9.42,-5.19,1.58
-9.42,-5.19,1.58
-8.19,-5.31,2.03
-8.19,-5.31,2.03
-8.19,-5.31,2.03
-7.81,-4.56,2.45
-7.81,-4.56,2.45
-7.71,-5.55,2.54
-7.54,-4.66,2.04
-7.54,-4.66,2.04
-7.54,-4.66,2.04
-7.53,-5.22,2.27
-7.53,-5.22,2.27
-7.53,-5.22,2.27
-7.58,-4.7,1.72
-7.58,-4.7,1.72
-7.58,-4.7,1.72
-7.33,-5.28,1.87
-7.33,-5.28,1.87
-7.33,-5.28,1.87
-8.56,-3.77,0.83
-8.56,-3.77,0.83
-8.56,-3.77,0.83
-9.08,-4.56,0.3
-9.08,-4.56,0.3
-4.33,-5.99,6.91
-4.32,-5.18,6.81
-4.32,-5.18,6.81
-4.32,-5.18,6.81
-3.77,-5.32,7.39
-3.77,-5.32,7.39
-3.64,-5.53,7.44
-3.9,-5.43,7.38
-3.64,-5.31,7.4
-3.64,-5.31,7.4
-3.56,-5.07,7.26
-3.56,-5.07,7.26
-3.56,-5.07,7.26
-3.35,-5.46,7.33
-3.35,-5.46,7.33
-3.35,-5.46,7.33
-3.81,-5.16,7.28
-3.81,-5.16,7.28
-3.75,-5.13,7.49
-3.78,-5.16,7.51
-3.78,-5.16,7.51
-3.78,-5.16,7.51
-3.6,-5.0,7.15
-3.6,-5.0,7.15
-3.6,-5.0,7.15
-4.12,-4.63,7.33
-4.12,-4.63,7.33
-4.12,-4.63,7.33
-5.31,-4.8,7.5
-5.31,-4.8,7.5
-5.67,-4.87,7.71
-6.3,-4.63,7.23
-6.3,-4.63,7.23
-6.3,-4.63,7.23
-5.78,-3.41,7.13
-5.78,-3.41,7.13
-5.78,-3.41,7.13
-5.71,-3.66,7.93
-5.71,-3.66,7.93
-5.71,-3.66,7.93
-4.49,-4.3,7.84
-4.49,-4.3,7.84
-4.49,-4.3,7.84
-3.55,-4.78,7.95
-3.55,-4.78,7.95
-3.55,-4.78,7.95
-4.0,-4.65,8.01
-4.0,-4.65,8.01
-4.34,-5.07,8.05
-4.34,-5.07,8.05
-4.34,-5.07,8.05
-4.59,-4.71,7.68
-4.12,-4.41,7.48
-4.12,-4.41,7.48
-4.37,-4.22,7.08
-4.37,-4.22,7.08
-4.37,-4.22,7.08
-4.3,-4.11,7.01
-4.3,-4.11,7.01
-4.3,-4.11,7.01
-4.39,-3.8,7.25
-4.39,-3.8,7.25
-4.39,-3.8,7.25
-4.92,-3.37,7.05
-4.92,-3.37,7.05
-4.92,-3.37,7.05
-5.04,-3.59,7.37
-5.04,-3.59,7.37
-5.04,-3.59,7.37
-5.25,-3.17,7.24
-5.25,-3.17,7.24
-5.25,-3.17,7.24
-5.46,-3.05,7.08
-5.46,-3.05,7.08
-5.46,-3.05,7.08
-5.74,-2.55,6.56
-5.74,-2.55,6.56
-5.56,-3.62,6.81
-5.69,-3.76,7.03
-5.69,-3.76,7.03
-5.69,-3.76,7.03
-6.52,-3.03,6.87
-6.52,-3.03,6.87
-6.52,-3.03,6.87
-7.21,-2.55,7.01
-7.21,-2.55,7.01
-7.21,-2.55,7.01
-7.53,-2.36,7.48
-7.53,-2.36,7.48
-7.49,-2.61,7.49
-7.5,-2.54,7.48
-7.73,-2.51,7.31
-7.73,-2.51,7.31
-7.2,-2.47,6.81
-7.2,-2.47,6.81
-7.2,-2.47,6.81
-7.05,-2.56,6.66
-7.05,-2.56,6.66
-7.05,-2.56,6.66
-7.89,-2.83,7.36
-7.89,-2.83,7.36
-7.89,-2.83,7.36
-8.72,-2.76,7.35
-8.72,-2.76,7.35
-8.28,-2.57,7.35
-8.28,-2.57,7.35
-8.28,-2.57,7.35
-8.64,-2.36,7.22
-8.64,-2.36,7.22
-8.64,-2.36,7.22
-9.49,-2.09,6.85
-9.49,-2.09,6.85
-9.68,-1.96,6.6
-9.91,-2.31,6.66
-10.32,-2.87,6.51
-10.32,-2.87,6.51
-10.74,-1.9,6.37
-10.74,-1.9,6.37
-10.74,-1.9,6.37
-11.07,-1.36,5.43
-11.07,-1.36,5.43
-11.07,-1.36,5.43
-9.62,-3.65,6.5
-9.62,-3.65,6.5
-9.62,-3.65,6.5
-9.17,-1.78,6.27
-9.17,-1.78,6.27
-9.17,-1.78,6.27
-7.79,-1.97,5.78
-7.79,-1.97,5.78
-7.79,-1.97,5.78
-8.26,-3.19,5.47
-8.26,-3.19,5.47
-8.26,-3.19,5.47
-6.01,-3.29,4.5
-6.01,-3.29,4.5
-6.07,-3.43,4.03
-6.82,-5.1,4.11
-6.82,-5.1,4.11
-6.82,-5.1,4.11
-7.04,-5.2,4.67
-7.04,-5.2,4.67
-7.04,-5.2,4.67
-8.92,-4.28,5.5
-8.92,-4.28,5.5
-8.92,-4.28,5.5
-7.35,-4.26,6.57
-7.35,-4.26,6.57
-5.42,1.31,7.1
-5.42,1.31,7.1
-5.42,1.31,7.1
-3.34,1.14,7.57
-3.34,1.14,7.57
-3.34,1.14,7.57
-1.93,-1.02,7.05
-1.93,-1.02,7.05
-1.93,-1.02,7.05
0.63,-1.02,6.0
0.63,-1.02,6.0
1.29,-1.3,5.39
1.47,-2.27,5.37
1.47,-2.27,5.37
1.47,-2.27,5.37
0.72,-2.92,5.01
0.72,-2.92,5.01
0.72,-2.92,5.01
-1.7,-5.22,5.32
-1.7,-5.22,5.32
-3.84,-7.66,6.79
-5.08,-6.05,5.76
-5.08,-6.05,5.76
-5.58,-5.89,6.27
-9.41,-6.77,4.4
-9.41,-6.77,4.4
-9.41,-6.77,4.4
-10.7,-4.77,1.62
-10.7,-4.77,1.62
-10.7,-4.77,1.62
-10.32,-4.05,0.55
-10.32,-4.05,0.55
-10.32,-4.05,0.55
-12.48,-2.31,-0.14
-12.48,-2.31,-0.14
-12.67,-2.07,-0.68
-9.98,-2.24,-0.76
-9.98,-2.24,-0.76
-9.98,-2.24,-0.76
-10.09,-2.39,-1.1
-10.09,-2.39,-1.1
-10.09,-2.39,-1.1
-7.6,-3.26,0.7
-7.6,-3.26,0.7
-7.6,-3.26,0.7
-7.73,-2.69,1.54
-7.73,-2.69,1.54
-7.73,-2.69,1.54
-8.2,-3.63,1.83
-8.2,-3.63,1.83
-8.2,-3.63,1.83
-7.51,-3.36,1.31
-7.51,-3.36,1.31
-7.51,-3.36,1.31
-7.5,-3.13,1.64
-7.5,-3.13,1.64
-7.5,-3.13,1.64
-7.89,-4.8,1.78
-7.89,-4.8,1.78
-7.81,-4.68,1.66
-8.39,-4.48,1.39
-8.39,-4.48,1.39
-8.39,-4.48,1.39
-8.83,-4.35,1.5
-8.83,-4.35,1.5
-8.83,-4.35,1.5
-8.41,-2.87,1.93
-8.41,-2.87,1.93
-8.41,-2.87,1.93
-9.11,-2.37,1.95
-9.51,-2.27,1.26
-9.51,-2.27,1.26
-10.07,-1.84,1.06
-10.07,-1.84,1.06
-10.07,-1.84,1.06
-9.16,-1.79,2.06
-9.16,-1.79,2.06
-9.16,-1.79,2.06
-9.16,-3.13,3.23
-9.16,-3.13,3.23
-9.16,-3.13,3.23
-8.34,-2.46,4.19
-8.34,-2.46,4.19
-8.34,-2.46,4.19
-10.1,-2.21,4.38
-10.1,-2.21,4.38
-10.1,-2.21,4.38
-8.23,-1.28,3.74
-8.23,-1.28,3.74
-8.23,-1.28,3.74
-9.0,-1.41,3.39
-9.0,-1.41,3.39
-9.0,-1.41,3.39
-9.41,-2.42,2.18
-9.41,-2.42,2.18
-9.41,-2.42,2.18
-8.65,-3.27,1.69
-8.65,-3.27,1.69
-8.65,-3.27,1.69
-7.71,-3.88,0.47
-7.71,-3.88,0.47
-7.71,-3.88,0.47
-7.66,-4.97,-0.48
-7.66,-4.97,-0.48
-7.91,-3.35,-0.79
-8.04,0.57,-0.61
-8.04,0.57,-0.61
-8.04,0.57,-0.61
-9.6,2.5,-0.9
-9.6,2.5,-0.9
-9.6,2.5,-0.9
-9.36,2.81,-1.58
-9.36,2.81,-1.58
-9.36,2.81,-1.58
-9.68,1.21,-2.0
-9.68,1.21,-2.0
-9.68,1.21,-2.0
-8.84,-0.14,-2.68
-8.34,0.02,-2.77
-8.34,0.02,-2.77
-6.53,1.2,-3.11
-6.53,1.2,-3.11
-6.53,1.2,-3.11
-6.85,2.46,-3.19
-6.85,2.46,-3.19
-6.85,2.46,-3.19
-8.47,2.76,-3.24
-8.47,2.76,-3.24
-8.62,3.1,-3.51
-8.58,3.22,-3.49
-8.58,3.22,-3.49
-8.9,2.62,-3.64
-8.67,1.15,-3.66
-8.67,1.15,-3.66
-8.67,1.15,-3.66
-8.01,1.24,-3.66
-8.01,1.24,-3.66
-8.01,1.24,-3.66
-7.4,1.05,-3.35
-7.4,1.05,-3.35
-7.5,0.95,-3.31
-8.38,1.61,-3.24
-8.38,1.61,-3.24
-8.38,1.61,-3.24
-8.49,2.13,-3.54
-8.49,2.13,-3.54
-8.49,2.13,-3.54
-8.26,2.08,-3.65
-8.26,2.08,-3.65
-8.26,2.08,-3.65
-8.26,1.68,-3.37
-8.26,1.68,-3.37
-8.57,1.7,-3.38
-8.47,1.8,-3.3
-8.26,1.7,-3.26
-8.26,1.7,-3.26
-9.03,1.52,-3.56
-9.03,1.52,-3.56
-9.03,1.52,-3.56
-8.45,1.36,-2.9
-8.45,1.36,-2.9
-8.45,1.36,-2.9
-8.43,0.91,-2.72
-8.43,0.91,-2.72
-8.43,0.91,-2.72
-7.8,0.77,-3.45
-7.8,0.77,-3.45
-7.79,0.79,-3.44
-8.22,1.48,-3.32
-8.22,1.48,-3.32
-8.22,1.48,-3.32
-8.74,1.36,-3.09
-8.74,1.36,-3.09
-8.62,1.46,-3.09
-8.86,1.42,-3.13
-9.18,1.17,-3.24
-9.18,1.17,-3.24
-8.45,1.56,-3.51
-8.45,1.56,-3.51
-8.21,0.61,-3.05
-8.21,0.61,-3.05
-8.21,0.61,-3.05
-8.68,-0.18,-2.81
-8.68,-0.18,-2.81
-8.68,-0.18,-2.81
-8.34,0.31,-2.74
-8.24,-1.1,-1.71
-8.24,-1.1,-1.71
-8.21,-1.07,-1.71
-8.21,-1.07,-1.71
-8.21,-1.07,-1.71
-7.59,-0.69,-1.38
-7.59,-0.69,-1.38
-8.07,-1.14,-1.12
-8.61,-1.5,-1.13
-7.93,-1.48,-2.07
-7.93,-1.48,-2.07
-9.28,-1.6,-1.45
-9.28,-1.6,-1.45
-9.28,-1.6,-1.45
-11.87,-2.54,0.45
-11.87,-2.54,0.45
-11.07,-0.79,0.6
-10.1,-0.23,1.56
-10.1,-0.23,1.56
-8.96,0.02,2.03
-8.96,0.02,2.03
-8.96,0.02,2.03
-7.99,-1.12,2.5
-7.99,-1.12,2.5
-7.99,-1.12,2.5
-8.28,-1.18,2.81
-8.28,-1.18,2.81
-8.28,-1.18,2.81
-8.93,-0.64,2.96
-9.28,-0.85,3.11
-9.28,-0.85,3.11
-9.86,-0.73,3.15
-9.86,-0.73,3.15
-9.86,-0.73,3.15
-9.53,-0.17,2.83
-9.53,-0.17,2.83
-9.53,-0.17,2.83
-9.26,-0.57,2.77
-9.26,-0.57,2.77
-9.26,-0.57,2.77
-8.71,-0.32,2.31
-8.75,-0.94,2.34
-8.75,-0.94,2.34
-8.96,-2.07,2.55
-8.96,-2.07,2.55
-8.96,-2.07,2.55
-8.13,-1.82,2.66
-8.13,-1.82,2.66
-8.13,-1.82,2.66
-8.0,-1.97,2.86
-8.0,-1.97,2.86
-8.0,-1.97,2.86
-8.23,-1.66,3.4
-8.5,-1.7,3.49
-8.5,-1.7,3.49
-7.94,-0.7,3.55
-7.94,-0.7,3.55
-7.94,-0.7,3.55
-7.7,-0.79,3.86
-7.7,-0.79,3.86
-7.7,-0.79,3.86
-8.31,-1.35,4.22
-8.31,-1.35,4.22
-8.26,-1.56,4.16
-8.35,-1.96,4.11
-8.35,-1.96,4.11
-8.17,-2.18,3.78
-8.19,-2.0,3.95
-8.19,-2.0,3.95
-8.19,-2.0,3.95
-8.53,-2.19,4.61
-8.53,-2.19,4.61
-8.53,-2.19,4.61
-7.94,-2.25,5.1
-7.94,-2.25,5.1
-7.94,-2.25,5.1
-7.06,-3.58,5.02
-7.06,-3.58,5.02
-7.06,-3.58,5.02
-7.02,-3.31,4.74
-7.02,-3.31,4.74
-7.02,-3.31,4.74
-7.48,-3.66,5.15
-7.48,-3.66,5.15
-7.48,-3.66,5.15
-7.41,-2.07,4.66
-7.41,-2.07,4.66
-7.41,-2.07,4.66
-9.54,-3.97,4.99
-9.54,-3.97,4.99
-9.54,-3.97,4.99
-9.77,-3.73,4.32
-9.77,-3.73,4.32
-9.77,-3.73,4.32
-10.21,-4.51,2.98
-10.21,-4.51,2.98
-10.21,-4.51,2.98
-6.51,-9.18,-0.92
-6.51,-9.18,-0.92
-6.51,-9.18,-0.92
-9.9,-6.23,-2.46
-9.9,-6.23,-2.46
-9.9,-6.23,-2.46
-9.22,-2.06,-2.08
-9.22,-2.06,-2.08
-9.22,-2.06,-2.08
-6.32,-3.21,-1.59
-6.32,-3.21,-1.59
-6.32,-3.21,-1.59
-5.65,-3.54,-0.72
-5.65,-3.54,-0.72
-5.82,-4.01,-0.14
-5.72,-4.07,-0.1
-5.72,-4.07,-0.1
-5.76,-3.99,0.01
-6.17,-5.39,1.73
-6.17,-5.39,1.73
-6.17,-5.39,1.73
-6.08,-5.32,1.89
-6.08,-5.32,1.89
-6.08,-5.32,1.89
-6.04,-5.13,1.74
-6.04,-5.13,1.74
-6.04,-5.13,1.74
-6.49,-4.38,1.78
-6.49,-4.38,1.78
-6.49,-4.38,1.78
-7.41,-4.18,2.7
-7.41,-4.18,2.7
-7.41,-4.18,2.7
-7.43,-4.18,3.42
-7.43,-4.18,3.42
-7.43,-4.18,3.42
-6.04,-4.63,2.99
-6.04,-4.63,2.99
-6.04,-4.63,2.99
-5.33,-5.36,2.78
-5.33,-5.36,2.78
-5.33,-5.36,2.78
-7.12,-4.59,3.99
-7.12,-4.59,3.99
-7.12,-4.59,3.99
-5.58,-4.22,3.95
-5.58,-4.22,3.95
-5.58,-4.22,3.95
-6.39,-4.11,4.55
-6.39,-4.11,4.55
-7.71,-3.23,5.41
-7.71,-3.23,5.41
-8.46,-3.35,5.77
-10.93,-6.26,5.46
-10.93,-6.26,5.46
-10.93,-6.26,5.46
-12.65,-8.01,4.8
-12.65,-8.01,4.8
-12.65,-8.01,4.8
-10.94,-3.91,2.48
-10.94,-3.91,2.48
-10.94,-3.91,2.48
-7.92,-3.33,2.18
-7.92,-3.33,2.18
-7.24,-3.19,2.57
-7.0,-3.48,3.06
-7.0,-3.48,3.06
-7.0,-3.48,3.06
-8.44,-2.93,2.82
-8.44,-2.93,2.82
-8.44,-2.93,2.82
-9.2,-3.34,3.34
-9.2,-3.34,3.34
-9.2,-3.34,3.34
-7.95,-2.79,3.47
-8.31,-3.08,3.52
-8.31,-3.08,3.52
-7.83,-2.97,3.37
-7.83,-2.97,3.37
-7.83,-2.97,3.37
-9.17,-2.49,3.55
-9.17,-2.49,3.55
-9.17,-2.49,3.55
-8.0,-2.72,3.7
-8.0,-2.72,3.7
-8.0,-2.72,3.7
-9.27,-3.97,4.28
-9.27,-3.97,4.28
-9.26,-3.79,4.38
-10.08,-4.17,5.23
-10.08,-4.17,5.23
-10.08,-4.17,5.23
-10.25,-5.33,4.57
-10.25,-5.33,4.57
-10.25,-5.33,4.57
-9.01,-6.93,5.29
-9.01,-6.93,5.29
-8.07,-7.5,5.53
-6.48,-7.34,5.81
-6.48,-7.34,5.81
-4.82,-7.21,5.68
-2.12,-6.57,6.1
-2.12,-6.57,6.1
-2.12,-6.57,6.1
-0.23,-5.75,5.72
-0.23,-5.75,5.72
-0.23,-5.75,5.72
1.37,-3.6,4.65
1.37,-3.6,4.65
1.37,-3.6,4.65
3.52,-5.17,1.02
3.52,-5.17,1.02
3.52,-5.17,1.02
0.29,-8.09,-0.15
0.29,-8.09,-0.15
0.29,-8.09,-0.15
-1.38,-8.52,1.69
-1.38,-8.52,1.69
-1.38,-8.52,1.69
-6.13,-9.38,3.48
-6.13,-9.38,3.48
-6.13,-9.38,3.48
-1.8,-7.11,4.05
-1.8,-7.11,4.05
-1.8,-7.11,4.05
-4.46,-7.36,4.72
-4.46,-7.36,4.72
-4.46,-7.36,4.72
-4.25,-7.19,5.4
-4.25,-7.19,5.4
-4.25,-7.19,5.4
-4.87,-6.96,5.54
-4.87,-6.96,5.54
-4.63,-6.46,5.38
-5.49,-6.59,5.78
-6.67,-7.18,5.93
-6.67,-7.18,5.93
-6.32,-5.71,5.02
-6.32,-5.71,5.02
-6.32,-5.71,5.02
-6.68,-5.42,4.51
-6.68,-5.42,4.51
-6.68,-5.42,4.51
-7.31,-6.64,4.8
-7.31,-6.64,4.8
-7.31,-6.48,4.81
-7.21,-5.53,4.47
-7.21,-5.53,4.47
-7.21,-5.53,4.47
-8.9,-6.14,5.13
-8.9,-6.14,5.13
-8.9,-6.14,5.13
-6.6,-6.63,5.14
-6.6,-6.63,5.14
-6.6,-6.63,5.14
-5.11,-5.99,4.82
-5.11,-5.99,4.82
-5.11,-5.99,4.82
-3.0,-6.58,5.26
-3.0,-6.58,5.26
-3.0,-6.58,5.26
-2.91,-7.31,6.08
-2.91,-7.31,6.08
-2.91,-7.31,6.08
-2.7,-7.41,6.31
-2.7,-7.41,6.31
-2.7,-7.41,6.31
-2.6,-8.03,7.37
-2.6,-8.03,7.37
-2.36,-8.07,7.34
-2.2,-7.18,7.52
-2.33,-6.74,7.59
-2.33,-6.74,7.59
-2.61,-6.37,7.54
-2.61,-6.37,7.54
-2.61,-6.37,7.54
-2.23,-7.15,7.14
-2.23,-7.15,7.14
-2.23,-7.15,7.14
-3.1,-6.88,6.66
-3.1,-6.88,6.66
-3.1,-6.88,6.66
-2.08,-5.55,6.83
-2.08,-5.55,6.83
-2.08,-5.55,6.83
-2.92,-7.57,7.67
-2.92,-7.57,7.67
-2.92,-7.57,7.67
-3.18,-6.44,6.99
-3.18,-6.44,6.99
-3.18,-6.44,6.99
-3.33,-7.16,5.72
-3.33,-7.16,5.72
-3.33,-7.16,5.72
-3.39,-6.96,6.04
-3.39,-6.96,6.04
-3.39,-6.96,6.04
-3.54,-5.83,6.26
-3.54,-5.83,6.26
-3.54,-5.83,6.26
-3.98,-6.73,6.91
-3.98,-6.73,6.91
-3.73,-7.46,7.14
-3.71,-7.36,7.17
-3.71,-7.36,7.17
-3.82,-6.68,6.88
-3.6,-5.78,6.81
-3.66,-5.31,6.52
-3.66,-5.31,6.52
-4.02,-5.57,6.23
-4.02,-5.57,6.23
-4.02,-5.57,6.23
-4.11,-6.33,6.27
-4.11,-6.33,6.27
-4.11,-6.33,6.27
-4.35,-5.51,6.74
-4.35,-5.51,6.74
-4.35,-5.51,6.74
-4.13,-6.13,7.35
-4.13,-6.13,7.35
-3.81,-6.12,7.0
-3.81,-6.12,7.0
-3.81,-6.12,7.0
-3.67,-5.51,6.17
-3.67,-5.51,6.17
-3.77,-5.12,5.91
-3.74,-5.54,5.91
-3.74,-5.54,5.91
-3.72,-6.15,6.23
-3.55,-6.65,6.34
-3.65,-6.85,6.44
-3.65,-6.85,6.44
-4.88,-6.27,5.03
-4.88,-6.27,5.03
-4.88,-6.27,5.03
-6.0,-5.21,4.2
-6.0,-5.21,4.2
-6.0,-5.21,4.2
-7.41,-5.26,4.26
-7.41,-5.26,4.26
-7.82,-5.63,4.87
-7.59,-5.02,4.57
-7.59,-5.02,4.57
-7.59,-5.02,4.57
-6.74,-4.47,5.86
-6.74,-4.47,5.86
-6.74,-4.47,5.86
-3.6,-7.1,8.09
-3.6,-7.1,8.09
-3.6,-7.1,8.09
-2.35,-4.95,8.14
-2.35,-4.95,8.14
-2.35,-4.95,8.14
-0.71,-4.61,7.64
-0.71,-4.61,7.64
-0.71,-4.61,7.64
-0.55,-7.52,7.51
-0.55,-7.52,7.51
-0.55,-7.52,7.51
-2.56,-5.18,5.47
-2.56,-5.18,5.47
-2.56,-5.18,5.47
-3.42,-5.68,5.89
-3.42,-5.68,5.89
-4.08,-6.26,6.68
-5.34,-9.45,7.82
-5.34,-9.45,7.82
-5.34,-9.45,7.82
-3.82,-9.24,7.33
-3.82,-9.24,7.33
-3.82,-9.24,7.33
-3.02,-8.41,7.23
-3.02,-8.41,7.23
-3.02,-8.41,7.23
-0.69,-5.82,7.33
-0.69,-5.82,7.33
-0.14,-4.98,7.03
-0.99,-4.88,6.0
-0.99,-4.88,6.0
-0.99,-4.88,6.0
-1.98,-5.39,5.57
-1.98,-5.39,5.57
-1.98,-5.39,5.57
-2.72,-5.55,5.46
-2.72,-5.55,5.46
-2.72,-5.55,5.46
-2.53,-3.96,4.64
-2.53,-3.96,4.64
-2.57,-3.81,6.36
-2.95,-5.78,8.54
-2.95,-5.78,8.54
-2.95,-5.78,8.54
-0.45,-7.83,9.9
-0.45,-7.83,9.9
-0.45,-7.83,9.9
-0.17,-6.64,8.73
-0.17,-6.64,8.73
-0.17,-6.64,8.73
-1.09,-7.37,7.15
-1.09,-7.37,7.15
-1.15,-8.37,7.1
-3.21,-7.19,6.93
-3.21,-7.19,6.93
-3.21,-7.19,6.93
-5.9,-4.73,5.75
-5.9,-4.73,5.75
-5.9,-4.73,5.75
-6.22,-6.17,6.46
-6.22,-6.17,6.46
-6.22,-6.17,6.46
-5.13,-6.8,6.72
-5.13,-6.8,6.72
-5.34,-6.08,6.64
-4.11,-5.15,7.25
-4.11,-5.15,7.25
-4.11,-5.15,7.25
-4.29,-4.98,7.16
-4.29,-4.98,7.16
-4.29,-4.98,7.16
-3.03,-5.36,7.59
-3.03,-5.36,7.59
-3.03,-5.36,7.59
-1.3,-6.26,8.86
-1.3,-6.26,8.86
-1.3,-6.26,8.86
-1.52,-5.12,7.61
-1.52,-5.12,7.61
-1.52,-5.12,7.61
-1.2,-5.98,7.34
-1.2,-5.98,7.34
-1.2,-5.98,7.34
-1.86,-6.03,7.47
-1.86,-6.03,7.47
-2.94,-5.86,7.14
-3.47,-5.79,7.24
-3.47,-5.79,7.24
-3.47,-5.79,7.24
-4.39,-6.59,7.6
-4.39,-6.59,7.6
-4.39,-6.59,7.6
-3.73,-5.72,7.15
-3.73,-5.72,7.15
-3.73,-5.72,7.15
-3.85,-4.83,6.91
-3.85,-4.83,6.91
-3.85,-4.83,6.91
-3.54,-5.92,6.84
-3.54,-5.92,6.84
-3.21,-5.45,6.99
-3.2,-5.73,7.31
-3.2,-5.73,7.31
-3.2,-5.73,7.31
-3.56,-5.56,6.77
-3.56,-5.56,6.77
-3.56,-5.56,6.77
-2.82,-6.13,7.74
-2.82,-6.13,7.74
-2.76,-6.36,7.17
-3.39,-6.12,6.94
-3.32,-5.66,6.92
-3.32,-5.66,6.92
-3.92,-6.27,6.95
-3.92,-6.27,6.95
-3.92,-6.27,6.95
-3.45,-5.75,6.85
-3.45,-5.75,6.85
-3.45,-5.75,6.85
-3.42,-5.21,6.65
-3.42,-5.21,6.65
-3.42,-5.21,6.65
-3.69,-5.53,7.11
-3.69,-5.53,7.11
-3.69,-5.53,7.11
-3.4,-5.88,7.49
-3.4,-5.88,7.49
-3.4,-5.88,7.49
-2.45,-6.27,7.83
-2.45,-6.27,7.83
-2.45,-6.27,7.83
-1.95,-6.01,7.72
-1.95,-6.01,7.72
-2.04,-4.75,7.7
-2.04,-4.75,7.7
-2.04,-4.75,7.7
-1.74,-6.53,7.72
-1.74,-6.53,7.72
-1.74,-6.53,7.72
-1.79,-6.23,6.78
-1.79,-6.23,6.78
-1.65,-7.55,8.03
-1.65,-7.55,8.03
-1.63,-7.59,8.14
-1.55,-6.0,7.22
-1.55,-6.0,7.22
-1.55,-6.0,7.22
-1.34,-5.96,7.63
-1.34,-5.96,7.63
-1.34,-5.96,7.63
-1.32,-6.1,7.94
-1.32,-6.1,7.94
-1.32,-6.1,7.94
-0.18,-6.04,7.77
-0.18,-6.04,7.77
-0.18,-6.04,7.77
-0.51,-6.39,5.96
-0.51,-6.39,5.96
-0.51,-6.39,5.96
-0.22,-6.11,6.27
-0.22,-6.11,6.27
-0.22,-6.11,6.27
-0.89,-7.77,7.41
-0.89,-7.77,7.41
-0.89,-7.77,7.41
-0.73,-6.34,7.87
-0.73,-6.34,7.87
-0.73,-6.34,7.87
-3.08,-7.38,7.49
-3.08,-7.38,7.49
-3.08,-7.38,7.49
-2.86,-6.35,6.59
-2.86,-6.35,6.59
-2.86,-6.35,6.59
-3.99,-6.25,6.27
-3.99,-6.25,6.27
-3.99,-6.25,6.27
-4.8,-6.76,6.14
-4.8,-6.76,6.14
-4.6,-7.07,6.28
-3.97,-7.33,6.91
-2.89,-7.19,7.25
-2.89,-7.19,7.25
-2.3,-5.41,5.29
-2.3,-5.41,5.29
-2.3,-5.41,5.29
-3.15,-5.87,5.15
-3.15,-5.87,5.15
-3.15,-5.87,5.15
-3.94,-7.44,6.17
-3.94,-7.44,6.17
-3.94,-7.44,6.17
-4.0,-6.14,5.77
-4.0,-6.14,5.77
-4.0,-6.14,5.77
-4.08,-5.92,6.25
-4.08,-5.92,6.25
-4.08,-5.92,6.25
-2.98,-5.24,6.8
-2.98,-5.24,6.8
-2.98,-5.24,6.8
-3.64,-6.2,7.37
-3.64,-6.2,7.37
-3.64,-6.2,7.37
-3.06,-6.3,7.17
-3.06,-6.3,7.17
-3.06,-6.3,7.17
-2.87,-6.91,7.31
-2.87,-6.91,7.31
-2.87,-6.91,7.31
-2.34,-5.76,7.4
-2.34,-5.76,7.4
-2.34,-5.76,7.4
-2.16,-6.12,7.97
-1.99,-6.22,8.27
-1.99,-6.22,8.27
-3.06,-5.8,7.24
-3.06,-5.8,7.24
-1.36,-6.64,7.57
-1.36,-6.64,7.57
-1.36,-6.64,7.57
-2.09,-6.04,7.71
-2.09,-6.04,7.71
-2.09,-6.04,7.71
-1.82,-4.47,7.88
-1.82,-4.47,7.88
-1.82,-4.47,7.88
-2.6,-5.01,8.28
-2.6,-5.01,8.28
-2.6,-5.01,8.28
-1.5,-8.38,8.86
-1.5,-8.38,8.86
-1.5,-8.38,8.86
-2.45,-6.98,7.56
-2.45,-6.98,7.56
-2.45,-6.98,7.56
-2.37,-5.86,6.79
-2.37,-5.86,6.79
-3.15,-5.85,6.59
-2.81,-5.07,7.05
-2.81,-5.07,7.05
-2.81,-5.07,7.05
-3.1,-5.6,7.36
-3.1,-5.6,7.36
-3.1,-5.6,7.36
-2.38,-6.25,7.34
-2.38,-6.25,7.34
-2.38,-6.25,7.34
-2.92,-7.17,7.49
-3.15,-6.65,7.07
-3.15,-6.65,7.07
-4.25,-5.42,6.47
-4.25,-5.42,6.47
-4.25,-5.42,6.47
-5.53,-5.35,6.16
-5.53,-5.35,6.16
-5.53,-5.35,6.16
-5.41,-5.58,6.1
-5.41,-5.58,6.1
-5.41,-5.58,6.1
-4.83,-6.07,6.21
-4.26,-5.9,6.01
-4.26,-5.9,6.01
-2.11,-6.45,6.31
-2.11,-6.45,6.31
-2.11,-6.45,6.31
-1.74,-7.01,6.15
-1.74,-7.01,6.15
-1.74,-7.01,6.15
-1.55,-7.66,5.55
-1.55,-7.66,5.55
-2.5,-7.99,5.35
-2.75,-7.72,5.6
-2.75,-7.72,5.6
-3.06,-7.32,6.02
-3.52,-6.68,6.44
-3.52,-6.68,6.44
-3.52,-6.68,6.44
-2.58,-7.2,6.13
-2.58,-7.2,6.13
-2.58,-7.2,6.13
-3.07,-7.11,5.76
-3.07,-7.11,5.76
-2.77,-6.94,5.93
-3.01,-6.93,5.93
-3.01,-6.93,5.93
-3.16,-7.09,6.12
-2.61,-6.86,6.03
-2.61,-6.86,6.03
-2.61,-6.86,6.03
-2.9,-6.49,5.66
-2.9,-6.49,5.66
-2.9,-6.49,5.66
-3.17,-6.97,5.94
-3.17,-6.97,5.94
-3.17,-6.97,5.94
-3.27,-7.39,6.38
-3.27,-7.39,6.38
-3.16,-7.22,6.44
-2.66,-7.83,6.35
-2.66,-7.83,6.35
-2.66,-7.83,6.35
-2.23,-7.27,5.82
-2.23,-7.27,5.82
-2.23,-7.27,5.82
-2.2,-7.08,6.12
-2.2,-7.08,6.12
-2.2,-7.08,6.12
-3.01,-6.5,5.04
-3.01,-6.5,5.04
-3.11,-7.02,5.59
-3.11,-7.02,5.59
-3.11,-7.02,5.59
-3.62,-6.52,6.23
-3.62,-6.52,6.23
-3.62,-6.52,6.23
-2.59,-5.96,6.28
-2.59,-5.96,6.28
-2.59,-5.96,6.28
-2.63,-7.42,6.19
-2.63,-7.42,6.19
-2.63,-7.42,6.19
-3.02,-7.14,5.98
-3.02,-7.14,5.98
-3.02,-7.14,5.98
-3.38,-8.47,6.1
-3.38,-8.47,6.1
-3.38,-8.47,6.1
-2.49,-7.79,6.38
-2.49,-7.79,6.38
-2.49,-7.79,6.38
-2.61,-7.2,6.12
-2.61,-7.2,6.12
-2.59,-6.73,5.74
-2.89,-5.14,6.03
-2.89,-5.14,6.03
-2.89,-5.14,6.03
-4.63,-5.26,6.18
-4.63,-5.26,6.18
-4.63,-5.26,6.18
-5.66,-6.07,6.58
-5.66,-6.07,6.58
-5.66,-6.07,6.58
-4.26,-6.75,6.93
-3.27,-7.6,6.34
-3.27,-7.6,6.34
-3.48,-7.89,7.15
-3.48,-7.89,7.15
-3.48,-7.89,7.15
-2.87,-6.45,6.65
-2.87,-6.45,6.65
-2.87,-6.45,6.65
-2.81,-7.11,6.65
-2.81,-7.11,6.65
-2.84,-7.15,6.67
-2.87,-7.18,6.44
-2.87,-7.18,6.44
-3.11,-7.01,6.38
-3.79,-6.84,5.94
-3.79,-6.84,5.94
-3.79,-6.84,5.94
-4.64,-6.95,5.98
-4.64,-6.95,5.98
-4.64,-6.95,5.98
-3.2,-6.39,6.11
-3.2,-6.39,6.11
-3.2,-6.39,6.11
-2.88,-6.38,5.1
-2.88,-6.38,5.1
-2.88,-6.38,5.1
-3.49,-5.27,5.67
-3.49,-5.27,5.67
-3.49,-5.27,5.67
-0.11,-5.39,6.97
-0.11,-5.39,6.97
-0.11,-5.39,6.97
-1.55,-8.9,6.23
-0.35,-10.27,5.91
-0.35,-10.27,5.91
-2.24,-11.3,5.59
-2.24,-11.3,5.59
-2.24,-11.3,5.59
-0.89,-7.33,6.17
-0.89,-7.33,6.17
-0.89,-7.33,6.17
-2.6,-6.83,6.08
-2.6,-6.83,6.08
-2.6,-6.83,6.08
-3.2,-5.21,5.96
-3.2,-5.21,5.96
-3.2,-5.21,5.96
-4.68,-6.21,6.19
-4.68,-6.21,6.19
-6.47,-5.4,6.42
-5.36,-5.3,5.28
-5.36,-5.3,5.28
-5.36,-5.3,5.28
-3.06,-7.22,7.18
-3.06,-7.22,7.18
-3.06,-7.22,7.18
-2.58,-7.15,7.06
-2.58,-7.15,7.06
-2.58,-7.15,7.06
-2.24,-7.82,6.28
-2.24,-7.82,6.28
-2.24,-7.82,6.28
-3.17,-7.75,5.65
-3.17,-7.75,5.65
-3.17,-7.75,5.65
-2.69,-6.72,5.41
-2.69,-6.72,5.41
-2.69,-6.72,5.41
-2.11,-6.97,6.52
-2.11,-6.97,6.52
-2.25,-7.64,6.79
-2.79,-7.71,6.87
-3.29,-6.85,6.29
-3.29,-6.85,6.29
-2.96,-7.05,5.77
-2.96,-7.05,5.77
-2.96,-7.05,5.77
-2.98,-7.0,5.86
-2.98,-7.0,5.86
-2.98,-7.0,5.86
-2.65,-7.21,6.15
-2.65,-7.21,6.15
-2.55,-7.02,6.07
-2.63,-7.35,6.08
-2.6,-7.93,6.32
-2.6,-7.93,6.32
-2.05,-6.53,5.02
-2.05,-6.53,5.02
-2.05,-6.53,5.02
-2.59,-7.59,5.71
-2.59,-7.59,5.71
-2.59,-7.59,5.71
-2.9,-7.51,5.97
-2.9,-7.51,5.97
-2.98,-7.15,5.93
-2.6,-6.79,5.99
-2.22,-6.68,5.78
-2.22,-6.68,5.78
-2.66,-7.63,5.94
-2.66,-7.63,5.94
-2.66,-7.63,5.94
-2.2,-7.45,5.02
-2.2,-7.45,5.02
-2.2,-7.45,5.02
-3.01,-7.93,5.11
-3.01,-7.93,5.11
-3.01,-7.93,5.11
-3.35,-6.91,5.97
-3.35,-6.91,5.97
-3.35,-6.91,5.97
-3.73,-6.93,6.23
-3.73,-6.93,6.23
-3.73,-6.93,6.23
-3.25,-8.05,6.66
-3.25,-8.05,6.66
-3.25,-8.05,6.66
-3.39,-8.36,5.7
-3.39,-8.36,5.7
-3.39,-8.36,5.7
0.18,-7.87,5.21
0.18,-7.87,5.21
0.18,-7.87,5.21
-0.94,-7.73,5.37
-0.94,-7.73,5.37
-0.94,-7.73,5.37
-1.51,-6.67,5.66
-1.51,-6.67,5.66
-1.51,-6.67,5.66
-0.76,-7.35,6.48
-0.76,-7.35,6.48
-0.76,-7.35,6.48
-1.75,-8.27,6.1
-1.75,-8.27,6.1
-1.75,-8.27,6.1
-2.46,-8.56,5.79
-2.46,-8.56,5.79
-2.46,-8.56,5.79
-3.85,-8.39,5.23
-3.85,-8.39,5.23
-3.69,-7.91,4.85
-3.03,-8.31,5.3
-3.03,-8.31,5.3
-3.03,-8.31,5.3
-2.38,-8.63,5.42
-2.38,-8.63,5.42
-2.38,-8.63,5.42
-1.72,-8.22,5.27
-1.72,-8.22,5.27
-1.72,-8.22,5.27
-1.16,-8.08,5.67
-1.16,-8.08,5.67
-1.16,-8.08,5.67
-0.73,-6.55,4.7
-0.73,-6.55,4.7
-0.73,-6.55,4.7
0.02,-6.77,4.93
0.02,-6.77,4.93
0.02,-6.77,4.93
-0.42,-7.49,4.76
-0.42,-7.49,4.76
-0.42,-7.49,4.76
-0.54,-8.32,6.03
-0.54,-8.32,6.03
-0.54,-8.32,6.03
-1.75,-8.75,6.4
-1.75,-8.75,6.4
-1.75,-8.75,6.4
-2.18,-7.51,4.41
-2.18,-7.51,4.41
-2.18,-7.51,4.41
-2.19,-8.38,4.14
-2.19,-8.38,4.14
-2.19,-8.38,4.14
-2.05,-8.7,4.86
-2.05,-8.7,4.86
-2.05,-8.7,4.86
-2.23,-8.66,4.65
-2.23,-8.66,4.65
-2.3,-8.5,4.3
-2.5,-8.68,4.22
-2.5,-8.68,4.22
-2.12,-8.54,3.86
-2.12,-8.54,3.86
-2.12,-8.54,3.86
-2.16,-8.98,3.85
-2.16,-8.98,3.85
-2.16,-8.98,3.85
-1.73,-8.87,4.51
-1.73,-8.87,4.51
-1.73,-8.87,4.51
-1.68,-9.97,4.23
-1.68,-9.97,4.23
-1.68,-9.97,4.23
-1.29,-9.98,4.64
-1.29,-9.98,4.64
-1.29,-9.98,4.64
-0.3,-10.75,5.35
-0.3,-10.75,5.35
-0.3,-10.75,5.35
0.06,-7.36,3.63
0.06,-7.36,3.63
0.06,-7.36,3.63
0.31,-4.3,3.78
0.31,-4.3,3.78
0.31,-4.3,3.78
0.46,-1.88,4.64
0.46,-1.88,4.64
0.46,-1.88,4.64
0.29,-1.16,6.1
0.29,-1.16,6.1
0.29,-1.16,6.1
-3.72,-6.67,8.18
-3.72,-6.67,8.18
-3.72,-6.67,8.18
-0.79,-5.44,7.76
-0.79,-5.44,7.76
-0.79,-5.44,7.76
-2.12,-5.49,8.81
-2.12,-5.49,8.81
-2.24,-8.88,9.68
-2.24,-8.88,9.68
-2.24,-8.88,9.68
-2.44,-6.68,8.29
-2.44,-6.68,8.29
-2.86,-5.94,7.37
-3.75,-9.86,8.63
-3.75,-9.86,8.63
-3.75,-9.86,8.63
-2.98,-7.35,8.49
-2.98,-7.35,8.49
-2.98,-7.35,8.49
-2.94,-4.3,7.77
-2.94,-4.3,7.77
-2.94,-4.3,7.77
-3.6,-5.05,8.46
-3.36,-4.26,7.38
-3.36,-4.26,7.38
-3.7,-5.76,7.1
-3.7,-5.76,7.1
-3.7,-5.76,7.1
-3.08,-6.57,7.07
-3.08,-6.57,7.07
-3.08,-6.57,7.07
-2.71,-1.93,7.66
-2.71,-1.93,7.66
-3.02,-1.89,7.7
-4.29,-5.69,8.68
-4.29,-5.69,8.68
-4.26,-9.3,8.9
-1.66,-7.75,7.28
-1.66,-7.75,7.28
-1.66,-7.75,7.28
-2.6,-5.47,5.94
-2.6,-5.47,5.94
-2.6,-5.47,5.94
-2.82,-5.84,6.25
-2.82,-5.84,6.25
-3.01,-6.18,6.67
-3.01,-6.68,6.88
-3.01,-6.68,6.88
-2.97,-6.42,7.13
-2.92,-5.67,7.22
-2.92,-5.67,7.22
-2.92,-5.67,7.22
-2.78,-6.26,8.03
-2.78,-6.26,8.03
-2.78,-6.26,8.03
-3.78,-6.96,8.1
-3.78,-6.96,8.1
-2.96,-5.58,7.82
-3.36,-5.08,6.83
-3.36,-5.08,6.83
-3.61,-5.66,7.67
-2.99,-7.25,7.99
-2.99,-7.25,7.99
-2.99,-7.25,7.99
-2.94,-6.44,7.29
-2.94,-6.44,7.29
-2.94,-6.44,7.29
-3.24,-6.46,6.77
-3.24,-6.46,6.77
-3.24,-6.46,6.77
-2.76,-6.28,6.57
-2.76,-6.28,6.57
-2.63,-5.83,6.8
-2.72,-5.34,6.83
-2.72,-5.34,6.83
-2.72,-5.34,6.83
-2.61,-7.0,7.53
-2.61,-7.0,7.53
-2.61,-7.0,7.53
-2.73,-7.24,7.7
-2.73,-7.24,7.7
-2.56,-7.51,8.16
-2.33,-7.77,8.2
-1.49,-7.19,7.52
-1.49,-7.19,7.52
-2.36,-6.12,6.55
-2.36,-6.12,6.55
-2.36,-6.12,6.55
-2.22,-7.1,6.98
-2.22,-7.1,6.98
-2.22,-7.1,6.98
-2.35,-7.45,7.36
-2.35,-7.45,7.36
-2.18,-7.7,7.01
-0.6,-5.44,6.15
-0.6,-5.44,6.15
-0.6,-5.44,6.15
-0.05,-7.38,6.58
-0.05,-7.38,6.58
-0.05,-7.38,6.58
0.2,-5.42,5.63
0.2,-5.42,5.63
0.2,-5.42,5.63
0.42,-7.19,6.81
0.42,-7.19,6.81
0.28,-7.01,6.37
0.59,-6.31,6.38
0.59,-6.31,6.38
0.59,-6.31,6.38
0.28,-7.79,6.77
0.28,-7.79,6.77
0.28,-7.79,6.77
-0.38,-8.21,6.57
-0.38,-8.21,6.57
-0.38,-8.21,6.57
-0.17,-8.09,5.66
-0.17,-8.09,5.66
-0.17,-7.95,5.43
0.02,-8.64,5.84
0.02,-8.64,5.84
0.02,-8.64,5.84
-0.08,-7.38,5.46
-0.08,-7.38,5.46
-0.08,-7.38,5.46
-0.78,-8.04,5.5
-0.78,-8.04,5.5
-0.78,-8.04,5.5
-0.66,-7.82,5.82
-0.66,-7.82,5.82
-0.62,-8.32,6.34
-1.46,-8.39,5.51
-1.46,-8.39,5.51
-1.46,-8.39,5.51
-1.2,-8.23,6.61
-1.2,-8.23,6.61
-1.2,-8.23,6.61
-1.57,-8.08,5.92
-1.57,-8.08,5.92
-1.57,-8.08,5.92
-1.56,-7.53,4.84
-1.56,-7.53,4.84
-1.65,-8.08,4.76
-1.95,-9.4,4.23
-1.95,-9.4,4.23
-1.95,-9.4,4.23
-0.69,-8.64,3.72
-0.69,-8.64,3.72
-0.69,-8.64,3.72
-1.71,-8.84,3.9
-1.71,-8.84,3.9
-1.71,-8.84,3.9
-1.25,-8.08,4.18
-1.25,-8.08,4.18
-0.81,-7.91,4.32
-0.13,-8.48,4.01
-0.13,-8.48,4.01
-0.13,-8.48,4.01
-0.94,-8.89,3.12
-0.94,-8.89,3.12
-0.94,-8.89,3.12
-1.54,-8.35,2.39
-1.54,-8.35,2.39
-1.54,-8.35,2.39
-3.48,-9.86,2.05
-3.48,-9.86,2.05
-3.48,-9.86,2.05
-3.62,-10.23,1.39
-3.62,-10.23,1.39
-3.62,-10.23,1.39
-2.76,-10.48,2.04
-2.76,-10.48,2.04
-2.76,-10.48,2.04
-3.06,-8.63,1.1
-3.06,-8.63,1.1
-3.06,-8.63,1.1
-1.36,-9.25,2.17
-1.36,-9.25,2.17
-1.9,-10.51,2.48
-1.9,-10.51,2.48
-1.9,-10.51,2.48
-0.69,-9.52,2.17
-0.69,-9.52,2.17
-0.69,-9.52,2.17
-1.23,-8.86,2.15
-1.23,-8.86,2.15
-1.23,-8.86,2.15
-1.62,-8.49,1.71
-1.62,-8.49,1.71
-1.96,-8.79,1.67
-2.55,-9.31,1.54
-2.55,-9.31,1.54
-2.55,-9.31,1.54
-3.34,-8.03,0.13
-3.34,-8.03,0.13
-3.34,-8.03,0.13
-3.23,-9.7,0.24
-3.23,-9.7,0.24
-3.23,-9.7,0.24
-3.12,-9.88,0.21
-3.12,-9.88,0.21
-3.03,-9.44,-0.27
-2.48,-9.94,-1.05
-2.48,-9.94,-1.05
-2.48,-9.94,-1.05
-2.51,-10.65,-1.87
-2.51,-10.65,-1.87
-2.51,-10.65,-1.87
-2.88,-12.06,-0.83
-2.88,-12.06,-0.83
-2.88,-12.06,-0.83
-2.55,-12.88,-0.91
-2.55,-12.88,-0.91
-2.44,-12.52,-1.4
-2.17,-11.57,-1.22
-2.17,-11.57,-1.22
-2.17,-11.57,-1.22
-1.52,-11.44,-1.22
-1.52,-11.44,-1.22
-1.52,-11.44,-1.22
-1.25,-10.57,-1.45
-1.25,-10.57,-1.45
-1.25,-10.57,-1.45
-0.43,-10.31,-0.85
-0.43,-10.31,-0.85
-1.72,-8.82,-4.64
0.45,-8.6,-3.17
0.45,-8.6,-3.17
0.45,-8.6,-3.17
1.65,-8.16,-3.33
1.65,-8.16,-3.33
1.65,-8.16,-3.33
1.85,-6.62,-3.25
1.85,-6.62,-3.25
1.85,-6.62,-3.25
2.64,-5.46,-3.51
2.64,-5.46,-3.51
2.73,-4.71,-3.41
2.91,-3.7,-3.26
2.91,-3.7,-3.26
2.91,-3.7,-3.26
3.12,-2.61,-3.49
3.12,-2.61,-3.49
3.12,-2.61,-3.49
5.16,-4.25,-3.47
5.16,-4.25,-3.47
5.16,-4.25,-3.47
4.41,-2.46,-2.29
4.41,-2.46,-2.29
4.41,-2.46,-2.29
4.84,-3.96,-2.02
4.84,-3.96,-2.02
4.84,-3.96,-2.02
3.36,-4.1,-1.17
3.36,-4.1,-1.17
3.36,-4.1,-1.17
3.94,-5.75,-1.04
3.94,-5.75,-1.04
3.94,-5.75,-1.04
2.21,-6.68,0.48
2.21,-6.68,0.48
2.21,-6.68,0.48
3.42,-9.1,1.2
3.42,-9.1,1.2
3.42,-9.1,1.2
2.23,-6.45,0.76
2.23,-6.45,0.76
2.23,-6.45,0.76
2.39,-9.75,1.27
2.39,-9.75,1.27
2.39,-9.75,1.27
-1.29,-8.73,4.12
-1.29,-8.73,4.12
-1.29,-8.73,4.12
-1.68,-10.07,5.38
-1.68,-10.07,5.38
-1.68,-10.07,5.38
-2.57,-9.32,4.86
-2.57,-9.32,4.86
-2.57,-9.32,4.86
-3.2,-12.45,6.37
-3.2,-12.45,6.37
-3.2,-12.45,6.37
-4.05,-11.93,6.26
-4.05,-11.93,6.26
-4.05,-11.93,6.26
-3.46,-10.19,6.79
-3.46,-10.19,6.79
-3.46,-10.19,6.79
-5.63,-9.86,6.97
-5.63,-9.86,6.97
-5.63,-9.86,6.97
-5.5,-9.16,6.88
-5.5,-9.16,6.88
-4.03,-7.78,6.87
-4.6,-8.75,6.86
-4.6,-8.75,6.86
-4.6,-8.75,6.86
-3.92,-7.14,6.69
-3.92,-7.14,6.69
-3.92,-7.14,6.69
-3.67,-5.85,6.65
-3.67,-5.85,6.65
-3.67,-5.85,6.65
-4.02,-7.06,6.78
-4.02,-7.06,6.78
-4.02,-7.06,6.78
-3.66,-5.95,6.47
-3.66,-5.95,6.47
-3.66,-5.95,6.47
-3.37,-6.44,6.69
-3.37,-6.44,6.69
-3.37,-6.44,6.69
-3.47,-6.8,6.69
-3.47,-6.8,6.69
-3.47,-6.8,6.69
-2.87,-6.15,6.53
-2.87,-6.15,6.53
-2.87,-6.15,6.53
-2.57,-6.57,6.59
-2.57,-6.57,6.59
-2.57,-6.57,6.59
-2.33,-6.27,6.84
-2.33,-6.27,6.84
-2.33,-6.27,6.84
-2.19,-5.72,6.63
-2.19,-5.72,6.63
-2.19,-5.72,6.63
-1.51,-7.11,6.97
-1.79,-7.04,6.59
-1.79,-7.04,6.59
-1.6,-6.73,6.57
-1.6,-6.73,6.57
-1.6,-6.73,6.57
-2.61,-6.5,5.78
-2.61,-6.5,5.78
-2.61,-6.5,5.78
-2.99,-6.86,5.92
-2.99,-6.86,5.92
-2.99,-6.86,5.92
-4.77,-6.44,6.18
-4.77,-6.44,6.18
-4.77,-6.44,6.18
-6.43,-6.03,5.94
-6.43,-6.03,5.94
-6.43,-6.03,5.94
-6.13,-5.88,5.94
-6.13,-5.88,5.94
-4.79,-6.46,6.51
-4.79,-6.46,6.51
-4.79,-6.46,6.51
-5.09,-6.02,6.3
-5.09,-6.02,6.3
-5.02,-5.74,6.07
-4.81,-6.45,6.34
-4.81,-6.45,6.34
-4.81,-6.45,6.34
-5.05,-6.08,5.84
-5.05,-6.08,5.84
-5.05,-6.08,5.84
-4.61,-5.17,5.36
-4.61,-5.17,5.36
-4.61,-5.17,5.36
-5.42,-5.97,5.76
-5.42,-5.97,5.76
-5.42,-5.97,5.76
-3.76,-6.01,6.24
-3.76,-6.01,6.24
-4.05,-5.32,5.84
-5.15,-5.9,5.89
-5.15,-5.9,5.89
-5.15,-5.9,5.89
-4.56,-6.01,5.83
-4.56,-6.01,5.83
-4.56,-6.01,5.83
-4.71,-6.39,5.97
-4.71,-6.39,5.97
-4.71,-6.39,5.97
-4.69,-6.06,5.89
-4.69,-6.06,5.89
-4.69,-6.06,5.89
-4.62,-5.77,6.04
-4.62,-5.77,6.04
-4.62,-5.77,6.04
-4.92,-5.56,5.94
-4.92,-5.56,5.94
-4.92,-5.56,5.94
-5.01,-5.7,5.94
-5.01,-5.7,5.94
-5.01,-5.7,5.94
-4.93,-5.75,5.93
-4.93,-5.75,5.93
-4.93,-5.75,5.93
-4.85,-5.68,5.91
-4.85,-5.68,5.91
-4.85,-5.68,5.91
-5.09,-5.79,5.9
-5.09,-5.79,5.9
-5.09,-5.79,5.9
-5.0,-5.61,5.98
-5.0,-5.61,5.98
-5.02,-5.66,5.92
-5.1,-5.8,5.85
-5.1,-5.8,5.85
-5.1,-5.8,5.85
-4.97,-5.95,5.95
-4.97,-5.95,5.95
-4.97,-5.95,5.95
-4.99,-5.66,5.87
-4.99,-5.66,5.87
-4.99,-5.66,5.87
-5.08,-5.73,5.78
-5.08,-5.73,5.78
-4.86,-5.8,5.88
-4.85,-5.68,5.88
-4.85,-5.68,5.88
-4.85,-5.68,5.88
-4.74,-5.57,5.95
-4.74,-5.57,5.95
-4.74,-5.57,5.95
-4.92,-5.79,6.01
-4.92,-5.79,6.01
-4.92,-5.79,6.01
-4.83,-5.62,5.87
-4.83,-5.62,5.87
-4.78,-5.66,5.91
-4.9,-5.92,6.05
-4.9,-5.92,6.05
-4.9,-5.92,6.05
-5.02,-5.79,5.99
-5.02,-5.79,5.99
-5.02,-5.79,5.99
-4.89,-5.68,5.84
-4.89,-5.68,5.84
-4.89,-5.68,5.84
-4.87,-5.85,5.96
-4.87,-5.85,5.96
-4.93,-5.74,5.92
-5.32,-5.88,5.83
-5.32,-5.88,5.83
-5.32,-5.88,5.83
-5.61,-6.08,5.56
-5.61,-6.08,5.56
-5.61,-6.08,5.56
-5.4,-6.19,5.87
-5.4,-6.19,5.87
-5.4,-6.19,5.87
-5.08,-6.0,6.14
-5.08,-6.0,6.14
-5.16,-5.87,6.34
-3.53,-6.11,6.22
-3.53,-6.11,6.22
-3.53,-6.11,6.22
-3.0,-6.49,6.59
-3.0,-6.49,6.59
-3.0,-6.49,6.59
-3.51,-6.76,6.46
-3.51,-6.76,6.46
-3.51,-6.76,6.46
-3.87,-6.59,7.02
-3.87,-6.59,7.02
-3.87,-6.59,7.02
-4.07,-6.06,6.82
-4.07,-6.06,6.82
-4.07,-6.06,6.82
-3.66,-6.27,6.53
-3.66,-6.27,6.53
-3.66,-6.27,6.53
-2.87,-5.35,6.5
-2.87,-5.35,6.5
-2.87,-5.35,6.5
-2.3,-6.07,6.61
-2.3,-6.07,6.61
-2.13,-6.0,6.56
-2.06,-6.39,6.8
-2.06,-6.39,6.8
-2.06,-6.39,6.8
-2.0,-6.12,6.7
-2.0,-6.12,6.7
-2.0,-6.12,6.7
-2.12,-5.83,6.9
-2.12,-5.83,6.9
-2.58,-6.54,7.09
-2.87,-6.91,7.33
-2.64,-6.79,7.42
-2.64,-6.79,7.42
-2.5,-6.1,6.86
-2.5,-6.1,6.86
-2.5,-6.1,6.86
-2.79,-6.67,6.8
-2.79,-6.67,6.8
-2.79,-6.67,6.8
-2.63,-6.18,6.65
-2.63,-6.18,6.65
-2.63,-6.18,6.65
-3.01,-6.39,6.45
-2.86,-6.15,6.48
-3.03,-6.23,6.46
-3.03,-6.23,6.46
-3.03,-6.23,6.46
-2.89,-6.45,6.43
-2.89,-6.45,6.43
-3.08,-6.67,6.82
-3.08,-6.67,6.82
-2.98,-6.58,6.8
-3.15,-6.53,6.82
-3.0,-6.64,6.77
-3.0,-6.64,6.77
-2.91,-6.42,6.69
-2.91,-6.42,6.69
-2.91,-6.42,6.69
-2.98,-6.14,6.63
-2.98,-6.14,6.63
-3.24,-6.1,6.7
-3.24,-6.1,6.7
-2.99,-6.06,6.75
-2.99,-6.06,6.75
-2.99,-6.06,6.75
-2.87,-6.18,6.98
-2.87,-6.18,6.98
-2.87,-6.18,6.98
-2.61,-6.44,7.69
-2.61,-6.44,7.69
-2.61,-6.44,7.69
-2.23,-6.12,8.16
-2.23,-6.12,8.16
-2.16,-6.14,8.14
-2.01,-6.02,7.98
-2.16,-5.78,7.93
-2.16,-5.78,7.93
-2.5,-5.86,7.86
-2.5,-5.86,7.86
-2.5,-5.86,7.86
-3.17,-5.47,7.72
-3.17,-5.47,7.72
-3.17,-5.47,7.72
-3.93,-5.82,7.61
-3.93,-5.82,7.61
-3.93,-5.82,7.61
-3.49,-6.17,6.89
-3.49,-6.17,6.89
-3.49,-6.17,6.89
-2.76,-6.14,6.62
-2.76,-6.14,6.62
-2.76,-6.14,6.62
-2.94,-6.0,6.19
-2.94,-6.0,6.19
-2.94,-6.0,6.19
-3.01,-5.77,5.74
-3.01,-5.77,5.74
-3.01,-5.77,5.74
-3.95,-6.22,5.33
-3.95,-6.22,5.33
-3.95,-6.22,5.33
-3.59,-6.06,5.39
-3.59,-6.06,5.39
-3.59,-6.06,5.39
-3.9,-5.61,4.82
-3.9,-5.61,4.82
-3.9,-5.61,4.82
-4.35,-6.26,5.5
-4.35,-6.26,5.5
-4.35,-6.26,5.5
-4.2,-7.1,7.14
-4.2,-7.1,7.14
-4.2,-7.1,7.14
-3.9,-6.57,7.0
-3.9,-6.57,7.0
-3.9,-6.57,7.0
-3.07,-5.5,6.33
-3.07,-5.5,6.33
-3.07,-5.5,6.33
-3.17,-5.34,6.03
-3.17,-5.34,6.03
-3.39,-5.27,6.35
-3.47,-5.45,6.29
-3.51,-5.29,6.46
-3.51,-5.29,6.46
-3.02,-5.62,7.57
-3.02,-5.62,7.57
-3.02,-5.62,7.57
-2.85,-6.56,8.41
-2.85,-6.56,8.41
-2.85,-6.56,8.41
-3.12,-6.61,8.16
-3.12,-6.61,8.16
-3.12,-6.61,8.16
-2.86,-6.13,8.2
-2.86,-6.13,8.2
-2.57,-6.15,8.15
-2.32,-5.76,7.77
-2.32,-5.76,7.77
-2.32,-5.76,7.77
-2.61,-5.22,7.06
-2.61,-5.22,7.06
-2.61,-5.22,7.06
-3.73,-5.97,7.36
-3.73,-5.97,7.36
-4.57,-6.27,7.6
-5.2,-6.17,7.54
-5.2,-6.17,7.54
-5.2,-6.17,7.54
-4.42,-5.83,7.04
-4.42,-5.83,7.04
-4.42,-5.83,7.04
-3.79,-5.6,6.62
-3.79,-5.6,6.62
-3.79,-5.6,6.62
-3.25,-5.32,5.9
-3.25,-5.32,5.9
-3.25,-5.32,5.9
-3.43,-4.67,5.46
-3.43,-4.67,5.46
-3.84,-5.0,5.37
-4.72,-5.68,5.13
-4.72,-5.68,5.13
-4.72,-5.68,5.13
-5.43,-6.27,6.57
-5.43,-6.27,6.57
-5.43,-6.27,6.57
-5.22,-6.75,8.35
-5.22,-6.75,8.35
-4.24,-5.99,8.21
-3.17,-5.08,7.58
-3.17,-5.08,7.58
-2.5,-4.56,7.04
-2.89,-5.22,6.56
-2.89,-5.22,6.56
-2.89,-5.22,6.56
-3.89,-5.26,6.6
-3.89,-5.26,6.6
-3.89,-5.26,6.6
-4.21,-5.45,6.97
-4.03,-5.83,7.43
-4.03,-5.83,7.43
-3.6,-5.59,7.49
-3.6,-5.59,7.49
-3.6,-5.59,7.49
-4.01,-5.52,7.0
-4.01,-5.52,7.0
-4.01,-5.52,7.0
-4.27,-5.98,6.59
-4.27,-5.98,6.59
-4.27,-5.98,6.59
-4.34,-5.93,6.51
-4.34,-5.93,6.51
-4.63,-5.9,6.48
-4.54,-5.72,6.46
-4.54,-5.72,6.46
-4.54,-5.72,6.46
-3.42,-4.64,6.22
-3.42,-4.64,6.22
-3.42,-4.64,6.22
-3.27,-5.13,6.48
-3.27,-5.13,6.48
-3.27,-5.13,6.48
-3.61,-5.52,7.05
-3.61,-5.52,7.05
-3.95,-5.44,7.08
-4.18,-5.79,6.8
-4.18,-5.79,6.8
-4.18,-5.79,6.8
-3.98,-6.09,6.99
-3.98,-6.09,6.99
-3.98,-6.09,6.99
-3.8,-6.09,7.2
-3.8,-6.09,7.2
-3.8,-6.09,7.2
-3.41,-6.12,7.15
-3.44,-5.75,7.14
-3.44,-5.75,7.14
-3.81,-5.2,6.94
-3.81,-5.2,6.94
-3.81,-5.2,6.94
-3.89,-5.28,7.24
-3.89,-5.28,7.24
-3.89,-5.28,7.24
-4.09,-5.52,7.43
-4.09,-5.52,7.43
-4.09,-5.52,7.43
-3.91,-5.8,7.56
-3.91,-5.8,7.56
-4.07,-6.06,7.66
-4.19,-6.0,7.66
-4.09,-5.72,7.5
-3.49,-5.53,7.18
-3.49,-5.53,7.18
-3.49,-5.53,7.18
-3.44,-5.4,6.96
-3.44,-5.4,6.96
-3.44,-5.4,6.96
-3.37,-5.6,6.74
-3.27,-5.83,6.69
-3.27,-5.83,6.69
-3.76,-5.89,5.85
-3.76,-5.89,5.85
-3.76,-5.89,5.85
-3.9,-6.5,6.34
-3.9,-6.5,6.34
-3.9,-6.5,6.34
-3.71,-6.29,7.12
-3.71,-6.29,7.12
-3.71,-6.29,7.12
-3.74,-4.98,7.2
-3.98,-4.5,7.1
-3.98,-4.5,7.1
-4.25,-4.99,7.04
-4.25,-4.99,7.04
-4.25,-4.99,7.04
-3.9,-5.2,6.72
-3.9,-5.2,6.72
-3.9,-5.2,6.72
-3.91,-6.02,6.92
-3.91,-6.02,6.92
-3.91,-6.02,6.92
-3.51,-6.38,7.63
-3.51,-6.38,7.63
-3.51,-6.38,7.63
-3.47,-5.24,7.13
-3.47,-5.24,7.13
-3.47,-5.24,7.13
-3.94,-5.11,7.14
-3.94,-5.11,7.14
-3.94,-5.11,7.14
-4.19,-5.31,7.19
-4.19,-5.31,7.19
-4.19,-5.31,7.19
-4.31,-5.32,6.8
-4.31,-5.32,6.8
-4.31,-5.32,6.8
-3.91,-5.18,6.68
-3.91,-5.18,6.68
-3.91,-5.18,6.68
-3.81,-5.51,7.07
-3.81,-5.51,7.07
-3.81,-5.51,7.07
-3.63,-5.88,6.91
-3.63,-5.88,6.91
-4.19,-5.36,6.93
-4.19,-5.36,6.93
-4.19,-5.36,6.93
-4.31,-4.9,6.72
-4.31,-4.9,6.72
-4.31,-4.9,6.72
-4.57,-5.38,6.72
-4.57,-5.38,6.72
-4.57,-5.38,6.72
-4.17,-5.74,7.01
-4.17,-5.74,7.01
-4.17,-5.74,7.01
-3.93,-5.66,7.08
-4.0,-5.71,6.94
-4.0,-5.71,6.94
-3.78,-5.53,6.67
-3.78,-5.53,6.67
-3.78,-5.53,6.67
-3.85,-5.9,6.71
-3.85,-5.9,6.71
-3.85,-5.9,6.71
-3.88,-5.83,6.85
-3.88,-5.83,6.85
-3.88,-5.83,6.85
-3.83,-6.05,6.92
-3.83,-6.05,6.92
-3.83,-6.05,6.92
-3.66,-6.06,6.91
-3.66,-6.06,6.91
-3.66,-6.06,6.91
-3.69,-6.31,6.81
-3.69,-6.31,6.81
-3.69,-6.31,6.81
-3.73,-5.84,6.57
-3.73,-5.84,6.57
-3.64,-6.02,6.93
-3.49,-6.6,7.15
-3.49,-6.6,7.15
-3.61,-6.35,6.3
-3.61,-6.35,6.3
-3.61,-6.35,6.3
-3.09,-6.69,6.73
-3.09,-6.69,6.73
-3.09,-6.69,6.73
-2.86,-6.83,7.52
-2.86,-6.83,7.52
-2.86,-6.83,7.52
-2.63,-6.66,6.96
-2.63,-6.66,6.96
-2.76,-6.54,6.71
-2.82,-6.51,6.82
-2.82,-6.51,6.82
-2.82,-6.51,6.82
-2.85,-7.15,6.87
-2.85,-7.15,6.87
-2.85,-7.15,6.87
-3.02,-7.64,6.87
-3.02,-7.64,6.87
-3.02,-7.64,6.87
-2.85,-6.77,6.14
-2.85,-6.77,6.14
-2.58,-7.02,6.35
-2.37,-7.36,7.21
-2.37,-7.36,7.21
-2.37,-7.36,7.21
-2.73,-6.82,6.8
-2.73,-6.82,6.8
-2.73,-6.82,6.8
-2.04,-6.99,6.46
-2.04,-6.99,6.46
-2.0,-7.61,6.3
-1.85,-7.63,6.17
-1.85,-7.63,6.17
-1.78,-7.69,6.31
-2.16,-7.62,5.79
-2.16,-7.62,5.79
-2.16,-7.62,5.79
-1.74,-7.84,5.96
-1.74,-7.84,5.96
-1.74,-7.84,5.96
-2.21,-7.88,5.39
-2.21,-7.88,5.39
-2.21,-7.88,5.39
-2.38,-8.57,5.62
-2.65,-8.73,5.42
-2.65,-8.73,5.42
-2.23,-8.14,5.06
-2.23,-8.14,5.06
-2.23,-8.14,5.06
-1.82,-9.06,4.43
-1.82,-9.06,4.43
-1.82,-9.06,4.43
-2.33,-8.32,4.87
-2.33,-8.32,4.87
-2.33,-8.32,4.87
-1.72,-7.41,4.52
-1.39,-8.24,4.47
-1.39,-8.24,4.47
-0.79,-10.18,4.69
-0.79,-10.18,4.69
-0.79,-10.18,4.69
-1.26,-9.58,3.66
-1.26,-9.58,3.66
-1.26,-9.58,3.66
-1.5,-9.62,3.14
-1.5,-9.62,3.14
-1.5,-9.62,3.14
-1.49,-9.89,2.73
-1.49,-9.89,2.73
-1.62,-9.85,2.64
-1.64,-9.68,2.48
-1.64,-9.68,2.48
-1.02,-9.17,1.67
-1.02,-9.17,1.67
-0.7,-10.79,1.44
-0.7,-10.79,1.44
-0.7,-10.79,1.44
-0.63,-10.42,1.63
-0.8,-9.28,1.39
-0.8,-9.28,1.39
-0.71,-9.21,0.88
-0.71,-9.21,0.88
-0.71,-9.21,0.88
-0.86,-8.7,-0.13
-0.86,-8.7,-0.13
-0.86,-8.7,-0.13
-0.52,-8.18,-0.6
-0.52,-8.18,-0.6
0.28,-8.95,-0.17
-0.03,-9.62,-0.8
0.61,-9.27,-0.09
0.61,-9.27,-0.09
1.46,-7.5,-6.57
1.46,-7.5,-6.57
1.46,-7.5,-6.57
1.76,-9.16,-0.19
1.76,-9.16,-0.19
1.76,-9.16,-0.19
0.91,-7.86,-2.86
1.43,-7.91,-3.15
1.43,-7.91,-3.15
1.37,-8.73,-3.05
1.37,-8.73,-3.05
1.37,-8.73,-3.05
1.76,-8.54,-3.3
1.76,-8.54,-3.3
1.76,-8.54,-3.3
1.66,-7.67,-3.77
1.66,-7.67,-3.77
1.66,-7.67,-3.77
2.18,-8.41,-3.62
2.02,-8.19,-3.83
2.02,-8.19,-3.83
2.38,-7.89,-4.17
2.38,-7.89,-4.17
2.38,-7.89,-4.17
2.04,-8.37,-4.19
2.04,-8.37,-4.19
2.04,-8.37,-4.19
2.37,-7.73,-4.6
2.37,-7.73,-4.6
2.37,-7.73,-4.6
2.42,-7.53,-4.89
2.42,-7.53,-4.89
2.49,-7.7,-4.83
2.58,-6.87,-4.92
2.58,-6.87,-4.92
2.58,-6.87,-4.92
2.62,-6.78,-5.06
2.62,-6.78,-5.06
2.62,-6.78,-5.06
2.55,-7.06,-5.28
2.55,-7.06,-5.28
2.55,-7.06,-5.28
2.91,-6.15,-5.22
2.91,-6.15,-5.22
2.82,-7.02,-5.29
2.95,-6.21,-5.08
2.95,-6.21,-5.08
2.95,-6.21,-5.08
2.94,-6.12,-5.37
2.94,-6.12,-5.37
2.94,-6.12,-5.37
3.17,-5.86,-5.48
3.17,-5.86,-5.48
3.17,-5.86,-5.48
2.91,-6.3,-5.76
2.91,-6.3,-5.76
2.91,-6.3,-5.76
3.09,-6.16,-6.18
3.09,-6.16,-6.18
3.09,-6.16,-6.18
3.17,-6.75,-6.25
3.17,-6.75,-6.25
3.17,-6.75,-6.25
2.64,-5.49,-5.89
2.64,-5.49,-5.89
2.64,-5.49,-5.89
2.16,-6.75,-6.0
2.16,-6.75,-6.0
2.76,-6.28,-6.69
3.11,-7.72,-6.05
3.11,-7.72,-6.05
3.11,-7.72,-6.05
3.54,-6.71,-5.53
3.54,-6.71,-5.53
3.54,-6.71,-5.53
3.23,-7.16,-5.93
3.23,-7.16,-5.93
3.23,-7.16,-5.93
2.68,-6.74,-6.1
2.68,-6.74,-6.1
2.52,-6.81,-6.15
2.75,-6.63,-6.19
2.75,-6.63,-6.19
2.75,-6.63,-6.19
2.62,-6.29,-6.25
2.62,-6.29,-6.25
2.62,-6.29,-6.25
2.81,-6.8,-5.96
2.81,-6.8,-5.96
2.81,-6.8,-5.96
2.64,-6.88,-6.08
2.64,-6.88,-6.08
2.8,-7.1,-6.02
2.22,-6.57,-6.26
2.22,-6.57,-6.26
2.22,-6.57,-6.26
2.67,-6.77,-6.3
2.67,-6.77,-6.3
2.71,-6.32,-6.27
2.71,-6.32,-6.27
2.71,-6.32,-6.27
2.4,-7.48,-6.25
2.5,-6.57,-6.45
2.37,-7.01,-6.28
2.37,-7.01,-6.28
2.37,-7.01,-6.28
2.46,-6.95,-6.3
2.46,-6.95,-6.3
2.37,-6.75,-6.2
2.37,-6.75,-6.2
2.37,-6.75,-6.2
2.42,-7.11,-6.41
2.45,-6.23,-6.51
2.39,-6.88,-6.0
2.39,-6.88,-6.0
2.39,-6.88,-6.0
2.21,-6.49,-6.16
2.21,-6.49,-6.16
2.21,-6.49,-6.16
2.21,-6.53,-6.47
2.21,-6.53,-6.47
2.21,-6.53,-6.47
2.38,-7.41,-5.98
2.38,-7.41,-5.98
2.38,-7.41,-5.98
2.38,-6.45,-6.38
2.38,-6.45,-6.38
2.38,-6.45,-6.38
2.38,-7.02,-6.23
2.38,-7.02,-6.23
2.38,-7.02,-6.23
2.14,-7.2,-6.12
2.14,-7.2,-6.12
2.14,-7.2,-6.12
1.65,-6.18,-6.47
1.65,-6.18,-6.47
1.75,-7.04,-6.41
1.99,-7.06,-6.24
1.99,-7.06,-6.24
1.99,-7.06,-6.24
2.09,-6.65,-6.33
2.09,-6.65,-6.33
2.09,-6.65,-6.33
2.22,-7.25,-6.11
2.22,-7.25,-6.11
2.22,-7.25,-6.11
2.09,-7.24,-6.05
2.09,-7.24,-6.05
2.09,-7.24,-6.05
2.01,-6.89,-6.27
2.01,-6.89,-6.27
2.01,-6.89,-6.27
1.93,-6.94,-6.11
1.93,-6.94,-6.11
1.93,-6.94,-6.11
1.99,-7.07,-6.22
1.99,-7.07,-6.22
1.99,-7.07,-6.22
1.88,-7.25,-6.31
1.88,-7.25,-6.31
1.8,-6.97,-6.27
1.97,-6.78,-6.14
1.97,-6.78,-6.14
1.77,-6.5,-6.19
1.77,-6.5,-6.19
1.77,-6.5,-6.19
1.89,-6.84,-6.5
1.89,-6.84,-6.5
1.89,-6.84,-6.5
1.61,-7.03,-6.25
1.68,-7.16,-6.09
1.68,-7.16,-6.09
1.87,-6.68,-6.13
1.87,-6.68,-6.13
1.87,-6.68,-6.13
1.86,-6.92,-6.19
1.86,-6.92,-6.19
1.86,-6.92,-6.19
1.98,-6.82,-6.23
1.98,-6.82,-6.23
1.98,-6.77,-6.28
1.96,-7.2,-6.07
2.08,-6.97,-6.27
2.08,-6.97,-6.27
2.08,-6.97,-6.27
1.93,-7.37,-6.23
1.93,-7.37,-6.23
1.93,-7.37,-6.23
1.77,-6.64,-6.33
1.69,-6.75,-6.23
1.69,-6.75,-6.23
1.69,-6.88,-6.12
1.69,-6.65,-6.12
1.69,-6.65,-6.12
1.82,-6.92,-6.29
1.82,-6.92,-6.29
1.82,-6.92,-6.29
1.94,-6.83,-6.16
1.94,-6.83,-6.16
1.94,-6.83,-6.16
1.89,-7.1,-6.14
1.74,-6.96,-6.23
1.74,-6.96,-6.23
1.65,-7.02,-6.16
1.65,-7.02,-6.16
1.65,-7.02,-6.16
1.74,-6.94,-6.26
1.73,-6.7,-6.05
1.73,-6.7,-6.05
1.73,-6.7,-6.05
1.63,-7.08,-6.28
1.63,-7.08,-6.28
1.57,-6.98,-6.23
1.65,-7.11,-6.01
1.67,-7.27,-6.03
1.67,-7.27,-6.03
1.87,-6.73,-6.03
1.87,-6.73,-6.03
1.87,-6.73,-6.03
1.94,-7.23,-5.91
1.94,-7.23,-5.91
1.94,-7.23,-5.91
1.68,-7.1,-5.97
1.68,-7.1,-5.97
1.68,-7.01,-5.98
1.65,-6.69,-6.19
1.65,-6.69,-6.19
1.93,-6.63,-6.25
1.93,-6.63,-6.25
1.93,-6.63,-6.25
2.04,-7.14,-6.39
2.04,-7.14,-6.39
2.04,-7.14,-6.39
1.87,-6.97,-6.26
1.82,-6.91,-6.22
1.82,-6.91,-6.22
1.78,-6.58,-6.15
1.78,-6.58,-6.15
1.78,-6.58,-6.15
1.82,-7.03,-6.07
1.82,-7.03,-6.07
1.82,-7.03,-6.07
1.85,-6.71,-6.19
1.85,-6.71,-6.19
1.85,-6.71,-6.19
1.82,-7.58,-5.99
1.65,-6.81,-6.05
1.65,-6.81,-6.05
1.59,-7.33,-6.02
1.59,-7.33,-6.02
1.59,-7.33,-6.02
1.31,-5.96,-6.02
1.31,-5.96,-6.02
1.31,-5.96,-6.02
1.71,-6.81,-6.12
1.71,-6.81,-6.12
1.71,-6.81,-6.12
1.88,-6.87,-5.66
1.88,-6.87,-5.66
1.88,-6.87,-5.66
1.92,-7.56,-5.84
1.92,-7.56,-5.84
1.92,-7.56,-5.84
1.97,-7.48,-5.96
1.97,-7.48,-5.96
1.97,-7.48,-5.96
1.64,-7.28,-5.44
1.64,-7.28,-5.44
1.64,-7.28,-5.44
1.5,-7.61,-5.47
1.5,-7.61,-5.47
1.5,-7.61,-5.47
1.29,-7.3,-5.48
1.29,-7.3,-5.48
1.29,-7.3,-5.48
1.41,-7.54,-5.41
1.41,-7.54,-5.41
1.41,-7.54,-5.41
1.52,-7.38,-5.42
1.52,-7.38,-5.42
1.52,-7.38,-5.42
1.77,-7.6,-5.48
1.77,-7.6,-5.48
1.82,-7.46,-5.32
1.75,-7.37,-5.09
1.75,-7.37,-5.09
1.75,-7.37,-5.09
1.67,-6.57,-5.54
1.67,-6.57,-5.54
1.67,-6.57,-5.54
1.06,-7.4,-5.12
1.06,-7.4,-5.12
1.06,-7.4,-5.12
1.27,-8.76,-5.54
1.27,-8.76,-5.54
1.21,-8.77,-5.3
1.77,-8.19,-4.92
1.77,-8.19,-4.92
1.77,-8.19,-4.92
1.13,-8.0,-5.08
1.13,-8.0,-5.08
1.13,-8.0,-5.08
1.17,-8.55,-5.29
1.17,-8.55,-5.29
1.17,-8.55,-5.29
2.08,-8.31,-4.58
2.08,-8.31,-4.58
2.08,-8.31,-4.58
2.22,-8.83,-5.15
2.22,-8.83,-5.15
2.22,-8.83,-5.15
1.61,-8.73,-5.3
1.61,-8.73,-5.3
1.61,-8.73,-5.3
2.53,-7.65,-4.87
2.53,-7.65,-4.87
2.53,-7.65,-4.87
1.73,-7.64,-5.09
1.73,-7.64,-5.09
1.49,-7.89,-5.17
0.91,-8.19,-5.35
0.91,-8.19,-5.35
0.91,-8.19,-5.35
2.23,-8.75,-5.23
1.69,-9.23,-4.77
1.21,-7.03,-4.91
1.52,-6.87,-4.93
1.52,-6.87,-4.93
1.32,-7.25,-5.5
1.32,-7.25,-5.5
1.32,-7.25,-5.5
1.35,-7.93,-4.8
1.35,-7.93,-4.8
1.35,-7.93,-4.8
1.4,-8.03,-5.33
1.4,-8.03,-5.33
1.4,-8.03,-5.33
0.56,-9.12,-5.97
1.27,-8.67,-5.6
1.27,-8.67,-5.6
1.06,-7.68,-5.79
1.06,-7.68,-5.79
1.06,-7.68,-5.79
1.19,-7.1,-5.55
1.19,-7.1,-5.55
1.19,-7.1,-5.55
1.83,-8.21,-5.56
1.83,-8.21,-5.56
1.83,-8.21,-5.56
0.6,-7.55,-6.61
0.6,-7.55,-6.61
-0.03,-8.47,-6.98
0.47,-7.27,-6.13
0.47,-7.27,-6.13
0.47,-7.27,-6.13
1.83,-5.38,-6.2
1.83,-5.38,-6.2
1.83,-5.38,-6.2
-0.25,-6.28,-6.37
-0.25,-6.28,-6.37
-0.25,-6.28,-6.37
2.34,-7.25,-5.96
2.34,-7.25,-5.96
-1.16,-9.08,-6.51
3.51,-4.72,-6.22
3.51,-4.72,-6.22
3.51,-4.72,-6.22
-1.12,-6.48,-7.02
-1.12,-6.48,-7.02
-1.12,-6.48,-7.02
2.27,-4.6,-6.48
2.27,-4.6,-6.48
2.27,-4.6,-6.48
-0.2,-3.77,-7.26
-0.2,-3.77,-7.26
1.75,-4.76,-6.87
-0.35,-6.05,-6.88
-0.35,-6.05,-6.88
-0.35,-6.05,-6.88
-0.93,-6.58,-7.37
-0.93,-6.58,-7.37
-0.93,-6.58,-7.37
1.3,-5.5,-7.1
1.3,-5.5,-7.1
1.3,-5.5,-7.1
0.75,-5.5,-6.99
0.75,-5.5,-6.99
2.56,-5.88,-6.93
-0.74,-6.7,-7.7
-0.74,-6.7,-7.7
-0.74,-6.7,-7.7
0.22,-7.44,-6.99
0.22,-7.44,-6.99
-0.25,-5.58,-7.01
-0.25,-5.58,-7.01
0.94,-6.35,-6.86
0.38,-6.43,-6.93
0.38,-6.43,-6.93
-0.9,-6.04,-7.21
1.55,-6.8,-6.83
1.55,-6.8,-6.83
1.55,-6.8,-6.83
-0.48,-5.34,-7.48
-0.48,-5.34,-7.48
-0.48,-5.34,-7.48
0.63,-6.83,-7.3
0.63,-6.83,-7.3
-0.65,-5.93,-7.78
1.5,-5.89,-6.86
1.5,-5.89,-6.86
1.5,-5.89,-6.86
-0.61,-5.27,-7.33
-0.61,-5.27,-7.33
-0.61,-5.27,-7.33
0.62,-5.77,-6.87
0.62,-5.77,-6.87
0.62,-5.77,-6.87
0.43,-6.1,-7.4
0.43,-6.1,-7.4
0.43,-6.1,-7.4
-0.69,-6.0,-7.58
-0.45,-5.17,-7.53
-0.45,-5.17,-7.53
-0.18,-6.31,-6.88
-0.18,-6.31,-6.88
-0.18,-6.31,-6.88
0.18,-4.66,-6.57
0.18,-4.66,-6.57
0.18,-4.66,-6.57
0.11,-6.03,-7.99
0.11,-6.03,-7.99
-0.9,-6.34,-8.16
1.7,-6.51,-7.63
1.7,-6.51,-7.63
1.7,-6.51,-7.63
0.01,-5.16,-7.36
0.01,-5.16,-7.36
0.01,-5.16,-7.36
0.78,-5.4,-6.9
0.78,-5.4,-6.9
0.78,-5.4,-6.9
-0.32,-6.2,-7.86
-0.32,-6.2,-7.86
0.34,-6.49,-7.88
1.35,-5.65,-7.8
1.35,-5.65,-7.8
1.35,-5.65,-7.8
0.17,-6.11,-7.51
0.17,-6.11,-7.51
0.17,-6.11,-7.51
0.53,-4.49,-7.57
0.53,-4.49,-7.57
0.53,-4.49,-7.57
0.79,-5.6,-7.24
0.79,-5.6,-7.24
0.79,-5.6,-7.24
0.18,-6.33,-7.74
0.18,-6.33,-7.74
0.18,-6.33,-7.74
0.57,-4.95,-7.27
0.57,-4.95,-7.27
0.57,-4.95,-7.27
0.16,-5.37,-7.49
0.16,-5.37,-7.49
0.16,-5.37,-7.49
-0.1,-6.48,-7.57
0.67,-5.86,-7.72
0.67,-5.86,-7.72
-0.32,-5.88,-7.47
-0.32,-5.88,-7.47
-0.32,-5.88,-7.47
0.83,-4.83,-7.48
0.83,-4.83,-7.48
0.83,-4.83,-7.48
-0.05,-6.07,-7.39
-0.05,-6.07,-7.39
-0.05,-6.07,-7.39
0.35,-5.66,-7.46
0.49,-5.67,-7.53
0.49,-5.67,-7.53
-0.37,-5.76,-7.71
-0.37,-5.76,-7.71
-0.37,-5.76,-7.71
0.78,-5.19,-7.41
0.78,-5.19,-7.41
0.78,-5.19,-7.41
-0.27,-5.71,-7.2
-0.27,-5.71,-7.2
-0.27,-5.71,-7.2
0.14,-5.34,-7.26
0.14,-5.34,-7.26
0.14,-5.34,-7.26
1.4,-4.72,-7.5
1.4,-4.72,-7.5
1.4,-4.72,-7.5
0.22,-5.81,-7.85
0.22,-5.81,-7.85
0.22,-5.81,-7.85
0.19,-5.55,-7.67
0.19,-5.55,-7.67
0.19,-5.55,-7.67
0.11,-5.05,-7.79
0.11,-5.05,-7.79
0.5,-5.42,-7.8
0.82,-5.67,-7.62
0.17,-5.47,-7.94
0.17,-5.47,-7.94
0.47,-5.08,-7.46
0.47,-5.08,-7.46
0.47,-5.08,-7.46
0.34,-5.11,-7.59
0.34,-5.11,-7.59
0.34,-5.11,-7.59
0.27,-6.05,-7.75
0.27,-6.05,-7.75
0.27,-6.05,-7.75
0.25,-5.02,-7.49
0.25,-5.02,-7.49
0.25,-5.02,-7.49
0.67,-5.3,-7.74
0.67,-5.3,-7.74
0.67,-5.3,-7.74
-0.23,-5.25,-7.65
-0.23,-5.25,-7.65
-0.23,-5.25,-7.65
0.37,-5.43,-7.69
0.37,-5.43,-7.69
0.37,-5.43,-7.69
0.33,-5.05,-7.39
0.33,-5.05,-7.39
0.33,-5.05,-7.39
0.38,-5.75,-7.72
0.38,-5.75,-7.72
0.38,-5.75,-7.72
0.17,-5.39,-7.69
0.17,-5.39,-7.69
0.17,-5.39,-7.69
0.56,-4.98,-7.86
0.56,-4.98,-7.86
-0.05,-5.23,-7.6
0.68,-5.04,-7.64
0.68,-5.04,-7.64
0.68,-5.04,-7.64
0.1,-5.57,-7.61
0.1,-5.57,-7.61
0.1,-5.57,-7.61
0.36,-5.18,-7.69
0.36,-5.18,-7.69
0.36,-5.18,-7.69
0.18,-5.6,-7.68
0.18,-5.6,-7.68
0.18,-5.6,-7.68
-0.23,-5.64,-8.04
-0.23,-5.64,-8.04
-0.23,-5.64,-8.04
1.07,-4.9,-7.35
1.07,-4.9,-7.35
1.07,-4.9,-7.35
0.1,-5.19,-7.78
0.1,-5.19,-7.78
0.1,-5.19,-7.78
0.95,-5.26,-7.54
0.95,-5.26,-7.54
0.65,-5.62,-7.65
0.65,-5.62,-7.65
0.65,-5.62,-7.65
-0.32,-5.44,-7.58
-0.32,-5.44,-7.58
-0.32,-5.44,-7.58
0.38,-5.19,-7.48
0.38,-5.19,-7.48
0.38,-5.19,-7.48
0.09,-5.45,-7.63
0.09,-5.45,-7.63
0.09,-5.45,-7.63
0.2,-5.59,-7.7
0.2,-5.59,-7.7
0.2,-5.59,-7.7
0.6,-5.12,-7.69
0.6,-5.12,-7.69
0.6,-5.12,-7.69
0.08,-5.55,-7.45
0.08,-5.55,-7.45
0.08,-5.55,-7.45
0.05,-5.52,-7.69
0.05,-5.52,-7.69
0.65,-5.52,-7.58
-0.07,-5.42,-7.88
-0.07,-5.42,-7.88
-0.07,-5.42,-7.88
0.78,-5.16,-7.38
0.78,-5.16,-7.38
0.78,-5.16,-7.38
-0.16,-5.38,-7.81
-0.16,-5.38,-7.81
-0.16,-5.38,-7.81
0.45,-5.44,-7.39
0.45,-5.44,-7.39
0.45,-5.44,-7.39
0.26,-5.39,-7.77
0.26,-5.39,-7.77
0.26,-5.39,-7.77
0.79,-5.18,-7.49
0.79,-5.18,-7.49
0.79,-5.18,-7.49
0.06,-5.58,-7.6
0.06,-5.58,-7.6
0.58,-5.51,-7.34
0.13,-5.74,-7.8
0.13,-5.74,-7.8
0.13,-5.74,-7.8
0.25,-5.51,-7.63
0.25,-5.51,-7.63
0.25,-5.51,-7.63
0.61,-5.15,-7.55
0.61,-5.15,-7.55
0.61,-5.15,-7.55
0.25,-5.81,-7.69
0.25,-5.81,-7.69
0.0,-5.66,-7.85
0.68,-5.04,-7.61
0.68,-5.04,-7.61
0.87,-5.23,-7.33
0.31,-5.22,-7.78
0.31,-5.22,-7.78
0.31,-5.22,-7.78
0.25,-6.03,-7.47
0.25,-6.03,-7.47
0.25,-6.03,-7.47
0.45,-4.83,-7.59
0.45,-4.83,-7.59
0.77,-4.75,-7.36
0.14,-5.77,-7.9
0.14,-5.77,-7.9
0.14,-5.77,-7.9
0.24,-5.74,-7.48
0.24,-5.74,-7.48
0.24,-5.74,-7.48
0.3,-5.31,-7.7
0.3,-5.31,-7.7
0.3,-5.31,-7.7
0.31,-5.48,-7.37
0.31,-5.48,-7.37
0.34,-4.84,-7.58
0.58,-4.55,-7.63
0.47,-5.36,-7.56
0.47,-5.36,-7.56
0.31,-5.32,-7.61
0.31,-5.32,-7.61
0.31,-5.32,-7.61
0.07,-5.63,-7.65
0.07,-5.63,-7.65
0.07,-5.63,-7.65
0.09,-5.39,-7.57
0.09,-5.39,-7.57
0.03,-5.41,-7.61
0.51,-5.26,-7.57
0.51,-5.26,-7.57
1.02,-4.8,-7.5
-0.07,-5.62,-7.75
-0.07,-5.62,-7.75
-0.07,-5.62,-7.75
0.53,-5.41,-7.71
0.53,-5.41,-7.71
0.53,-5.41,-7.71
-0.12,-5.83,-7.72
-0.12,-5.83,-7.72
-0.12,-5.83,-7.72
0.46,-4.74,-7.38
0.57,-4.93,-7.46
0.57,-4.93,-7.46
0.54,-5.3,-7.7
0.54,-5.3,-7.7
0.54,-5.3,-7.7
0.74,-5.47,-7.73
0.74,-5.47,-7.73
0.74,-5.47,-7.73
0.01,-5.21,-7.74
0.01,-5.21,-7.74
0.44,-4.91,-7.57
0.53,-5.41,-7.45
0.53,-5.41,-7.45
0.57,-5.1,-7.58
0.16,-5.5,-7.84
0.16,-5.5,-7.84
0.16,-5.5,-7.84
0.66,-5.25,-7.55
0.66,-5.25,-7.55
0.66,-5.25,-7.55
-0.35,-5.95,-7.61
-0.35,-5.95,-7.61
-0.06,-5.78,-7.7
0.79,-5.22,-7.47
0.79,-5.22,-7.47
0.88,-5.24,-7.48
0.29,-5.27,-7.85
0.29,-5.27,-7.85
0.29,-5.27,-7.85
0.45,-5.68,-7.62
0.45,-5.68,-7.62
0.45,-5.68,-7.62
0.34,-5.05,-7.48
0.45,-5.33,-7.33
0.45,-5.33,-7.33
0.19,-4.98,-7.68
0.19,-4.98,-7.68
0.19,-4.98,-7.68
0.64,-5.29,-7.58
0.64,-5.29,-7.58
0.64,-5.29,-7.58
0.5,-5.55,-7.68
0.5,-5.55,-7.68
0.5,-5.55,-7.68
-0.01,-5.57,-7.66
-0.01,-5.57,-7.66
-0.01,-5.57,-7.66
0.75,-5.44,-7.34
0.75,-5.44,-7.34
0.75,-5.44,-7.34
0.2,-5.18,-7.76
0.2,-5.18,-7.76
0.2,-5.18,-7.76
0.45,-5.47,-7.62
0.45,-5.47,-7.62
0.45,-5.47,-7.62
0.26,-5.37,-7.68
0.26,-5.37,-7.68
0.26,-5.37,-7.68
0.34,-5.08,-7.59
-0.12,-5.37,-7.91
-0.12,-5.37,-7.91
0.48,-5.4,-7.35
0.48,-5.4,-7.35
0.39,-5.03,-7.72
0.39,-5.03,-7.72
0.39,-5.03,-7.72
0.26,-5.63,-7.5
0.26,-5.63,-7.5
0.25,-5.27,-7.69
0.38,-5.73,-7.53
0.38,-5.73,-7.53
0.38,-5.73,-7.53
0.56,-5.15,-7.72
0.56,-5.15,-7.72
0.56,-5.15,-7.72
0.56,-5.39,-7.53
0.56,-5.39,-7.53
0.56,-5.39,-7.53
0.45,-5.53,-7.58
0.45,-5.53,-7.58
0.45,-5.53,-7.58
0.38,-5.83,-7.64
0.38,-5.83,-7.64
0.38,-5.83,-7.64
0.43,-5.47,-7.72
0.43,-5.47,-7.72
0.43,-5.47,-7.72
0.44,-4.93,-7.44
0.44,-4.93,-7.44
0.44,-4.93,-7.44
0.48,-5.24,-7.76
0.48,-5.24,-7.76
0.68,-5.38,-7.52
0.38,-5.35,-7.68
0.38,-5.35,-7.68
0.38,-5.35,-7.68
-0.18,-5.74,-7.54
-0.18,-5.74,-7.54
-0.18,-5.74,-7.54
0.79,-5.35,-7.53
0.79,-5.35,-7.53
0.79,-5.35,-7.53
0.25,-5.62,-7.62
0.25,-5.62,-7.62
0.25,-5.62,-7.62
-0.39,-5.72,-7.69
-0.39,-5.72,-7.69
-0.39,-5.72,-7.69
0.93,-5.06,-7.5
0.93,-5.06,-7.5
0.93,-5.06,-7.5
0.2,-5.57,-7.7
0.2,-5.57,-7.7
0.2,-5.57,-7.7
0.41,-5.48,-7.38
0.41,-5.48,-7.38
0.34,-5.24,-7.59
0.56,-5.77,-7.6
0.56,-5.77,-7.6
0.56,-5.77,-7.6
0.09,-5.51,-7.54
0.09,-5.51,-7.54
0.09,-5.51,-7.54
0.44,-5.48,-7.58
0.44,-5.48,-7.58
0.44,-5.48,-7.58
0.44,-5.39,-7.49
0.44,-5.39,-7.49
0.21,-5.42,-7.79
0.55,-5.86,-7.42
0.55,-5.86,-7.42
0.55,-5.86,-7.42
-0.11,-5.78,-7.93
-0.11,-5.78,-7.93
-0.11,-5.78,-7.93
0.55,-5.05,-7.37
0.55,-5.05,-7.37
0.55,-5.05,-7.37
-0.06,-5.23,-7.7
0.45,-5.44,-7.48
0.45,-5.44,-7.48
0.78,-5.13,-7.53
0.34,-5.43,-7.74
0.34,-5.43,-7.74
0.45,-5.21,-7.52
0.45,-5.21,-7.52
0.45,-5.21,-7.52
-0.36,-5.86,-7.59
-0.36,-5.86,-7.59
0.86,-4.75,-7.55
0.86,-4.75,-7.55
0.86,-4.75,-7.55
0.48,-5.32,-7.54
0.48,-5.32,-7.54
0.48,-5.32,-7.54
0.3,-5.65,-7.78
0.3,-5.65,-7.78
0.3,-5.65,-7.78
0.43,-5.28,-7.32
0.43,-5.28,-7.32
0.43,-5.28,-7.32
-0.18,-5.89,-7.87
-0.18,-5.89,-7.87
0.45,-5.45,-7.56
0.44,-5.31,-7.63
0.44,-5.31,-7.63
0.44,-5.31,-7.63
0.18,-5.83,-7.56
0.18,-5.83,-7.56
0.18,-5.83,-7.56
0.6,-4.79,-7.73
0.6,-4.79,-7.73
0.6,-4.79,-7.73
-0.08,-5.95,-7.44
-0.08,-5.95,-7.44
0.3,-5.31,-7.46
0.22,-5.5,-7.62
0.22,-5.5,-7.62
0.22,-5.5,-7.62
0.26,-5.33,-7.77
0.26,-5.33,-7.77
0.26,-5.33,-7.77
0.63,-5.36,-7.54
0.63,-5.36,-7.54
0.63,-5.36,-7.54
-0.1,-5.33,-7.78
-0.1,-5.33,-7.78
-0.1,-5.33,-7.78
0.47,-5.48,-7.41
0.47,-5.48,-7.41
0.47,-5.48,-7.41
0.47,-5.4,-7.7
0.47,-5.4,-7.7
0.47,-5.4,-7.7
0.48,-5.53,-7.57
0.48,-5.53,-7.57
0.48,-5.53,-7.57
0.53,-5.59,-7.3
0.53,-5.59,-7.3
0.53,-5.59,-7.3
0.25,-5.12,-7.81
0.25,-5.12,-7.81
0.25,-5.12,-7.81
0.53,-5.52,-7.46
0.53,-5.52,-7.46
0.53,-5.52,-7.46
0.61,-5.66,-7.87
0.61,-5.66,-7.87
0.61,-5.66,-7.87
0.22,-5.45,-7.33
0.22,-5.45,-7.33
0.59,-4.8,-7.58
0.55,-5.62,-7.6
0.55,-5.62,-7.6
0.55,-5.62,-7.6
0.6,-5.23,-7.69
0.6,-5.23,-7.69
0.6,-5.23,-7.69
-0.07,-5.89,-7.72
-0.07,-5.89,-7.72
0.17,-5.39,-7.49
0.61,-5.42,-7.65
0.61,-5.42,-7.65
0.61,-5.42,-7.65
0.32,-4.9,-7.32
0.32,-4.9,-7.32
0.32,-4.9,-7.32
0.69,-5.58,-7.5
0.69,-5.58,-7.5
0.69,-5.58,-7.5
0.2,-5.43,-7.72
0.2,-5.43,-7.72
0.35,-5.8,-7.52
0.35,-5.8,-7.52
0.34,-5.55,-7.72
0.62,-5.28,-7.74
0.62,-5.28,-7.74
0.62,-5.28,-7.74
0.75,-5.22,-7.49
0.75,-5.22,-7.49
0.75,-5.22,-7.49
0.12,-5.92,-7.67
0.12,-5.92,-7.67
0.12,-5.92,-7.67
0.67,-4.62,-7.46
0.61,-5.01,-7.73
0.61,-5.01,-7.73
0.77,-5.18,-7.39
0.77,-5.18,-7.39
0.77,-5.18,-7.39
-0.03,-6.1,-8.05
-0.03,-6.1,-8.05
-0.03,-6.1,-8.05
1.0,-5.0,-7.32
1.0,-5.0,-7.32
1.0,-5.0,-7.32
0.1,-6.02,-7.74
0.1,-6.02,-7.74
0.1,-6.02,-7.74
0.93,-4.8,-7.31
0.93,-4.8,-7.31
0.93,-4.8,-7.31
-0.15,-5.9,-7.88
-0.15,-5.9,-7.88
-0.15,-5.9,-7.88
0.9,-5.32,-7.39
0.9,-5.32,-7.39
-0.31,-5.85,-7.72
0.35,-5.43,-7.66
0.35,-5.43,-7.66
0.99,-4.73,-7.38
0.35,-5.62,-7.86
0.35,-5.62,-7.86
0.35,-5.62,-7.86
0.45,-5.6,-7.63
0.45,-5.6,-7.63
0.45,-5.6,-7.63
0.4,-5.14,-7.63
0.4,-5.14,-7.63
0.4,-5.14,-7.63
0.51,-5.19,-7.39
0.51,-5.19,-7.39
0.51,-5.19,-7.39
0.47,-5.32,-7.75
0.47,-5.32,-7.75
0.47,-5.32,-7.75
0.21,-6.23,-7.79
0.21,-6.23,-7.79
0.21,-6.23,-7.79
0.66,-5.21,-7.84
0.66,-5.21,-7.84
0.66,-5.21,-7.84
0.76,-4.67,-7.17
0.76,-4.67,-7.17
0.76,-4.67,-7.17
0.43,-5.53,-7.63
0.43,-5.53,-7.63
0.43,-5.53,-7.63
0.95,-5.16,-7.52
0.95,-5.16,-7.52
0.95,-5.16,-7.52
-0.19,-6.31,-7.9
-0.19,-6.31,-7.9
0.17,-5.9,-7.77
1.03,-5.01,-7.46
0.76,-5.38,-7.45
0.76,-5.38,-7.45
0.35,-5.38,-7.5
0.35,-5.38,-7.5
0.35,-5.38,-7.5
0.53,-5.24,-7.64
0.53,-5.24,-7.64
0.53,-5.24,-7.64
0.41,-5.73,-7.58
0.41,-5.73,-7.58
0.35,-5.19,-7.79
0.94,-5.42,-7.39
0.94,-5.42,-7.39
0.94,-5.42,-7.39
0.21,-5.11,-7.6
0.21,-5.11,-7.6
0.21,-5.11,-7.6
0.79,-5.47,-7.49
0.79,-5.47,-7.49
0.79,-5.47,-7.49
-0.05,-5.76,-7.82
0.45,-5.63,-7.85
0.45,-5.63,-7.85
0.7,-5.06,-7.4
0.7,-5.06,-7.4
0.7,-5.06,-7.4
0.54,-5.45,-7.67
0.54,-5.45,-7.67
0.54,-5.45,-7.67
0.59,-5.03,-7.3
0.59,-5.03,-7.3
0.59,-5.03,-7.3
2.42,-5.32,-7.75
2.42,-5.32,-7.75
2.42,-5.32,-7.75
-16.08,-4.57,-7.3
