aX,aY,aZ
-16.72,-4.34,-8.99
-3.66,-4.46,1.11
-3.66,-4.46,1.11
-3.66,-4.46,1.11
8.68,-0.59,-21.84
8.68,-0.59,-21.84
8.68,-0.59,-21.84
1.89,-6.61,-10.29
1.89,-6.61,-10.29
6.68,-6.54,-9.31
4.18,-6.26,-8.35
4.18,-6.26,-8.35
2.35,-5.94,-8.44
1.21,-5.78,-7.6
1.21,-5.78,-7.6
1.21,-5.78,-7.6
1.53,-5.09,-7.0
1.53,-5.09,-7.0
1.53,-5.09,-7.0
1.54,-5.19,-7.35
1.54,-5.19,-7.35
1.54,-5.19,-7.35
2.59,-5.06,-7.95
2.59,-5.06,-7.95
2.59,-5.06,-7.95
2.17,-5.33,-7.98
2.17,-5.33,-7.98
2.17,-5.33,-7.98
2.29,-5.34,-7.81
2.29,-5.34,-7.81
2.29,-5.34,-7.81
1.76,-5.23,-7.27
1.76,-5.23,-7.27
1.76,-5.23,-7.27
1.93,-4.75,-7.16
2.29,-5.89,-7.62
2.29,-5.89,-7.62
2.29,-5.89,-7.62
3.08,-6.19,-7.7
2.82,-6.06,-7.76
2.82,-6.06,-7.76
2.74,-5.64,-7.3
2.74,-5.64,-7.3
2.74,-5.64,-7.3
1.97,-5.71,-7.17
1.97,-5.71,-7.17
1.97,-5.71,-7.17
1.7,-6.25,-7.22
1.99,-5.6,-7.17
1.99,-5.6,-7.17
1.99,-5.6,-7.17
1.73,-6.08,-7.12
1.73,-6.08,-7.12
1.73,-6.08,-7.12
2.08,-5.81,-7.12
2.08,-5.81,-7.12
2.08,-5.81,-7.12
2.21,-5.53,-6.93
2.21,-5.53,-6.93
2.21,-5.53,-6.93
1.79,-5.81,-7.0
1.89,-6.05,-6.96
1.89,-6.05,-6.96
1.97,-5.89,-6.81
1.97,-5.89,-6.81
1.97,-5.89,-6.81
1.94,-5.82,-7.07
1.94,-5.82,-7.07
1.94,-5.82,-7.07
2.32,-6.43,-6.78
2.32,-6.43,-6.78
2.32,-6.43,-6.78
2.5,-5.25,-6.94
2.27,-5.43,-6.74
2.27,-5.43,-6.74
2.37,-5.98,-6.62
2.37,-5.98,-6.62
2.37,-5.98,-6.62
3.28,-5.16,-6.52
3.28,-5.16,-6.52
3.28,-5.16,-6.52
3.03,-6.04,-6.74
3.03,-6.04,-6.74
3.03,-6.04,-6.74
3.03,-6.55,-5.96
3.03,-6.55,-5.96
2.96,-6.19,-5.78
2.61,-6.03,-5.79
2.61,-6.03,-5.79
2.61,-6.03,-5.79
2.44,-6.52,-5.56
2.44,-6.52,-5.56
2.44,-6.52,-5.56
2.3,-7.09,-5.37
2.3,-7.09,-5.37
2.3,-7.09,-5.37
2.27,-7.47,-5.21
2.27,-7.47,-5.21
2.27,-7.47,-5.21
2.4,-6.76,-4.24
2.4,-6.76,-4.24
2.4,-6.76,-4.24
2.32,-6.31,-4.19
2.32,-6.31,-4.19
2.32,-6.31,-4.19
2.62,-7.34,-3.68
2.62,-7.34,-3.68
2.62,-7.34,-3.68
3.37,-5.99,-3.61
3.37,-5.99,-3.61
3.73,-6.32,-3.27
4.04,-8.06,-1.74
4.04,-8.06,-1.74
4.04,-8.06,-1.74
3.57,-9.06,-1.57
3.57,-9.06,-1.57
3.57,-9.06,-1.57
3.48,-7.34,-0.6
3.48,-7.34,-0.6
3.48,-7.34,-0.6
3.32,-8.52,0.03
3.32,-8.52,0.03
3.32,-8.52,0.03
4.04,-7.25,0.79
4.04,-7.25,0.79
4.04,-7.25,0.79
3.23,-10.34,5.9
3.23,-10.34,5.9
3.23,-10.34,5.9
3.39,-9.52,5.69
3.39,-9.52,5.69
3.39,-9.52,5.69
3.1,-9.58,5.21
3.1,-9.58,5.21
2.9,-8.39,5.03
1.26,-11.35,5.79
1.26,-11.35,5.79
1.26,-11.35,5.79
0.96,-11.71,6.62
0.96,-11.71,6.62
0.96,-11.71,6.62
0.42,-8.09,4.51
0.42,-8.09,4.51
0.42,-8.09,4.51
-1.67,-9.96,6.41
-1.67,-9.96,6.41
-1.86,-9.79,7.12
-2.89,-8.64,6.61
-2.89,-8.64,6.61
-2.89,-8.64,6.61
-1.51,-8.05,7.62
-1.51,-8.05,7.62
-1.51,-8.05,7.62
-4.52,-5.55,4.81
-4.52,-5.55,4.81
-4.52,-5.55,4.81
-4.54,-7.17,6.69
-4.54,-7.17,6.69
-4.54,-7.17,6.69
-5.27,-7.21,6.76
-5.27,-7.21,6.76
-5.27,-7.21,6.76
-5.86,-6.39,5.67
-5.86,-6.39,5.67
-5.86,-6.39,5.67
-5.67,-6.8,6.36
-5.67,-6.8,6.36
-5.67,-6.8,6.36
-4.98,-6.93,7.0
-4.98,-6.93,7.0
-4.73,-6.09,6.69
-3.82,-5.39,6.53
-3.82,-5.39,6.53
-3.82,-5.39,6.53
-4.62,-5.66,5.85
-4.62,-5.66,5.85
-4.62,-5.66,5.85
-3.67,-6.44,6.46
-3.67,-6.44,6.46
-3.67,-6.44,6.46
-3.49,-5.83,7.74
-3.49,-5.83,7.74
-3.49,-5.83,7.74
-3.29,-7.4,7.72
-3.29,-7.4,7.72
-3.29,-7.4,7.72
-4.16,-4.93,6.06
-4.16,-4.93,6.06
-4.16,-4.93,6.06
-5.37,-5.33,8.04
-5.37,-5.33,8.04
-5.37,-5.33,8.04
-3.66,-6.13,7.63
-3.66,-6.13,7.63
-2.83,-5.49,6.49
-2.03,-8.04,6.76
-2.03,-8.04,6.76
-2.03,-8.04,6.76
-2.94,-7.26,7.07
-2.94,-7.26,7.07
-2.94,-7.26,7.07
-3.97,-5.7,6.92
-3.97,-5.7,6.92
-4.94,-6.57,6.46
-4.94,-6.57,6.46
-4.6,-6.57,6.22
-4.45,-5.36,5.55
-4.45,-5.36,5.55
-4.45,-5.36,5.55
-4.05,-5.61,5.56
-4.05,-5.61,5.56
-4.05,-5.61,5.56
-3.9,-5.43,5.61
-3.9,-5.43,5.61
-3.9,-5.43,5.61
-4.05,-6.12,5.7
-4.1,-5.8,5.66
-4.1,-5.8,5.66
-4.7,-4.48,5.36
-4.7,-4.48,5.36
-4.7,-4.48,5.36
-4.34,-6.48,6.01
-4.34,-6.48,6.01
-4.34,-6.48,6.01
-4.47,-6.75,6.11
-4.47,-6.75,6.11
-4.47,-6.75,6.11
-4.88,-6.89,6.19
-4.88,-6.89,6.19
-4.88,-6.89,6.19
-4.86,-5.3,5.89
-4.86,-5.3,5.89
-4.86,-5.3,5.89
-6.24,-5.04,5.63
-6.24,-5.04,5.63
-6.24,-5.04,5.63
-5.92,-5.37,5.71
-5.92,-5.37,5.71
-6.27,-4.87,5.57
-5.88,-4.59,6.34
-5.88,-4.59,6.34
-5.88,-4.59,6.34
-4.71,-6.46,7.69
-4.71,-6.46,7.69
-4.71,-6.46,7.69
-3.4,-4.17,6.9
-3.4,-4.17,6.9
-3.4,-4.17,6.9
-3.48,-4.97,6.26
-3.48,-4.97,6.26
-3.66,-6.12,6.41
-3.61,-5.97,6.68
-3.61,-5.97,6.68
-3.67,-5.66,7.19
-3.14,-6.49,6.65
-3.14,-6.49,6.65
-3.14,-6.49,6.65
-2.34,-5.84,6.79
-2.34,-5.84,6.79
-2.34,-5.84,6.79
-2.72,-5.95,7.86
-2.72,-5.95,7.86
-2.72,-5.95,7.86
-3.27,-5.27,8.32
-3.27,-5.27,8.32
-3.27,-5.27,8.32
-3.79,-5.27,7.5
-3.79,-5.27,7.5
-3.79,-5.27,7.5
-4.22,-6.25,7.82
-4.22,-6.25,7.82
-4.22,-6.25,7.82
-4.98,-4.62,6.84
-4.98,-4.62,6.84
-4.15,-6.55,7.67
-4.15,-6.55,7.67
-4.15,-6.55,7.67
-4.35,-6.87,7.36
-4.35,-6.87,7.36
-5.03,-6.24,7.12
-5.03,-6.24,7.12
-5.03,-6.24,7.12
-5.31,-3.26,5.78
-5.31,-3.26,5.78
-5.31,-3.26,5.78
-5.8,-4.84,4.92
-5.8,-4.84,4.92
-7.69,-8.75,5.01
-6.36,-8.16,7.59
-6.36,-8.16,7.59
-6.36,-8.16,7.59
-9.57,-0.05,4.7
-9.57,-0.05,4.7
-9.57,-0.05,4.7
-7.53,-3.7,5.77
-7.53,-3.7,5.77
-7.53,-3.7,5.77
-8.02,-4.62,6.32
-8.02,-4.62,6.32
-8.02,-4.62,6.32
-6.92,-4.91,6.85
-6.92,-4.91,6.85
-6.92,-4.91,6.85
-5.36,-5.5,6.63
-5.36,-5.5,6.63
-5.36,-5.5,6.63
-4.14,-6.35,6.36
-4.14,-6.35,6.36
-3.65,-6.86,6.44
-3.35,-6.85,6.44
-3.35,-6.85,6.44
-3.18,-6.72,6.64
-2.38,-7.14,7.28
-2.38,-7.14,7.28
-2.38,-7.14,7.28
-1.46,-5.79,7.03
-1.46,-5.79,7.03
-1.46,-5.79,7.03
-1.0,-5.83,7.37
-1.0,-5.83,7.37
-1.0,-5.83,7.37
1.28,-5.08,5.95
1.28,-5.08,5.95
1.28,-5.08,5.95
2.2,-3.66,4.85
2.2,-3.66,4.85
2.2,-3.66,4.85
4.63,-4.35,5.62
4.63,-4.35,5.62
4.63,-4.35,5.62
2.91,-6.54,6.87
2.89,-6.84,7.38
2.89,-6.84,7.38
2.9,-6.45,7.5
2.78,-5.77,6.77
2.78,-5.77,6.77
2.66,-5.22,5.96
2.66,-5.22,5.96
2.66,-5.22,5.96
2.19,-5.86,6.14
2.19,-5.86,6.14
2.19,-5.86,6.14
2.72,-6.66,6.67
2.72,-6.66,6.67
2.72,-6.66,6.67
3.97,-8.11,7.65
3.97,-8.11,7.65
3.97,-8.11,7.65
4.08,-8.67,7.78
4.08,-8.67,7.78
4.08,-8.67,7.78
4.51,-8.01,6.81
4.51,-8.01,6.81
4.51,-8.01,6.81
4.17,-6.96,6.38
4.17,-6.96,6.38
4.17,-6.96,6.38
4.06,-7.25,7.26
4.05,-6.96,7.35
4.05,-6.96,7.35
4.35,-5.62,6.81
4.35,-5.62,6.81
4.35,-5.62,6.81
4.79,-6.49,7.29
4.79,-6.49,7.29
4.79,-6.49,7.29
5.32,-6.99,7.81
5.32,-6.99,7.81
5.32,-6.99,7.81
5.49,-6.61,7.57
5.49,-6.61,7.57
4.26,-6.91,6.92
4.26,-6.91,6.92
4.26,-6.91,6.92
3.85,-7.01,6.16
3.85,-7.01,6.16
3.85,-7.01,6.16
3.56,-7.91,6.83
3.56,-7.91,6.83
3.56,-7.91,6.83
0.72,-9.03,6.22
0.72,-9.03,6.22
0.72,-9.03,6.22
-1.19,-9.91,3.5
-1.19,-9.91,3.5
-1.19,-9.91,3.5
0.11,-9.33,3.77
0.11,-9.33,3.77
0.11,-9.33,3.77
1.06,-7.38,4.15
1.06,-7.38,4.15
1.43,-7.05,4.32
1.7,-7.41,3.87
1.7,-7.41,3.87
1.7,-7.41,3.87
2.05,-8.4,3.02
2.05,-8.4,3.02
2.05,-8.4,3.02
2.56,-8.9,2.65
2.56,-8.9,2.65
2.56,-8.9,2.65
1.31,-8.38,2.64
1.31,-8.38,2.64
1.31,-8.38,2.64
0.93,-8.56,2.92
0.93,-8.56,2.92
0.93,-8.56,2.92
0.85,-8.97,3.31
0.85,-8.97,3.31
0.85,-8.97,3.31
0.9,-8.81,2.64
0.9,-8.81,2.64
0.9,-8.81,2.64
1.8,-9.06,2.51
1.8,-9.06,2.51
1.77,-8.92,2.5
1.96,-9.56,2.83
1.96,-9.56,2.83
1.96,-9.56,2.83
1.75,-10.05,3.84
1.75,-10.05,3.84
1.75,-10.05,3.84
2.06,-8.94,4.03
2.06,-8.94,4.03
2.06,-8.94,4.03
1.94,-8.67,4.03
2.51,-8.81,3.94
2.51,-8.81,3.94
2.79,-8.49,3.54
2.79,-8.49,3.54
1.29,-8.67,3.49
1.29,-8.67,3.49
1.29,-8.67,3.49
1.75,-8.0,5.09
1.75,-8.0,5.09
1.75,-8.0,5.09
-0.85,-10.65,5.22
-0.85,-10.65,5.22
2.83,-10.23,5.52
2.91,-7.72,4.18
2.91,-7.72,4.18
2.91,-7.72,4.18
2.47,-7.89,5.57
2.47,-7.89,5.57
2.47,-7.89,5.57
2.96,-5.91,4.35
2.96,-5.91,4.35
2.96,-5.91,4.35
1.69,-6.49,4.26
2.76,-7.79,4.97
2.76,-7.79,4.97
1.24,-8.45,4.06
1.24,-8.45,4.06
1.1,-8.96,4.7
1.1,-8.96,4.7
1.1,-8.96,4.7
0.03,-10.73,5.13
0.03,-10.73,5.13
0.03,-10.73,5.13
-1.06,-9.85,4.65
-1.06,-9.85,4.65
-1.06,-9.85,4.65
-0.29,-8.61,4.7
-0.29,-8.61,4.7
-0.29,-8.61,4.7
0.45,-8.86,4.64
0.45,-8.86,4.64
0.45,-8.86,4.64
0.75,-8.27,4.64
0.75,-8.27,4.64
0.75,-8.27,4.64
1.19,-7.42,5.05
1.19,-7.42,5.05
1.19,-7.42,5.05
0.63,-7.68,5.67
0.63,-7.68,5.67
0.63,-7.68,5.67
0.19,-7.55,6.93
0.19,-7.55,6.93
0.19,-7.55,6.93
-0.6,-7.28,6.09
-0.6,-7.28,6.09
-0.6,-7.28,6.09
-1.32,-8.61,7.11
-1.32,-8.61,7.11
-1.32,-8.61,7.11
-1.54,-6.41,7.15
-1.54,-6.41,7.15
-1.54,-6.41,7.15
-1.82,-6.24,7.3
-1.82,-6.24,7.3
-1.82,-6.24,7.3
-1.43,-5.91,7.23
-1.43,-5.91,7.23
-1.43,-5.91,7.23
-1.96,-6.58,7.03
-2.04,-6.29,6.89
-2.04,-6.29,6.89
-2.57,-6.05,6.81
-2.57,-6.05,6.81
-2.57,-6.05,6.81
-1.97,-6.06,6.67
-1.97,-6.06,6.67
-1.97,-6.06,6.67
-2.38,-6.27,6.73
-2.38,-6.27,6.73
-2.2,-6.33,6.9
-2.32,-6.22,6.92
-2.49,-6.11,7.0
-2.49,-6.11,7.0
-2.04,-6.17,6.58
-2.04,-6.17,6.58
-2.04,-6.17,6.58
-1.91,-6.05,6.56
-1.91,-6.05,6.56
-1.91,-6.05,6.56
-2.03,-5.61,7.24
-2.03,-5.61,7.24
-2.23,-5.54,7.48
-2.21,-5.83,7.54
-2.21,-5.83,7.54
-2.2,-6.25,7.59
-2.5,-6.41,8.14
-2.5,-6.41,8.14
-2.5,-6.41,8.14
-2.81,-6.9,8.37
-2.81,-6.9,8.37
-2.81,-6.9,8.37
-2.97,-7.13,7.92
-2.97,-7.13,7.92
-2.97,-7.13,7.92
-2.15,-6.94,7.89
-2.15,-6.94,7.89
-2.15,-6.94,7.89
-2.26,-6.78,7.14
-2.26,-6.78,7.14
-2.26,-6.78,7.14
-1.95,-6.61,6.76
-1.95,-6.61,6.76
-1.95,-6.61,6.76
-1.74,-5.62,6.7
-1.74,-5.62,6.7
-1.74,-5.62,6.7
-1.79,-5.57,6.51
-1.79,-5.57,6.51
-1.53,-5.67,6.07
-1.69,-5.85,6.22
-1.69,-5.85,6.22
-1.69,-5.85,6.22
-2.07,-5.08,6.84
-2.07,-5.08,6.84
-2.07,-5.08,6.84
-2.84,-4.69,7.02
-2.84,-4.69,7.02
-2.96,-4.95,7.19
-2.36,-5.66,7.85
-2.36,-5.66,7.85
-3.5,-6.27,8.19
-4.35,-6.06,7.5
-4.35,-6.06,7.5
-4.35,-6.06,7.5
-4.08,-6.15,8.28
-4.08,-6.15,8.28
-4.08,-6.15,8.28
-4.08,-6.44,9.13
-4.08,-6.44,9.13
-3.08,-6.86,9.56
-2.68,-6.54,8.51
-2.68,-6.54,8.51
-3.15,-6.23,7.59
-2.76,-6.28,7.58
-2.76,-6.28,7.58
-2.76,-6.28,7.58
-3.44,-6.66,8.01
-3.44,-6.66,8.01
-3.44,-6.66,8.01
-3.05,-6.91,7.3
-3.05,-6.91,7.3
-3.29,-6.73,6.86
-3.45,-5.93,7.43
-3.45,-5.93,7.43
-3.45,-5.93,7.43
-2.45,-6.83,7.95
-2.45,-6.83,7.95
-2.45,-6.83,7.95
-2.13,-5.75,7.2
-2.13,-5.75,7.2
-2.13,-5.75,7.2
-2.05,-4.97,6.82
-2.05,-4.97,6.82
-2.15,-5.04,6.32
-4.0,-4.84,6.46
-4.0,-4.84,6.46
-4.0,-4.84,6.46
-6.85,-5.41,9.78
-6.85,-5.41,9.78
-6.85,-5.41,9.78
-4.9,-4.64,8.74
-4.9,-4.64,8.74
-4.9,-4.64,8.74
-9.45,0.05,9.42
-9.45,0.05,9.42
-7.03,-0.49,9.57
-4.76,-2.59,9.93
-4.76,-2.59,9.93
-4.76,-2.59,9.93
-3.07,-2.81,9.79
-3.07,-2.81,9.79
-3.07,-2.81,9.79
-2.44,-5.09,9.74
-2.44,-5.09,9.74
-2.44,-5.09,9.74
-1.42,-4.31,9.3
-1.42,-4.31,9.3
-1.33,-3.89,9.21
-1.77,-4.4,8.8
-1.77,-4.4,8.8
-1.77,-4.4,8.8
-2.98,-3.16,8.12
-2.98,-3.16,8.12
-2.98,-3.16,8.12
-3.53,-1.86,7.86
-3.53,-1.86,7.86
-4.22,-2.14,7.21
-4.22,-2.14,7.21
-4.22,-2.14,7.21
-4.79,-1.61,7.23
-4.79,-1.61,7.23
-4.79,-1.61,7.23
-5.91,-1.5,7.12
-5.91,-1.5,7.12
-5.91,-1.5,7.12
-5.82,-1.56,7.09
-5.82,-1.56,7.09
-5.82,-1.56,7.09
-6.93,-1.84,6.84
-6.93,-1.84,6.84
-6.93,-1.84,6.84
-6.77,-1.26,6.46
-6.77,-1.26,6.46
-6.77,-1.26,6.46
-7.0,-0.57,6.27
-7.0,-0.57,6.27
-7.0,-0.57,6.27
-7.46,-0.68,6.05
-7.46,-0.68,6.05
-7.46,-0.68,6.05
-7.55,-0.15,5.81
-7.55,-0.15,5.81
-7.55,-0.15,5.81
-7.48,-0.65,6.48
-7.48,-0.65,6.48
-7.48,-0.65,6.48
-8.08,-0.71,5.66
-8.08,-0.71,5.66
-8.08,-0.71,5.66
-8.41,-0.4,5.52
-8.41,-0.4,5.52
-8.41,-0.4,5.52
-8.47,-0.53,5.9
-8.47,-0.53,5.9
-8.67,0.03,5.89
-8.73,-0.62,5.53
-8.73,-0.62,5.53
-8.73,-0.62,5.53
-8.04,-1.1,5.32
-8.04,-1.1,5.32
-8.04,-1.1,5.32
-7.71,-0.68,5.36
-7.71,-0.68,5.36
-7.59,-0.53,5.18
-7.55,-0.57,5.16
-7.55,-0.57,5.16
-7.62,-0.96,5.21
-7.65,-0.7,5.08
-7.65,-0.7,5.08
-7.65,-0.7,5.08
-8.07,-0.57,5.44
-8.07,-0.57,5.44
-8.07,-0.57,5.44
-7.93,-0.43,5.39
-7.82,-0.62,5.3
-7.82,-0.62,5.3
-7.7,-0.62,5.37
-7.79,-0.65,5.37
-7.79,-0.65,5.37
-7.79,-0.65,5.37
-7.82,-0.96,5.48
-7.82,-0.96,5.48
-7.82,-0.96,5.48
-7.85,-0.93,5.42
-7.85,-0.93,5.42
-7.94,-0.86,5.56
-8.05,-1.39,5.6
-8.05,-1.39,5.6
-8.05,-1.39,5.6
-8.04,-1.27,5.31
-8.04,-1.27,5.31
-8.04,-1.27,5.31
-8.1,-1.29,5.18
-8.1,-1.29,5.18
-7.88,-4.26,4.43
-8.54,-3.08,3.59
-8.54,-3.08,3.59
-8.54,-3.08,3.59
-9.47,-1.1,3.15
-9.47,-1.1,3.15
-9.47,-1.1,3.15
-10.34,-1.09,3.75
-10.34,-1.09,3.75
-10.34,-1.09,3.75
-9.05,-3.81,4.94
-9.05,-3.81,4.94
-9.14,-4.99,5.23
-9.35,-3.66,5.66
-9.35,-3.66,5.66
-9.35,-3.66,5.66
-9.15,-3.17,6.73
-9.15,-3.17,6.73
-9.15,-3.17,6.73
-9.03,-2.64,7.12
-9.03,-2.64,7.12
-9.03,-2.64,7.12
-9.67,-2.27,7.35
-9.67,-2.27,7.35
-9.42,-2.18,7.39
-9.31,-2.15,7.29
-9.31,-2.15,7.29
-9.31,-2.15,7.29
-9.8,-1.46,7.3
-9.8,-1.46,7.3
-9.8,-1.46,7.3
-8.3,-1.78,6.83
-8.3,-1.78,6.83
-8.3,-1.78,6.83
-7.65,-1.91,6.66
-7.65,-1.91,6.66
-7.65,-1.91,6.66
-6.83,-0.87,6.57
-6.83,-0.87,6.57
-6.83,-0.87,6.57
-5.63,-1.42,6.5
-5.63,-1.42,6.5
-5.63,-1.42,6.5
-6.26,-1.65,5.78
-6.26,-1.65,5.78
-5.93,-1.76,5.5
-5.75,-1.82,5.42
-5.75,-1.82,5.42
-5.76,-1.34,5.43
-5.39,-0.8,5.19
-5.39,-0.8,5.19
-5.39,-0.8,5.19
-5.32,-0.93,5.12
-5.32,-0.93,5.12
-5.32,-0.93,5.12
-6.07,-0.61,4.91
-6.07,-0.61,4.91
-6.07,-0.61,4.91
-6.68,-0.92,4.66
-7.42,-0.76,4.5
-7.42,-0.76,4.5
-8.29,-0.77,4.52
-8.29,-0.77,4.52
-8.29,-0.77,4.52
-9.06,-0.67,4.64
-9.06,-0.67,4.64
-9.06,-0.67,4.64
-9.15,-0.23,4.12
-9.15,-0.23,4.12
-8.76,-0.03,4.12
-8.47,0.0,4.29
-8.47,-0.42,4.58
-8.47,-0.42,4.58
-8.34,-1.09,4.64
-8.34,-1.09,4.64
-8.34,-1.09,4.64
-8.23,-1.39,4.51
-8.23,-1.39,4.51
-8.23,-1.39,4.51
-8.48,-0.9,4.64
-8.48,-0.9,4.64
-8.39,-0.46,4.61
-7.95,-0.03,4.42
-7.95,-0.03,4.42
-7.69,0.26,4.23
-7.48,-0.69,4.07
-7.48,-0.69,4.07
-7.48,-0.69,4.07
-7.69,-0.66,4.05
-7.69,-0.66,4.05
-7.69,-0.66,4.05
-8.26,-0.31,4.0
-8.26,-0.31,4.0
-8.32,-0.24,3.87
-7.75,-0.34,3.61
-7.75,-0.34,3.61
-7.75,-0.34,3.61
-7.19,-1.02,3.58
-7.19,-1.02,3.58
-7.19,-1.02,3.58
-7.22,-1.67,3.83
-7.22,-1.67,3.83
-7.22,-1.67,3.83
-7.52,-1.62,3.82
-7.27,-1.74,3.82
-7.27,-1.74,3.82
-7.44,-2.07,3.82
-7.44,-2.07,3.82
-7.44,-2.07,3.82
-7.4,-1.92,3.81
-7.4,-1.92,3.81
-7.4,-1.92,3.81
-7.76,-2.15,3.99
-7.76,-2.15,3.99
-7.76,-2.15,3.99
-7.58,-2.43,3.97
-7.58,-2.43,3.97
-7.58,-2.43,3.97
-7.53,-2.68,3.84
-7.53,-2.68,3.84
-7.53,-2.68,3.84
-7.82,-2.67,4.09
-7.82,-2.67,4.09
-7.82,-2.67,4.09
-7.69,-2.76,4.04
-7.69,-2.76,4.04
-7.69,-2.76,4.04
-7.3,-2.57,4.51
-7.3,-2.57,4.51
-7.3,-2.57,4.51
-7.62,-2.48,4.69
-7.62,-2.48,4.69
-7.62,-2.48,4.69
-6.53,-2.03,4.29
-6.53,-2.03,4.29
-6.53,-2.03,4.29
-6.37,-3.02,4.56
-6.37,-3.02,4.56
-6.37,-3.02,4.56
-6.75,-4.28,5.21
-6.39,-4.23,5.09
-6.39,-4.23,5.09
-6.55,-3.72,5.28
-6.55,-3.72,5.28
-6.55,-3.72,5.28
-7.27,-4.42,6.04
-7.27,-4.42,6.04
-7.27,-4.42,6.04
-7.92,-4.13,6.8
-7.92,-4.13,6.8
-7.92,-4.13,6.8
-7.4,-2.88,6.12
-7.4,-2.88,6.12
-7.01,-2.66,6.06
-7.01,-2.79,5.75
-7.01,-2.79,5.75
-7.01,-2.79,5.75
-6.97,-2.19,5.64
-6.97,-2.19,5.64
-6.97,-2.19,5.64
-7.02,-2.55,5.85
-7.02,-2.55,5.85
-7.02,-2.55,5.85
-7.34,-3.04,6.12
-7.34,-3.04,6.12
-7.34,-3.04,6.12
-7.68,-2.94,6.42
-7.68,-2.94,6.42
-7.68,-2.94,6.42
-8.12,-2.31,5.81
-8.12,-2.31,5.81
-8.12,-2.31,5.81
-7.92,-2.26,5.22
-7.92,-2.26,5.22
-7.92,-2.26,5.22
-7.67,-2.61,4.71
-7.67,-2.61,4.71
-7.55,-2.64,4.52
-7.29,-2.81,4.39
-7.29,-2.81,4.39
-7.29,-2.81,4.39
-7.55,-3.34,4.14
-7.55,-3.34,4.14
-7.55,-3.34,4.14
-7.71,-3.59,4.12
-7.71,-3.59,4.12
-7.71,-3.59,4.12
-8.22,-4.17,4.13
-8.22,-4.17,4.13
-8.22,-4.17,4.13
-8.37,-4.65,4.33
-8.37,-4.65,4.33
-8.37,-4.65,4.33
-8.23,-3.29,3.42
-8.23,-3.29,3.42
-8.23,-3.29,3.42
-7.53,-2.88,2.89
-7.53,-2.88,2.89
-7.53,-2.88,2.89
-7.64,-4.07,3.05
-7.64,-4.07,3.05
-7.96,-4.15,3.06
-8.59,-3.88,2.76
-8.59,-3.88,2.76
-8.48,-3.52,2.37
-8.48,-3.52,2.37
-8.48,-3.52,2.37
-8.14,-3.17,1.98
-8.14,-3.17,1.98
-8.14,-3.17,1.98
-8.27,-3.33,1.64
-8.27,-3.33,1.64
-8.24,-3.35,1.5
-7.99,-3.52,1.47
-7.99,-3.52,1.47
-7.99,-3.52,1.47
-8.36,-3.37,1.05
-8.36,-3.37,1.05
-8.63,-3.11,0.64
-8.63,-3.11,0.64
-8.63,-3.11,0.64
-8.73,-2.96,0.25
-8.73,-2.96,0.25
-8.6,-3.27,0.33
-8.0,-3.18,-0.05
-8.0,-3.18,-0.05
-8.0,-3.18,-0.05
-7.64,-3.36,0.28
-7.64,-3.36,0.28
-7.64,-3.36,0.28
-7.7,-4.28,0.67
-7.7,-4.28,0.67
-8.09,-4.04,0.6
-8.43,-3.71,0.43
-8.43,-3.71,0.43
-8.67,-3.49,0.21
-7.56,-4.05,-0.11
-7.56,-4.05,-0.11
-7.56,-4.05,-0.11
-7.9,-4.3,-0.46
-7.9,-4.3,-0.46
-7.9,-4.3,-0.46
-8.0,-5.1,-0.07
-8.0,-5.1,-0.07
-8.0,-5.1,-0.07
-7.9,-4.44,-0.02
-7.95,-4.67,-0.1
-7.95,-4.67,-0.1
-7.76,-5.66,-0.42
-7.76,-5.66,-0.42
-7.76,-5.66,-0.42
-7.37,-6.01,-0.64
-7.37,-6.01,-0.64
-7.37,-6.01,-0.64
-7.51,-5.87,-0.19
-7.51,-5.87,-0.19
-7.51,-5.87,-0.19
-8.88,-4.53,-0.5
-8.88,-4.53,-0.5
-8.61,-3.39,-0.72
-8.21,-1.66,-1.19
-8.21,-1.66,-1.19
-8.21,-1.66,-1.19
-8.13,-1.18,-1.71
-8.13,-1.18,-1.71
-8.13,-1.18,-1.71
-8.51,-2.71,-2.19
-8.51,-2.71,-2.19
-8.51,-2.71,-2.19
-7.9,-3.73,-1.53
-7.9,-3.73,-1.53
-7.9,-3.73,-1.53
-8.91,-2.73,-1.51
-8.91,-2.73,-1.51
-8.91,-2.73,-1.51
-8.42,-1.47,-2.0
-8.42,-1.47,-2.0
-8.42,-1.47,-2.0
-7.53,-0.11,-2.0
-7.53,-0.11,-2.0
-7.25,0.4,-2.17
-8.95,-0.98,-1.84
-8.95,-0.98,-1.84
-8.95,-0.98,-1.84
-7.89,-2.23,-1.63
-7.89,-2.23,-1.63
-7.89,-2.23,-1.63
-9.52,-2.37,-0.26
-9.52,-2.37,-0.26
-9.52,-2.37,-0.26
-9.85,-1.3,-1.09
-9.85,-1.3,-1.09
-9.51,-1.58,-1.17
-8.9,-3.4,2.85
-8.29,-3.32,-0.57
-8.29,-3.32,-0.57
-8.71,-1.3,-1.17
-8.71,-1.3,-1.17
-8.71,-1.3,-1.17
-8.93,-1.03,-1.33
-8.93,-1.03,-1.33
-8.93,-1.03,-1.33
-9.29,-1.76,0.17
-9.29,-1.76,0.17
-9.86,-3.19,0.56
-9.8,-1.27,-0.13
-9.8,-1.27,-0.13
-9.8,-1.27,-0.13
-9.47,-2.67,0.79
-9.47,-2.67,0.79
-9.47,-2.67,0.79
-8.13,-3.4,1.13
-8.13,-3.4,1.13
-8.13,-3.4,1.13
-7.79,-1.11,0.1
-7.79,-1.11,0.1
-7.79,-1.11,0.1
-10.91,-1.95,-0.64
-10.91,-1.95,-0.64
-10.56,-3.17,-0.65
-9.11,-4.73,-0.42
-9.11,-4.73,-0.42
-9.11,-4.73,-0.42
-7.84,-3.74,-1.53
-7.84,-3.74,-1.53
-7.84,-3.74,-1.53
-9.06,-3.86,-2.47
-9.06,-3.86,-2.47
-10.02,-3.75,-2.68
-9.83,-3.2,-2.9
-6.98,-4.25,-5.71
-6.98,-4.25,-5.71
-6.82,-2.07,-4.43
-6.82,-2.07,-4.43
-6.82,-2.07,-4.43
-6.53,-2.29,-3.93
-6.53,-2.29,-3.93
-6.53,-2.29,-3.93
-6.31,-2.32,-3.56
-6.31,-2.32,-3.56
-6.31,-2.32,-3.56
-7.26,-3.55,-2.7
-7.26,-3.55,-2.7
-7.26,-3.55,-2.7
-7.59,-2.88,-2.95
-7.59,-2.88,-2.95
-7.59,-2.88,-2.95
-6.58,-3.35,-2.13
-6.58,-3.35,-2.13
-6.58,-3.35,-2.13
-5.44,-3.22,-1.42
-5.44,-3.22,-1.42
-5.44,-3.22,-1.42
-6.1,-3.53,-0.73
-6.1,-3.53,-0.73
-6.8,-4.25,-0.49
-7.5,-4.48,0.78
-7.5,-4.48,0.78
-7.5,-4.48,0.78
-8.82,-5.95,2.95
-8.82,-5.95,2.95
-8.82,-5.95,2.95
-8.98,-5.12,2.85
-8.98,-5.12,2.85
-8.98,-5.12,2.85
-7.44,-3.82,3.06
-7.44,-3.82,3.06
-7.44,-3.82,3.06
-8.22,-4.76,4.25
-8.22,-4.76,4.25
-8.22,-4.76,4.25
-7.7,-5.12,4.84
-7.7,-5.12,4.84
-7.41,-5.23,5.29
-7.41,-5.23,5.29
-6.8,-5.19,5.37
-5.85,-4.64,6.25
-5.85,-4.64,6.25
-5.85,-4.64,6.25
-5.61,-4.67,7.04
-5.61,-4.67,7.04
-5.61,-4.67,7.04
-5.07,-5.09,7.62
-5.07,-5.09,7.62
-5.07,-5.09,7.62
-4.41,-4.87,7.72
-4.41,-4.87,7.72
-3.92,-4.53,7.55
-3.42,-5.05,8.17
-3.42,-5.05,8.17
-3.42,-5.05,8.17
-2.78,-4.47,8.46
-2.78,-4.47,8.46
-2.78,-4.47,8.46
-0.85,-3.15,9.23
-0.85,-3.15,9.23
-0.85,-3.15,9.23
-0.58,-4.19,8.04
-0.58,-4.19,8.04
-0.58,-4.19,8.04
-1.7,-5.29,8.49
-1.7,-5.29,8.49
-1.7,-5.29,8.49
-3.94,-4.39,8.44
-3.94,-4.39,8.44
-3.94,-4.39,8.44
-6.58,-5.17,7.27
-6.58,-5.17,7.27
-6.58,-5.17,7.27
-8.1,-6.27,6.9
-8.1,-6.27,6.9
-8.1,-6.27,6.9
-8.0,-5.57,5.16
-8.0,-5.57,5.16
-8.0,-5.57,5.16
-8.95,-6.77,5.34
-8.95,-6.77,5.34
-8.95,-6.77,5.34
-6.76,-5.52,6.01
-6.76,-5.52,6.01
-6.76,-5.52,6.01
-5.43,-6.27,5.46
-5.43,-6.27,5.46
-5.43,-6.27,5.46
-3.71,-6.55,5.45
-3.71,-6.55,5.45
-3.71,-6.55,5.45
-4.22,-5.4,4.9
-4.22,-5.4,4.9
-4.22,-5.4,4.9
-4.2,-4.52,4.54
-4.2,-4.52,4.54
-4.2,-4.52,4.54
-4.61,-5.89,5.32
-4.61,-5.89,5.32
-4.88,-5.6,5.29
-5.14,-5.27,5.34
-5.14,-5.27,5.34
-5.14,-5.27,5.34
-5.51,-5.71,5.15
-5.51,-5.71,5.15
-5.51,-5.71,5.15
-5.86,-5.71,5.37
-5.86,-5.71,5.37
-5.86,-5.71,5.37
-5.8,-5.9,5.39
-5.88,-4.89,4.84
-5.88,-4.89,4.84
-5.71,-4.61,4.65
-5.71,-4.61,4.65
-5.71,-4.61,4.65
-5.22,-6.1,5.41
-5.22,-6.1,5.41
-5.22,-6.1,5.41
-5.18,-5.3,4.91
-5.18,-5.3,4.91
-4.97,-4.73,5.05
-4.6,-4.95,5.12
-4.6,-4.95,5.12
-4.27,-5.17,5.42
-4.12,-5.36,5.49
-4.12,-5.36,5.49
-4.12,-5.36,5.49
-3.72,-5.32,6.19
-3.72,-5.32,6.19
-3.72,-5.32,6.19
-3.9,-6.27,6.3
-3.9,-6.27,6.3
-3.9,-6.27,6.3
-4.26,-6.97,8.1
-4.78,-7.49,8.48
-4.78,-7.49,8.48
-4.47,-6.82,6.68
-4.47,-6.82,6.68
-4.47,-6.82,6.68
-4.55,-6.14,4.21
-4.55,-6.14,4.21
-4.55,-6.14,4.21
-4.85,-5.89,5.3
-4.85,-5.89,5.3
-4.53,-5.98,6.38
-4.82,-6.21,7.56
-5.33,-6.1,7.21
-5.33,-6.1,7.21
-5.93,-5.44,6.3
-5.93,-5.44,6.3
-5.93,-5.44,6.3
-5.0,-6.96,6.96
-5.0,-6.96,6.96
-5.0,-6.96,6.96
-5.65,-4.7,6.26
-5.65,-4.7,6.26
-5.65,-4.7,6.26
-4.22,-5.83,6.27
-4.22,-5.83,6.27
-4.22,-5.83,6.27
-2.32,-6.11,7.89
-2.32,-6.11,7.89
-2.32,-6.11,7.89
-0.99,-6.75,8.35
-0.99,-6.75,8.35
-0.99,-6.75,8.35
-1.39,-6.4,6.86
-1.39,-6.4,6.86
-1.55,-5.56,5.59
-2.08,-5.99,5.59
-2.08,-5.99,5.59
-2.08,-5.99,5.59
-4.57,-7.38,5.74
-4.57,-7.38,5.74
-4.57,-7.38,5.74
-4.47,-8.59,8.74
-4.47,-8.59,8.74
-4.47,-8.59,8.74
-4.57,-6.91,7.46
-4.57,-6.91,7.46
-4.57,-6.91,7.46
-3.87,-7.6,6.4
-3.87,-7.6,6.4
-3.87,-7.6,6.4
-3.41,-7.82,6.71
-3.41,-7.82,6.71
-3.41,-7.82,6.71
-2.94,-4.69,6.19
-2.94,-4.69,6.19
-2.94,-4.69,6.19
-3.81,-5.29,5.71
-3.81,-5.29,5.71
-4.67,-6.44,5.31
-5.47,-6.43,4.26
-5.47,-6.43,4.26
-5.55,-5.34,3.78
-5.8,-4.22,2.72
-5.8,-4.22,2.72
-5.8,-4.22,2.72
-5.97,-4.22,2.72
-5.97,-4.22,2.72
-5.97,-4.22,2.72
-5.32,-6.52,4.47
-5.32,-6.52,4.47
-5.32,-6.52,4.47
-3.67,-4.82,6.49
-3.67,-4.82,6.49
-3.39,-8.18,7.5
-3.39,-8.18,7.5
-3.39,-8.18,7.5
-3.42,-4.93,6.13
-3.42,-4.93,6.13
-3.42,-4.93,6.13
-4.06,-5.1,6.37
-4.06,-5.1,6.37
-4.06,-5.1,6.37
-4.89,-7.49,8.08
-5.14,-6.83,7.59
-5.14,-6.83,7.59
-6.28,-6.23,6.18
-6.28,-6.23,6.18
-6.28,-6.23,6.18
-5.79,-4.94,5.59
-5.79,-4.94,5.59
-5.79,-4.94,5.59
-4.99,-7.82,6.34
-4.99,-7.82,6.34
-4.99,-7.82,6.34
-3.71,-5.06,7.87
-3.71,-5.06,7.87
-3.71,-5.06,7.87
-2.85,-5.0,8.58
-2.85,-5.0,8.58
-2.85,-5.0,8.58
-1.8,-4.16,9.22
-1.8,-4.16,9.22
-1.8,-4.16,9.22
-1.32,-5.88,9.53
-1.32,-5.88,9.53
-1.32,-5.88,9.53
-1.88,-5.78,6.42
-1.88,-5.78,6.42
-1.88,-5.78,6.42
-2.81,-5.12,6.55
-2.81,-5.12,6.55
-2.81,-5.12,6.55
-3.02,-5.17,8.11
-3.02,-5.17,8.11
-3.02,-5.17,8.11
-3.02,-5.03,8.59
-3.27,-4.75,7.97
-3.27,-4.75,7.97
-3.13,-4.59,8.07
-3.13,-4.59,8.07
-3.13,-4.59,8.07
-2.85,-4.55,7.29
-2.85,-4.55,7.29
-2.85,-4.55,7.29
-2.59,-6.15,8.4
-2.59,-6.15,8.4
-2.59,-6.15,8.4
-2.56,-5.92,8.42
-3.12,-5.87,7.48
-3.12,-5.87,7.48
-3.73,-6.39,6.82
-3.73,-6.39,6.82
-3.73,-6.39,6.82
-3.0,-5.77,7.41
-3.0,-5.77,7.41
-3.0,-5.77,7.41
-2.8,-4.58,7.17
-2.8,-4.58,7.17
-2.8,-4.58,7.17
-3.28,-4.55,6.79
-3.28,-4.55,6.79
-3.28,-4.55,6.79
-3.03,-5.77,7.9
-3.09,-6.24,8.24
-3.09,-6.24,8.24
-3.12,-6.7,7.16
-3.12,-6.7,7.16
-3.12,-6.7,7.16
-3.28,-5.49,6.87
-3.28,-5.49,6.87
-3.28,-5.49,6.87
-3.51,-4.81,7.31
-3.51,-4.81,7.31
-3.51,-4.81,7.31
-3.07,-4.98,7.63
-3.24,-5.6,7.46
-3.24,-5.6,7.46
-3.13,-5.59,7.22
-3.13,-5.59,7.22
-3.13,-5.59,7.22
-3.18,-5.21,7.21
-3.18,-5.21,7.21
-3.18,-5.21,7.21
-3.06,-5.53,7.51
-3.06,-5.53,7.51
-3.45,-6.19,7.5
-3.24,-5.29,8.23
-3.24,-5.29,8.23
-3.24,-5.29,8.23
-2.57,-4.68,8.32
-2.57,-4.68,8.32
-2.57,-4.68,8.32
-2.28,-5.75,8.67
-2.28,-5.75,8.67
-2.28,-5.75,8.67
-2.31,-6.73,7.93
-2.31,-6.73,7.93
-2.05,-6.84,7.66
-2.3,-5.92,7.32
-2.3,-5.92,7.32
-2.3,-5.92,7.32
-2.23,-6.23,6.99
-2.23,-6.23,6.99
-2.23,-6.23,6.99
-2.2,-6.22,7.32
-2.2,-6.22,7.32
-2.2,-6.22,7.32
-2.44,-6.36,6.94
-2.44,-6.36,6.94
-2.35,-6.88,7.18
-2.06,-6.32,6.92
-2.06,-6.32,6.92
-2.06,-6.32,6.92
-1.55,-5.61,6.68
-1.55,-5.61,6.68
-1.55,-5.61,6.68
-2.35,-6.93,6.92
-2.35,-6.93,6.92
-2.35,-6.93,6.92
-2.27,-6.15,6.03
-2.27,-6.15,6.03
-2.83,-6.67,5.66
-2.59,-7.31,6.75
-2.59,-7.31,6.75
-2.59,-7.31,6.75
-1.85,-6.69,7.24
-1.85,-6.69,7.24
-1.85,-6.69,7.24
-2.24,-6.0,7.06
-2.24,-6.0,7.06
-2.24,-6.0,7.06
-2.3,-5.92,6.93
-1.85,-5.99,6.72
-1.85,-5.99,6.72
-1.47,-6.47,7.02
-1.47,-6.47,7.02
-1.47,-6.47,7.02
-1.68,-6.97,7.52
-1.68,-6.97,7.52
-1.68,-6.97,7.52
-1.24,-7.52,7.46
-1.24,-7.52,7.46
-1.24,-7.52,7.46
-1.58,-7.67,7.21
-1.58,-7.67,7.21
-1.58,-7.67,7.21
-1.99,-6.23,6.95
-1.99,-6.23,6.95
-1.99,-6.23,6.95
-3.14,-6.27,6.83
-3.14,-6.27,6.83
-3.14,-6.27,6.83
-3.71,-5.83,6.47
-3.71,-5.83,6.47
-3.71,-5.83,6.47
-3.54,-5.79,6.82
-3.54,-5.79,6.82
-3.54,-5.79,6.82
-3.89,-6.26,6.23
-3.89,-6.26,6.23
-3.89,-6.26,6.23
-2.79,-6.4,6.68
-2.79,-6.4,6.68
-2.92,-5.39,6.57
-2.92,-5.39,6.57
-2.92,-5.39,6.57
-3.13,-5.97,7.48
-3.13,-5.97,7.48
-3.13,-5.97,7.48
-1.55,-7.64,8.75
-1.55,-7.64,8.75
-1.55,-7.64,8.75
-2.24,-7.62,7.12
-2.24,-7.62,7.12
-2.24,-7.62,7.12
-2.36,-7.5,5.66
-2.36,-7.5,5.66
-2.36,-7.5,5.66
-2.68,-5.15,5.88
-2.68,-5.15,5.88
-2.96,-4.92,6.28
-2.81,-5.84,6.5
-2.81,-5.84,6.5
-2.81,-5.84,6.5
-2.02,-7.33,6.41
-2.02,-7.33,6.41
-2.02,-7.33,6.41
-2.34,-7.1,7.08
-2.34,-7.1,7.08
-2.34,-7.1,7.08
-2.72,-6.6,7.48
-2.72,-6.6,7.48
-2.72,-6.6,7.48
-3.18,-6.16,6.75
-3.18,-6.16,6.75
-3.18,-6.16,6.75
-3.83,-6.36,6.79
-3.83,-6.36,6.79
-3.83,-6.36,6.79
-4.73,-5.89,6.54
-4.73,-5.89,6.54
-4.73,-5.89,6.54
-4.78,-5.72,6.18
-4.37,-6.15,6.57
-4.37,-6.15,6.57
-4.04,-6.64,6.65
-4.04,-6.64,6.65
-4.04,-6.64,6.65
-2.97,-5.75,6.3
-2.97,-5.75,6.3
-2.97,-5.75,6.3
-2.52,-6.27,6.98
-2.52,-6.27,6.98
-2.52,-6.27,6.98
-0.62,-7.18,6.27
-0.62,-7.18,6.27
-0.62,-7.18,6.27
-1.89,-8.25,5.15
-1.89,-8.25,5.15
-1.89,-8.25,5.15
-2.38,-8.08,6.05
-2.38,-8.08,6.05
-2.38,-8.08,6.05
-2.6,-7.32,6.43
-2.6,-7.32,6.43
-2.6,-7.32,6.43
-2.95,-5.46,5.87
-2.95,-5.46,5.87
-2.53,-6.14,6.29
-3.26,-7.32,6.46
-3.26,-7.32,6.46
-3.26,-7.32,6.46
-3.18,-5.93,5.31
-3.18,-5.93,5.31
-3.18,-5.93,5.31
-3.46,-6.12,5.36
-3.46,-6.12,5.36
-3.46,-6.12,5.36
-3.56,-6.82,6.16
-3.56,-6.82,6.16
-3.29,-6.52,6.28
-3.56,-7.14,6.05
-3.56,-7.14,6.05
-3.56,-7.14,6.05
-3.19,-7.81,6.25
-3.19,-7.81,6.25
-3.19,-7.81,6.25
-3.64,-6.96,5.82
-3.64,-6.96,5.82
-3.64,-6.96,5.82
-3.24,-6.83,5.92
-3.24,-6.83,5.92
-3.28,-6.12,5.73
-3.43,-6.44,5.66
-3.43,-6.44,5.66
-3.49,-5.02,5.73
-3.49,-5.02,5.73
-3.49,-5.02,5.73
-5.15,-6.61,5.66
-5.15,-6.61,5.66
-4.57,-7.88,6.13
-3.78,-7.82,6.53
-3.78,-7.82,6.53
-3.67,-7.09,6.72
-3.91,-6.11,6.16
-3.91,-6.11,6.16
-3.91,-6.11,6.16
-3.91,-6.61,6.15
-3.91,-6.61,6.15
-3.91,-6.61,6.15
-4.5,-6.87,6.5
-4.5,-6.87,6.5
-4.5,-6.87,6.5
-4.15,-5.71,6.21
-4.15,-5.71,6.21
-4.15,-5.71,6.21
-3.87,-6.24,5.98
-3.87,-6.24,5.98
-3.87,-6.24,5.98
-3.92,-7.11,5.57
-3.92,-7.11,5.57
-3.92,-7.11,5.57
-4.67,-6.66,5.46
-4.67,-6.66,5.46
-4.4,-7.23,5.86
-4.8,-7.32,5.85
-5.31,-7.05,6.12
-5.31,-7.05,6.12
-4.42,-7.84,6.68
-4.42,-7.84,6.68
-4.42,-7.84,6.68
-2.52,-6.44,6.56
-2.52,-6.44,6.56
-2.52,-6.44,6.56
-0.91,-6.28,5.16
-0.91,-6.28,5.16
-2.12,-5.65,4.46
-2.96,-5.64,4.61
-2.96,-5.64,4.61
-3.28,-6.49,5.71
-2.56,-8.02,6.78
-2.56,-8.02,6.78
-2.56,-8.02,6.78
-3.08,-8.24,5.89
-3.08,-8.24,5.89
-3.08,-8.24,5.89
-3.37,-7.79,5.31
-3.37,-7.79,5.31
-3.87,-6.77,4.95
-4.68,-6.19,5.02
-4.79,-6.68,5.37
-4.79,-6.68,5.37
-3.92,-8.79,6.41
-3.92,-8.79,6.41
-3.92,-8.79,6.41
-1.71,-10.36,6.99
-1.71,-10.36,6.99
-1.71,-10.36,6.99
-0.19,-9.76,6.68
-0.19,-9.76,6.68
0.63,-9.98,7.02
1.42,-9.95,6.81
3.29,-9.2,6.64
3.29,-9.2,6.64
5.87,-8.81,5.42
5.87,-8.81,5.42
5.87,-8.81,5.42
4.95,-8.89,4.66
4.95,-8.89,4.66
4.95,-8.89,4.66
5.62,-7.77,4.59
5.92,-7.18,4.28
12.87,-6.55,2.77
12.87,-6.55,2.77
12.87,-6.55,2.77
7.08,-5.42,2.67
7.08,-5.42,2.67
7.08,-5.42,2.67
7.41,-4.44,1.82
7.41,-4.44,1.82
7.41,-4.44,1.82
6.99,-3.82,0.98
7.42,-3.15,0.83
7.42,-3.15,0.83
8.0,-2.68,1.28
8.0,-2.68,1.28
8.0,-2.68,1.28
7.73,-2.28,-2.67
7.73,-2.28,-2.67
7.73,-2.28,-2.67
8.99,-2.37,-1.7
8.99,-2.37,-1.7
8.99,-2.37,-1.7
7.81,-2.49,-2.19
7.81,-2.49,-2.19
7.81,-2.49,-2.19
8.73,-3.6,-2.75
8.73,-3.6,-2.75
8.73,-3.6,-2.75
8.97,-3.06,-3.05
8.97,-3.06,-3.05
8.97,-3.06,-3.05
8.99,-3.97,-3.06
8.99,-3.97,-3.06
8.99,-3.97,-3.06
9.66,-3.39,-3.17
9.66,-3.39,-3.17
9.66,-3.39,-3.17
9.53,-3.8,-3.3
9.53,-3.8,-3.3
9.53,-3.8,-3.3
10.18,-4.2,-3.17
10.18,-4.2,-3.17
10.18,-4.2,-3.17
9.65,-3.4,-2.72
9.65,-3.4,-2.72
9.65,-3.4,-2.72
8.27,-2.56,-2.51
8.27,-2.56,-2.51
8.27,-2.56,-2.51
5.9,-0.51,-0.65
5.9,-0.51,-0.65
5.9,-0.51,-0.65
5.41,-1.06,-0.21
5.41,-1.06,-0.21
5.41,-1.06,-0.21
5.76,-3.65,0.37
5.76,-3.65,0.37
5.76,-3.65,0.37
7.92,-2.37,0.83
7.92,-2.37,0.83
8.03,-2.72,0.56
7.08,-4.93,0.54
6.62,-7.27,0.54
6.62,-7.27,0.54
7.97,-7.77,1.84
7.97,-7.77,1.84
7.97,-7.77,1.84
7.25,-8.21,1.59
7.25,-8.21,1.59
7.25,-8.21,1.59
5.73,-12.33,2.61
5.73,-12.33,2.61
5.73,-12.33,2.61
3.6,-9.62,2.93
3.6,-9.62,2.93
3.6,-9.62,2.93
3.25,-10.56,4.38
3.25,-10.56,4.38
3.25,-10.56,4.38
2.15,-11.9,5.85
2.15,-11.9,5.85
1.84,-11.35,5.57
0.79,-9.77,4.53
0.79,-9.77,4.53
0.79,-9.77,4.53
0.15,-9.7,5.57
0.15,-9.7,5.57
0.15,-9.7,5.57
-0.34,-9.29,5.42
-0.34,-9.29,5.42
-0.34,-9.29,5.42
-1.28,-8.31,4.53
-1.28,-8.31,4.53
-1.14,-7.31,3.75
-1.58,-7.01,2.9
-1.58,-7.01,2.9
-1.79,-7.67,2.42
-1.79,-7.67,2.42
-1.79,-7.67,2.42
-3.11,-8.26,5.07
-3.11,-8.26,5.07
-3.11,-8.26,5.07
-4.24,-8.56,4.71
-4.24,-8.56,4.71
-4.24,-8.56,4.71
-3.03,-7.08,4.14
-3.03,-7.08,4.14
-3.88,-6.42,3.93
-3.72,-8.12,4.04
-3.72,-8.12,4.04
-3.72,-8.12,4.04
-4.78,-8.23,4.2
-4.78,-8.23,4.2
-4.78,-8.23,4.2
-3.42,-8.2,4.58
-3.42,-8.2,4.58
-3.42,-8.2,4.58
-4.36,-6.32,4.46
-4.36,-6.32,4.46
-5.03,-7.09,4.0
-4.63,-7.4,3.29
-4.63,-7.4,3.29
-4.63,-7.4,3.29
-3.26,-8.0,4.33
-3.26,-8.0,4.33
-3.26,-8.0,4.33
-3.87,-7.85,4.25
-3.87,-7.85,4.25
-3.87,-7.85,4.25
-3.69,-7.86,4.08
-3.76,-7.79,4.15
-3.76,-7.79,4.15
-3.58,-8.5,4.38
-3.58,-8.5,4.38
-3.58,-8.5,4.38
-2.99,-9.09,5.26
-2.99,-9.09,5.26
-2.99,-9.09,5.26
-2.12,-9.15,5.96
-2.12,-9.15,5.96
-1.83,-8.73,5.89
-1.92,-8.18,5.55
-2.09,-8.14,5.22
-2.09,-8.14,5.22
-1.77,-6.74,4.47
-1.77,-6.74,4.47
-1.77,-6.74,4.47
-1.29,-5.31,4.59
-1.29,-5.31,4.59
-1.29,-5.31,4.59
-1.67,-4.08,4.77
-1.67,-4.08,4.77
-1.67,-4.08,4.77
-1.7,-4.07,6.54
-1.7,-4.07,6.54
-2.85,-5.21,7.98
-4.06,-6.1,8.94
-4.06,-6.1,8.94
-4.06,-6.1,8.94
-2.74,-5.03,7.95
-2.74,-5.03,7.95
-2.74,-5.03,7.95
-3.55,-6.09,7.11
-3.55,-6.09,7.11
-3.51,-6.74,6.36
-2.59,-5.93,5.53
-2.26,-4.58,5.18
-2.26,-4.58,5.18
-4.52,-5.25,7.37
-4.52,-5.25,7.37
-5.87,-6.23,8.54
-5.87,-6.23,8.54
-5.87,-6.23,8.54
-5.84,-6.15,7.68
-5.84,-6.15,7.68
-5.81,-5.91,7.13
-5.76,-7.31,6.97
-5.76,-7.31,6.97
-5.76,-7.31,6.97
-5.21,-6.13,6.77
-5.21,-6.13,6.77
-5.21,-6.13,6.77
-4.35,-3.82,6.11
-4.35,-3.82,6.11
-4.35,-3.82,6.11
-5.27,-4.82,6.99
-5.27,-4.82,6.99
-5.27,-4.82,6.99
-4.17,-5.19,6.95
-4.17,-5.19,6.95
-4.17,-5.19,6.95
-4.94,-3.9,5.31
-4.94,-3.9,5.31
-4.94,-3.9,5.31
-5.29,-3.04,5.17
-5.29,-3.04,5.17
-5.29,-3.04,5.17
-5.66,-6.45,7.26
-5.66,-6.45,7.26
-5.66,-6.45,7.26
-6.68,-6.61,7.61
-6.68,-6.61,7.61
-6.68,-6.61,7.61
-6.29,-6.12,7.09
-6.29,-6.12,7.09
-6.29,-6.12,7.09
-5.67,-5.14,7.09
-5.67,-5.14,7.09
-5.67,-5.14,7.09
-4.0,-3.74,5.34
-4.0,-3.74,5.34
-2.62,-3.18,4.89
-2.03,-5.13,6.12
-2.03,-5.13,6.12
-2.03,-5.13,6.12
-2.83,-6.4,7.58
-2.83,-6.4,7.58
-2.83,-6.4,7.58
-3.8,-2.07,5.14
-3.8,-2.07,5.14
-3.8,-2.07,5.14
-5.36,-5.45,8.47
-5.36,-5.45,8.47
-5.36,-7.51,9.06
-5.91,-3.38,7.59
-5.91,-3.38,7.59
-5.91,-3.38,7.59
-5.78,-4.83,6.78
-5.78,-4.83,6.78
-5.78,-4.83,6.78
-5.32,-5.31,5.91
-5.32,-5.31,5.91
-5.32,-5.31,5.91
-4.87,-5.88,6.68
-4.87,-5.88,6.68
-4.87,-5.88,6.68
-4.44,-6.01,6.63
-4.44,-6.01,6.63
-4.44,-6.01,6.63
-4.2,-5.56,6.37
-4.2,-5.56,6.37
-4.2,-5.56,6.37
-3.34,-5.88,6.11
-3.34,-5.88,6.11
-3.34,-5.88,6.11
-3.3,-5.28,5.54
-3.3,-5.28,5.54
-3.3,-5.28,5.54
-3.1,-6.33,6.43
-3.1,-6.33,6.43
-3.1,-6.33,6.43
-3.78,-5.75,6.35
-3.78,-5.75,6.35
-3.78,-5.75,6.35
-3.74,-4.9,6.34
-3.74,-4.9,6.34
-3.74,-4.9,6.34
-4.53,-5.7,6.03
-4.53,-5.7,6.03
-4.53,-5.7,6.03
-4.34,-6.47,6.47
-4.34,-6.47,6.47
-4.34,-6.47,6.47
-4.94,-6.04,6.01
-4.94,-6.04,6.01
-4.94,-6.04,6.01
-5.37,-6.05,5.56
-5.37,-6.05,5.56
-5.37,-6.05,5.56
-5.44,-6.94,7.22
-5.44,-6.94,7.22
-5.14,-5.19,6.59
-5.33,-4.89,6.58
-5.33,-4.89,6.58
-5.38,-4.97,6.4
-4.4,-5.76,7.39
-4.4,-5.76,7.39
-4.4,-5.76,7.39
-3.94,-5.09,7.29
-3.94,-5.09,7.29
-3.94,-5.09,7.29
-3.94,-5.45,7.7
-3.94,-5.45,7.7
-3.94,-5.45,7.7
-3.27,-3.61,6.82
-3.05,-4.47,7.2
-3.05,-4.47,7.2
-3.83,-6.23,8.07
-3.83,-6.23,8.07
-3.83,-6.23,8.07
-2.77,-5.08,7.86
-2.77,-5.08,7.86
-2.77,-5.08,7.86
-3.65,-5.07,6.78
-3.65,-5.07,6.78
-3.65,-5.07,6.78
-2.59,-6.79,8.07
-2.59,-6.79,8.07
-2.59,-6.79,8.07
-3.63,-7.31,7.26
-3.63,-7.31,7.26
-3.63,-7.31,7.26
-2.64,-5.43,6.87
-2.64,-5.43,6.87
-2.64,-5.43,6.87
-1.95,-4.24,7.11
-1.95,-4.24,7.11
-2.92,-6.5,7.61
-3.17,-7.57,7.55
-3.17,-7.57,7.55
-3.17,-7.57,7.55
-2.72,-4.88,7.03
-2.72,-4.88,7.03
-2.72,-4.88,7.03
-2.66,-6.04,7.33
-2.66,-6.04,7.33
-2.66,-6.04,7.33
-2.48,-4.84,6.99
-2.48,-4.84,6.99
-3.22,-5.07,5.55
-2.83,-5.67,8.1
-2.43,-7.3,8.26
-2.43,-7.3,8.26
-2.77,-4.39,7.34
-2.77,-4.39,7.34
-2.77,-4.39,7.34
-2.84,-5.52,8.62
-2.84,-5.52,8.62
-2.84,-5.52,8.62
-2.96,-5.51,6.93
-2.96,-5.51,6.93
-2.96,-5.51,6.93
-3.16,-4.72,8.39
-3.16,-4.72,8.39
-3.16,-4.72,8.39
-3.1,-5.91,8.26
-3.1,-5.91,8.26
-3.1,-5.91,8.26
-3.81,-5.11,7.69
-3.81,-5.11,7.69
-3.59,-5.88,7.25
-3.59,-5.88,7.25
-3.43,-5.71,7.49
-3.17,-5.32,8.01
-3.17,-5.32,8.01
-3.17,-5.32,8.01
-3.04,-5.22,7.79
-3.04,-5.22,7.79
-3.04,-5.22,7.79
-3.06,-4.93,8.03
-3.06,-4.93,8.03
-2.86,-4.8,8.06
-2.63,-4.49,7.98
-2.63,-4.49,7.98
-2.53,-4.45,8.04
-2.56,-5.14,9.02
-2.56,-5.14,9.02
-2.56,-5.14,9.02
-2.13,-5.43,8.84
-2.13,-5.43,8.84
-1.88,-4.36,8.32
-1.88,-4.36,8.32
-2.26,-5.71,8.75
-1.9,-5.99,8.83
-1.9,-5.99,8.83
-1.7,-5.33,8.53
-2.46,-5.48,8.53
-2.46,-5.48,8.53
-2.46,-5.48,8.53
-1.67,-5.02,7.61
-1.67,-5.02,7.61
-1.67,-5.02,7.61
-1.24,-4.18,7.38
-1.24,-4.18,7.38
-1.24,-4.18,7.38
-1.74,-6.82,7.87
-1.3,-7.12,8.06
-1.3,-7.12,8.06
-1.48,-4.88,7.94
-1.48,-4.88,7.94
-1.48,-4.88,7.94
-2.12,-7.44,8.24
-2.12,-7.44,8.24
-2.12,-7.44,8.24
-2.33,-7.75,8.04
-2.33,-7.75,8.04
-2.64,-7.43,7.79
-2.57,-8.08,8.01
-2.57,-8.08,8.01
-2.57,-8.08,8.01
-2.41,-7.57,6.91
-2.41,-7.57,6.91
-2.41,-7.57,6.91
-2.62,-8.81,7.5
-2.62,-8.81,7.5
-2.62,-8.81,7.5
-1.64,-6.78,6.25
-1.64,-6.78,6.25
-1.64,-6.78,6.25
-1.47,-8.36,6.37
-1.05,-9.23,6.88
-1.05,-9.23,6.88
-0.64,-7.08,5.29
-0.64,-7.08,5.29
-0.64,-7.08,5.29
-0.67,-5.87,3.06
-0.67,-5.87,3.06
-0.67,-5.87,3.06
1.28,-6.94,3.05
1.28,-6.94,3.05
1.28,-6.94,3.05
2.86,-8.06,2.47
2.86,-8.06,2.47
2.86,-8.06,2.47
1.38,-7.46,1.1
1.38,-7.46,1.1
1.38,-7.46,1.1
1.32,-6.84,0.81
1.32,-6.84,0.81
1.32,-6.84,0.81
1.28,-9.26,1.72
1.28,-9.26,1.72
1.28,-9.26,1.72
0.9,-9.29,1.52
0.9,-9.29,1.52
0.9,-9.29,1.52
-0.71,-9.19,2.12
-0.71,-9.19,2.12
-0.71,-9.19,2.12
-0.11,-9.05,2.67
-0.11,-9.05,2.67
-0.11,-9.05,2.67
-1.44,-8.96,2.92
-1.44,-8.96,2.92
-1.44,-8.96,2.92
-3.49,-9.98,3.3
-2.84,-10.6,3.93
-2.84,-10.6,3.93
-4.75,-9.66,3.07
-4.75,-9.66,3.07
-4.75,-9.66,3.07
-2.84,-8.41,2.51
-2.84,-8.41,2.51
-2.84,-8.41,2.51
-1.54,-8.7,3.23
-1.54,-8.7,3.23
-1.54,-8.7,3.23
-2.54,-10.09,4.76
-2.54,-10.09,4.76
-2.82,-10.04,4.93
-1.51,-8.73,5.36
-1.51,-8.73,5.36
-1.51,-8.73,5.36
-1.93,-9.31,5.42
-1.93,-9.31,5.42
-1.93,-9.31,5.42
-1.78,-7.34,5.95
-1.78,-7.34,5.95
-1.78,-7.34,5.95
-3.99,-6.19,5.34
-3.99,-6.19,5.34
-4.47,-6.62,4.87
-2.12,-8.95,4.19
-2.12,-8.95,4.19
-2.12,-8.95,4.19
-0.88,-9.76,3.5
-0.88,-9.76,3.5
-0.88,-9.76,3.5
-1.2,-9.28,3.41
-1.2,-9.28,3.41
-1.2,-9.28,3.41
-1.53,-10.59,4.07
-1.53,-10.59,4.07
-1.65,-10.83,3.76
-1.44,-9.66,2.88
-1.44,-9.66,2.88
-1.44,-9.66,2.88
-0.19,-10.09,2.29
-0.19,-10.09,2.29
-0.19,-10.09,2.29
-0.0,-10.07,1.62
0.49,-10.08,1.37
0.49,-10.08,1.37
0.28,-10.63,0.86
0.28,-10.63,0.86
0.28,-10.63,0.86
0.97,-9.4,0.12
0.97,-9.4,0.12
0.63,-7.91,-0.28
0.63,-7.91,-0.28
0.63,-7.91,-0.28
0.26,-8.49,0.31
0.26,-8.49,0.31
0.26,-8.49,0.31
-0.84,-8.04,-0.11
-0.84,-8.04,-0.11
-1.08,-8.0,-0.06
-0.87,-10.21,0.01
-0.87,-10.21,0.01
-0.87,-10.21,0.01
-1.54,-13.26,-0.24
-1.54,-13.26,-0.24
-1.54,-13.26,-0.24
-1.22,-13.87,0.14
-1.13,-13.59,0.68
-1.13,-13.59,0.68
-1.14,-12.92,0.97
-1.14,-12.92,0.97
-0.67,-12.82,1.59
-0.67,-12.82,1.59
-0.67,-12.82,1.59
-0.73,-11.58,1.63
-0.73,-11.58,1.63
-0.73,-11.58,1.63
-0.27,-10.46,0.87
-0.27,-10.46,0.87
-0.3,-9.72,0.29
0.05,-9.33,0.15
0.36,-9.12,0.08
0.36,-9.12,0.08
0.78,-9.03,-0.53
0.78,-9.03,-0.53
0.78,-9.03,-0.53
1.01,-8.79,-1.25
1.01,-8.79,-1.25
1.01,-8.79,-1.25
1.89,-7.84,-1.48
1.89,-7.84,-1.48
1.72,-7.59,-1.65
4.88,-7.05,1.42
4.88,-7.05,1.42
4.88,-7.05,1.42
3.08,-5.72,-2.26
3.08,-5.72,-2.26
3.08,-5.72,-2.26
3.09,-5.42,-2.83
3.09,-5.42,-2.83
3.09,-5.42,-2.83
2.86,-4.37,-2.32
2.86,-4.37,-2.32
3.38,-3.86,-2.26
3.85,-3.48,-2.19
3.85,-3.48,-2.19
3.85,-3.48,-2.19
4.91,-5.25,-1.4
4.91,-5.25,-1.4
4.91,-5.25,-1.4
4.33,-5.42,-0.84
4.33,-5.42,-0.84
4.33,-5.42,-0.84
3.4,-5.56,-0.44
3.4,-5.56,-0.44
3.87,-6.57,-0.53
2.9,-5.85,0.49
2.9,-5.85,0.49
2.9,-5.85,0.49
2.2,-6.12,0.19
2.2,-6.12,0.19
2.2,-6.12,0.19
2.71,-7.11,0.92
2.71,-7.11,0.92
2.71,-7.11,0.92
2.49,-8.19,3.94
2.49,-8.19,3.94
2.49,-8.19,3.94
1.02,-10.29,5.16
1.02,-10.29,5.16
1.02,-10.29,5.16
0.06,-9.28,4.98
0.06,-9.28,4.98
0.06,-9.28,4.98
-1.56,-9.19,5.44
-1.56,-9.19,5.44
-1.56,-9.19,5.44
0.72,-6.88,6.64
0.72,-6.88,6.64
1.23,-9.11,6.54
-2.63,-13.12,7.96
-2.63,-13.12,7.96
-2.63,-13.12,7.96
-2.9,-9.15,6.38
-2.9,-9.15,6.38
-2.9,-9.15,6.38
-4.01,-10.84,7.26
-4.01,-10.84,7.26
-4.01,-10.84,7.26
-4.93,-8.3,6.05
-4.93,-8.3,6.05
-4.93,-8.3,6.05
-6.06,-9.52,6.49
-6.06,-9.52,6.49
-6.06,-9.52,6.49
-4.59,-7.96,7.03
-4.59,-7.96,7.03
-4.59,-7.96,7.03
-4.02,-6.26,6.82
-4.02,-6.26,6.82
-4.02,-6.26,6.82
-3.79,-6.6,6.94
-3.77,-5.54,7.15
-3.77,-5.54,7.15
-3.79,-6.03,7.12
-3.79,-6.03,7.12
-3.79,-6.03,7.12
-3.29,-6.32,7.13
-3.29,-6.32,7.13
-3.29,-6.32,7.13
-3.14,-6.12,6.77
-3.14,-6.12,6.77
-3.14,-6.12,6.77
-3.87,-5.98,6.46
-3.87,-5.98,6.46
-3.87,-5.98,6.46
-3.72,-6.24,7.01
-3.72,-6.24,7.01
-3.72,-6.24,7.01
-3.54,-5.31,6.26
-3.54,-5.31,6.26
-3.54,-5.31,6.26
-3.18,-6.05,6.36
-3.18,-6.05,6.36
-2.71,-6.13,6.49
-3.5,-6.31,6.38
-3.5,-6.31,6.38
-3.5,-6.31,6.38
-3.7,-6.91,6.23
-3.7,-6.91,6.23
-3.7,-6.91,6.23
-3.79,-5.1,5.11
-3.79,-5.1,5.11
-4.76,-6.01,5.72
-5.47,-6.39,5.51
-5.47,-6.39,5.51
-5.68,-5.86,5.47
-5.68,-5.86,5.47
-5.68,-5.86,5.47
-5.63,-7.3,6.22
-5.63,-7.3,6.22
-5.63,-7.3,6.22
-4.23,-6.39,6.22
-4.23,-6.39,6.22
-3.35,-5.45,6.06
-3.97,-5.55,5.87
-5.19,-5.89,5.71
-5.19,-5.89,5.71
-4.75,-5.42,5.7
-4.75,-5.42,5.7
-4.75,-5.42,5.7
-5.33,-6.02,6.26
-5.33,-6.02,6.26
-5.33,-6.02,6.26
-5.2,-6.07,6.25
-5.2,-6.07,6.25
-5.25,-5.71,5.73
-5.02,-5.44,5.89
-5.02,-5.44,5.89
-5.02,-5.44,5.89
-4.95,-6.04,5.96
-4.95,-6.04,5.96
-4.95,-6.04,5.96
-4.52,-5.19,5.65
-4.52,-5.19,5.65
-4.52,-5.19,5.65
-4.84,-5.78,6.41
-4.84,-5.78,6.41
-4.84,-5.78,6.41
-4.36,-6.3,6.53
-4.36,-6.3,6.53
-4.26,-5.53,6.02
-4.88,-6.18,6.05
-4.88,-6.18,6.05
-4.88,-6.18,6.05
-4.47,-6.53,6.23
-4.47,-6.53,6.23
-4.59,-5.68,6.3
-4.59,-5.68,6.3
-4.59,-5.68,6.3
-5.03,-5.69,6.2
-5.03,-5.69,6.2
-4.58,-5.58,6.57
-4.68,-5.07,6.2
-4.68,-5.07,6.2
-4.68,-5.07,6.2
-5.14,-5.0,6.26
-5.14,-5.0,6.26
-5.14,-5.0,6.26
-4.81,-5.67,6.31
-4.81,-5.67,6.31
-4.81,-5.67,6.31
-4.71,-5.77,6.22
-4.71,-5.77,6.22
-4.92,-5.58,6.26
-4.99,-5.24,6.31
-4.99,-5.24,6.31
-4.99,-5.24,6.31
-5.0,-5.46,6.43
-5.0,-5.46,6.43
-5.0,-5.46,6.43
-4.95,-5.11,6.39
-4.95,-5.11,6.39
-4.95,-5.11,6.39
-4.94,-5.34,6.41
-4.94,-5.34,6.41
-4.89,-5.27,6.34
-5.11,-5.47,6.28
-5.11,-5.47,6.28
-5.11,-5.47,6.28
-5.2,-5.66,6.39
-5.2,-5.66,6.39
-5.2,-5.66,6.39
-5.42,-5.53,6.05
-5.42,-5.53,6.05
-5.42,-5.53,6.05
-5.07,-5.7,6.45
-5.07,-5.7,6.45
-5.07,-5.7,6.45
-5.32,-5.39,6.39
-5.32,-5.39,6.39
-5.32,-5.39,6.39
-4.81,-5.49,6.52
-4.81,-5.49,6.52
-4.81,-5.49,6.52
-3.82,-6.3,7.25
-3.82,-6.3,7.25
-3.51,-6.39,7.33
-3.46,-6.46,7.35
-3.46,-6.46,7.35
-3.46,-6.46,7.35
-3.27,-5.7,6.64
-3.27,-5.7,6.64
-3.27,-5.7,6.64
-2.67,-4.73,6.99
-2.67,-4.73,6.99
-2.67,-4.73,6.99
-3.4,-6.45,7.35
-3.4,-6.45,7.35
-3.4,-6.45,7.35
-3.62,-6.0,7.35
-3.62,-6.0,7.35
-3.62,-6.0,7.35
-4.31,-4.34,6.78
-4.31,-4.34,6.78
-4.31,-4.34,6.78
-4.01,-5.87,7.1
-4.01,-5.87,7.1
-4.01,-5.87,7.1
-4.24,-5.88,6.58
-4.24,-5.88,6.58
-4.28,-5.11,6.36
-3.94,-5.51,6.14
-3.94,-5.51,6.14
-3.94,-5.51,6.14
-3.93,-6.19,6.43
-3.93,-6.19,6.43
-3.93,-6.19,6.43
-3.3,-6.38,6.56
-3.3,-6.38,6.56
-3.3,-6.38,6.56
-3.13,-6.23,6.66
-3.34,-6.07,6.53
-3.34,-6.07,6.53
-3.77,-5.81,6.27
-3.77,-5.81,6.27
-3.77,-5.81,6.27
-3.62,-6.38,6.14
-3.62,-6.38,6.14
-3.62,-6.38,6.14
-3.45,-6.26,5.49
-3.45,-6.26,5.49
-3.45,-6.26,5.49
-3.46,-5.69,5.3
-3.27,-6.47,5.71
-3.27,-6.47,5.71
-3.45,-7.07,5.83
-3.45,-7.07,5.83
-3.45,-7.07,5.83
-3.54,-6.2,5.76
-3.54,-6.2,5.76
-3.54,-6.2,5.76
-3.6,-6.8,5.97
-3.6,-6.8,5.97
-3.6,-6.8,5.97
-4.0,-6.56,6.47
-4.01,-6.64,6.32
-4.01,-6.64,6.32
-4.08,-6.57,5.78
-4.08,-6.57,5.78
-4.08,-6.57,5.78
-4.08,-6.87,5.41
-4.08,-6.87,5.41
-4.08,-6.87,5.41
-4.58,-6.34,4.92
-4.58,-6.34,4.92
-4.58,-6.34,4.92
-4.56,-6.53,5.32
-4.5,-5.88,5.26
-4.5,-5.88,5.26
-4.4,-5.84,5.12
-4.4,-5.84,5.12
-4.4,-5.84,5.12
-4.88,-6.71,5.14
-4.88,-6.71,5.14
-4.88,-6.71,5.14
-5.7,-6.52,5.79
-5.7,-6.52,5.79
-5.7,-6.52,5.79
-5.94,-4.66,4.68
-5.94,-4.66,4.68
-5.94,-4.66,4.68
-4.5,-5.38,4.42
-4.5,-5.38,4.42
-4.5,-5.38,4.42
-4.35,-6.34,4.94
-4.35,-6.34,4.94
-4.35,-6.34,4.94
-3.4,-7.2,5.23
-3.4,-7.2,5.23
-3.4,-7.2,5.23
-3.21,-6.28,5.95
-3.21,-6.28,5.95
-3.21,-6.28,5.95
-3.75,-6.51,6.95
-3.75,-6.51,6.95
-3.75,-6.51,6.95
-3.86,-7.0,6.72
-3.86,-7.0,6.72
-3.86,-7.0,6.72
-4.57,-6.04,6.84
-4.57,-6.04,6.84
-4.57,-6.04,6.84
-4.47,-6.42,6.9
-4.47,-6.42,6.9
-4.59,-6.45,6.8
-4.05,-6.31,6.75
-4.05,-6.31,6.75
-4.05,-6.31,6.75
-4.25,-5.66,6.65
-4.25,-5.66,6.65
-4.25,-5.66,6.65
-4.6,-5.9,6.51
-4.6,-5.9,6.51
-4.6,-5.9,6.51
-3.83,-6.09,6.52
-3.83,-6.09,6.52
-4.2,-5.59,6.25
-4.2,-5.59,6.25
-4.2,-5.59,6.25
-4.9,-5.24,5.85
-4.9,-5.24,5.85
-4.9,-5.24,5.85
-4.4,-5.89,6.68
-4.4,-5.89,6.68
-4.4,-5.89,6.68
-3.92,-6.42,6.97
-3.92,-6.42,6.97
-3.8,-6.39,6.95
-2.8,-6.31,6.56
-2.8,-6.31,6.56
-2.8,-6.31,6.56
-2.31,-6.26,6.56
-2.31,-6.26,6.56
-2.31,-6.26,6.56
-1.85,-6.36,6.8
-1.85,-6.36,6.8
-1.85,-6.36,6.8
-2.34,-6.19,6.83
-2.34,-6.19,6.83
-2.28,-6.63,7.08
-3.34,-5.78,6.48
-3.34,-5.78,6.48
-3.34,-5.78,6.48
-3.75,-5.98,6.53
-3.75,-5.98,6.53
-3.75,-5.98,6.53
-4.26,-5.53,5.92
-4.26,-5.53,5.92
-4.26,-5.53,5.92
-4.14,-5.53,6.34
-4.14,-5.85,6.76
-4.14,-5.85,6.76
-4.61,-5.79,7.14
-4.61,-5.79,7.14
-4.61,-5.79,7.14
-4.16,-5.55,7.35
-4.16,-5.55,7.35
-4.16,-5.55,7.35
-3.63,-5.59,7.16
-3.63,-5.59,7.16
-3.63,-5.59,7.16
-3.75,-6.12,7.03
-3.75,-6.12,7.03
-3.82,-5.67,6.91
-3.42,-5.68,7.06
-3.42,-5.68,7.06
-3.42,-5.68,7.06
-3.22,-5.73,7.14
-3.22,-5.73,7.14
-3.22,-5.73,7.14
-3.29,-5.59,7.22
-3.29,-5.59,7.22
-3.29,-5.59,7.22
-3.66,-4.87,7.53
-3.66,-4.87,7.53
-4.12,-4.87,7.44
-4.0,-4.92,7.19
-4.0,-4.92,7.19
-4.0,-4.92,7.19
-3.66,-5.25,7.48
-3.66,-5.25,7.48
-3.66,-5.25,7.48
-3.14,-5.37,8.02
-3.14,-5.37,8.02
-3.14,-5.37,8.02
-1.71,-6.08,7.7
-1.71,-6.08,7.7
-1.71,-6.08,7.7
-2.29,-5.43,7.19
-2.29,-5.43,7.19
-2.29,-5.43,7.19
-2.57,-5.69,7.75
-2.57,-5.69,7.75
-2.57,-5.69,7.75
-3.45,-5.89,7.66
-3.45,-5.89,7.66
-3.45,-5.89,7.66
-3.59,-5.16,7.42
-3.59,-5.16,7.42
-3.59,-5.16,7.42
-3.73,-6.02,7.61
-3.73,-6.02,7.61
-3.73,-6.02,7.61
-3.07,-5.73,7.31
-3.07,-5.73,7.31
-3.07,-5.73,7.31
-3.11,-5.21,6.8
-3.11,-5.21,6.8
-3.24,-5.95,7.28
-3.25,-6.21,7.46
-3.39,-5.65,7.25
-3.39,-5.65,7.25
-4.2,-5.28,7.02
-4.2,-5.28,7.02
-4.2,-5.28,7.02
-4.17,-5.97,7.16
-4.17,-5.97,7.16
-4.17,-5.97,7.16
-3.75,-5.78,7.07
-3.75,-5.78,7.07
-3.75,-5.78,7.07
-3.73,-5.74,7.0
-3.34,-5.71,6.98
-3.34,-5.71,6.98
-2.54,-5.83,6.8
-2.54,-5.83,6.8
-2.54,-5.83,6.8
-2.32,-5.76,6.95
-2.32,-5.76,6.95
-2.32,-5.76,6.95
-2.45,-5.66,6.78
-2.45,-5.66,6.78
-2.45,-5.66,6.78
-2.65,-6.21,7.22
-2.62,-6.56,7.16
-2.62,-6.56,7.16
-2.91,-6.31,6.93
-2.91,-6.31,6.93
-2.91,-6.31,6.93
-3.51,-6.09,7.16
-3.51,-6.09,7.16
-3.51,-6.09,7.16
-3.52,-6.24,7.22
-3.52,-6.24,7.22
-3.59,-6.29,7.12
-3.64,-5.82,6.97
-3.64,-5.82,6.97
-3.64,-5.82,6.97
-3.52,-6.08,7.0
-3.52,-6.08,7.0
-3.52,-6.08,7.0
-3.51,-5.98,6.93
-3.51,-5.98,6.93
-3.51,-5.98,6.93
-3.06,-5.73,7.29
-3.06,-5.73,7.29
-3.13,-5.82,7.66
-2.78,-6.75,8.47
-2.78,-6.75,8.47
-2.78,-6.75,8.47
-2.34,-5.59,7.96
-2.34,-5.59,7.96
-2.34,-5.59,7.96
-2.31,-5.64,7.6
-2.31,-5.64,7.6
-2.31,-5.64,7.6
-2.97,-5.38,7.17
-3.52,-5.7,7.4
-3.52,-5.7,7.4
-4.3,-6.24,7.57
-4.3,-6.24,7.57
-4.3,-6.24,7.57
-3.97,-5.31,7.12
-3.97,-5.31,7.12
-3.97,-5.31,7.12
-3.22,-5.43,6.85
-3.22,-5.43,6.85
-3.22,-5.43,6.85
-2.92,-6.23,6.83
-3.19,-6.07,6.33
-3.19,-6.07,6.33
-3.44,-4.79,5.21
-3.44,-4.79,5.21
-3.44,-4.79,5.21
-3.31,-5.71,5.53
-3.31,-5.71,5.53
-3.31,-5.71,5.53
-3.01,-5.92,5.88
-3.01,-5.92,5.88
-3.01,-5.92,5.88
-3.61,-5.29,5.51
-3.61,-5.29,5.51
-3.97,-5.77,6.08
-4.54,-6.64,7.59
-4.54,-6.64,7.59
-4.54,-6.64,7.59
-4.61,-5.75,7.58
-4.61,-5.75,7.58
-4.61,-5.75,7.58
-3.47,-5.65,6.92
-3.47,-5.65,6.92
-3.47,-5.65,6.92
-2.85,-5.97,6.68
-2.85,-5.97,6.68
-2.85,-5.97,6.68
-2.94,-5.58,6.87
-2.94,-5.58,6.87
-2.94,-5.58,6.87
-3.55,-6.18,7.3
-3.55,-6.18,7.3
-3.55,-6.18,7.3
-3.55,-5.49,7.36
-3.55,-5.49,7.36
-3.55,-5.49,7.36
-3.36,-5.3,7.36
-3.36,-5.3,7.36
-3.4,-5.48,7.25
-2.89,-5.23,7.08
-2.89,-5.23,7.08
-2.89,-5.23,7.08
-3.23,-6.1,7.54
-3.23,-6.1,7.54
-3.23,-6.1,7.54
-3.35,-5.55,7.48
-3.35,-5.55,7.48
-3.35,-5.55,7.48
-2.78,-5.09,7.68
-2.78,-5.09,7.68
-2.83,-5.08,7.89
-3.06,-5.32,7.9
-3.06,-5.32,7.9
-3.06,-5.32,7.9
-3.26,-5.68,7.56
-3.26,-5.68,7.56
-3.26,-5.68,7.56
-3.03,-6.12,7.81
-3.03,-6.12,7.81
-3.03,-6.12,7.81
-2.9,-5.41,7.23
-2.9,-5.41,7.23
-2.9,-5.41,7.23
-3.12,-5.83,7.34
-3.12,-5.83,7.34
-3.12,-5.83,7.34
-3.27,-5.97,7.36
-3.27,-5.97,7.36
-3.27,-5.97,7.36
-3.32,-6.06,7.44
-3.32,-6.06,7.44
-3.32,-6.06,7.44
-3.2,-5.77,7.4
-3.2,-5.77,7.4
-3.2,-5.77,7.4
-3.08,-6.22,7.87
-3.08,-6.22,7.87
-3.08,-6.22,7.87
-2.95,-5.91,7.7
-2.95,-5.91,7.7
-2.95,-5.91,7.7
-3.04,-5.68,7.35
-3.04,-5.68,7.35
-3.04,-5.68,7.35
-2.92,-5.84,7.22
-2.92,-5.84,7.22
-3.02,-5.8,7.12
-3.17,-5.54,6.76
-3.17,-5.54,6.76
-3.17,-5.54,6.76
-2.8,-5.09,6.46
-2.8,-5.09,6.46
-3.19,-6.41,7.39
-3.19,-6.41,7.39
-3.19,-6.41,7.39
-3.26,-5.32,7.21
-3.26,-5.32,7.21
-3.23,-4.66,6.9
-3.24,-5.1,7.2
-3.24,-5.1,7.2
-3.24,-5.1,7.2
-3.37,-5.58,7.57
-3.37,-5.58,7.57
-3.17,-5.6,7.61
-3.17,-5.6,7.61
-3.17,-5.6,7.61
-3.09,-5.97,7.52
-3.09,-5.97,7.52
-3.09,-6.07,7.28
-3.12,-6.43,7.44
-3.12,-6.43,7.44
-3.12,-6.43,7.44
-3.06,-6.44,7.61
-3.06,-6.44,7.61
-3.06,-6.44,7.61
-2.78,-5.53,7.35
-2.78,-5.53,7.35
-2.78,-5.53,7.35
-3.04,-5.74,7.37
-3.04,-5.74,7.37
-3.04,-5.74,7.37
-3.19,-5.93,7.38
-3.19,-5.93,7.38
-3.19,-5.93,7.38
-3.46,-6.0,7.41
-3.46,-6.0,7.41
-3.46,-6.0,7.41
-3.23,-5.6,7.44
-3.23,-5.6,7.44
-3.23,-5.6,7.44
-2.99,-5.1,6.94
-2.99,-5.1,6.94
-3.09,-5.32,6.9
-3.4,-5.66,7.47
-3.4,-5.66,7.47
-3.4,-5.66,7.47
-3.8,-5.77,7.8
-3.8,-5.77,7.8
-3.8,-5.77,7.8
-3.61,-5.87,7.22
-3.61,-5.87,7.22
-3.51,-5.71,7.11
-3.37,-5.48,7.0
-3.39,-5.21,7.11
-3.39,-5.21,7.11
-3.37,-5.71,7.75
-3.37,-5.71,7.75
-3.37,-5.71,7.75
-3.23,-5.9,7.32
-3.23,-5.9,7.32
-3.23,-5.9,7.32
-3.41,-6.16,7.08
-3.41,-6.16,7.08
-3.51,-6.31,7.05
-3.37,-6.13,7.02
-3.37,-6.14,7.01
-3.37,-6.14,7.01
-3.48,-6.14,7.01
-3.48,-6.14,7.01
-3.48,-6.14,7.01
-2.75,-6.18,7.19
-2.75,-6.18,7.19
-2.75,-6.18,7.19
-2.73,-6.04,7.69
-2.73,-6.04,7.69
-2.54,-6.15,7.78
-2.56,-6.55,7.26
-2.56,-6.55,7.26
-2.56,-6.55,7.26
-2.49,-6.34,7.32
-2.49,-6.34,7.32
-2.49,-6.34,7.32
-2.91,-6.29,7.51
-2.91,-6.29,7.51
-2.91,-6.29,7.51
-3.06,-6.51,7.19
-3.06,-6.51,7.19
-3.22,-6.48,7.08
-2.56,-6.65,7.0
-2.56,-6.65,7.0
-2.56,-6.65,7.0
-1.82,-7.26,6.66
-1.82,-7.26,6.66
-1.82,-7.26,6.66
-1.48,-6.46,7.0
-1.48,-6.46,7.0
-1.48,-6.46,7.0
-1.59,-7.08,7.13
-1.59,-7.08,7.13
-1.59,-7.08,7.13
-1.44,-7.43,6.5
-1.44,-7.43,6.5
-1.44,-7.43,6.5
-1.59,-8.29,6.44
-1.59,-8.29,6.44
-1.59,-8.29,6.44
-1.46,-8.01,6.35
-1.46,-8.01,6.35
-1.46,-8.01,6.35
-1.61,-8.17,6.03
-1.61,-8.17,6.03
-1.61,-8.17,6.03
-1.67,-8.19,6.28
-1.67,-8.19,6.28
-1.67,-8.19,6.28
-2.15,-7.17,6.36
-2.15,-7.17,6.36
-2.15,-7.17,6.36
-1.3,-8.33,6.14
-1.3,-8.33,6.14
-1.3,-8.33,6.14
-1.22,-8.93,5.69
-1.22,-8.93,5.69
-1.22,-8.93,5.69
-1.59,-8.55,5.52
-2.0,-8.77,5.22
-1.93,-8.31,4.76
-1.93,-8.31,4.76
-1.93,-8.31,4.76
-1.63,-9.31,4.37
-1.63,-9.31,4.37
-1.63,-9.31,4.37
-1.5,-9.78,3.94
-1.5,-9.78,3.94
-1.5,-9.78,3.94
-1.43,-9.29,3.06
-1.43,-9.29,3.06
-1.43,-9.29,3.06
-1.33,-10.13,2.79
-1.33,-10.13,2.79
-1.33,-10.13,2.79
-0.62,-10.42,2.57
-0.62,-10.42,2.57
-0.62,-10.42,2.57
-1.32,-8.74,2.19
-1.32,-8.74,2.19
-1.32,-8.74,2.19
-0.3,-8.73,1.7
-0.3,-8.73,1.7
-0.23,-9.17,1.39
-0.1,-9.1,1.35
-0.1,-9.1,1.35
-0.1,-9.1,1.35
-0.11,-8.75,0.47
-0.11,-8.75,0.47
-0.11,-8.75,0.47
-0.31,-9.39,0.38
-0.31,-9.39,0.38
-0.17,-9.56,0.01
-0.0,-9.49,-0.41
-0.0,-9.49,-0.41
-0.0,-9.49,-0.41
0.48,-9.43,-0.54
0.48,-9.43,-0.54
0.48,-9.43,-0.54
-0.76,-10.42,0.07
-0.76,-10.42,0.07
-0.76,-10.42,0.07
1.83,-8.38,-2.29
1.83,-8.38,-2.29
1.69,-8.34,-2.73
1.69,-8.34,-2.73
1.69,-8.34,-2.73
1.43,-8.53,-2.82
1.43,-8.53,-2.82
1.43,-8.53,-2.82
1.99,-8.44,-3.45
1.99,-8.44,-3.45
1.99,-8.44,-3.45
2.07,-8.66,-3.16
2.07,-8.66,-3.16
2.35,-8.69,-3.14
2.42,-7.89,-3.79
2.42,-7.89,-3.79
2.42,-7.89,-3.79
2.73,-8.68,-4.04
2.73,-8.68,-4.04
2.73,-8.68,-4.04
2.6,-8.28,-4.1
2.6,-8.28,-4.1
2.6,-8.28,-4.1
2.33,-7.59,-4.61
2.33,-7.59,-4.61
2.33,-7.59,-4.61
2.09,-6.56,-5.06
2.09,-6.56,-5.06
2.09,-6.56,-5.06
2.29,-6.56,-5.08
2.29,-6.56,-5.08
2.29,-6.56,-5.08
2.76,-6.8,-5.21
2.76,-6.8,-5.21
2.76,-6.8,-5.21
3.0,-6.59,-5.4
3.0,-6.59,-5.4
3.09,-6.84,-5.11
3.04,-6.52,-5.12
2.95,-6.51,-5.33
2.95,-6.51,-5.33
3.17,-7.02,-5.51
3.17,-7.02,-5.51
3.17,-7.02,-5.51
3.23,-6.56,-5.97
3.23,-6.56,-5.97
3.23,-6.56,-5.97
3.35,-6.96,-5.4
2.65,-5.95,-5.66
2.65,-5.95,-5.66
2.27,-6.16,-6.0
3.32,-6.91,-5.55
3.32,-6.91,-5.55
3.02,-5.19,-6.03
3.02,-5.19,-6.03
3.02,-5.19,-6.03
3.08,-5.37,-6.0
3.08,-5.37,-6.0
3.08,-5.37,-6.0
3.3,-5.91,-6.3
3.3,-5.91,-6.3
3.06,-5.87,-6.32
3.23,-6.42,-6.48
3.23,-6.42,-6.48
3.23,-6.42,-6.48
3.36,-5.9,-6.2
3.36,-5.9,-6.2
3.36,-5.9,-6.2
3.35,-6.03,-6.16
3.35,-6.03,-6.16
3.13,-5.79,-6.24
2.66,-5.92,-6.32
2.66,-5.92,-6.32
2.51,-6.3,-6.88
2.45,-6.14,-7.24
2.45,-6.14,-7.24
2.45,-6.14,-7.24
3.82,-6.82,-6.23
3.82,-6.82,-6.23
3.82,-6.82,-6.23
3.59,-6.8,-6.55
3.59,-6.8,-6.55
3.59,-6.8,-6.55
3.73,-6.24,-6.08
3.73,-6.24,-6.08
3.73,-6.24,-6.08
2.77,-6.0,-6.93
2.77,-6.0,-6.93
2.77,-6.0,-6.93
2.64,-6.85,-6.57
2.64,-6.85,-6.57
2.64,-6.85,-6.57
2.64,-6.68,-6.38
2.64,-6.68,-6.38
2.69,-6.56,-6.53
2.91,-5.81,-6.63
2.92,-5.54,-6.49
2.92,-5.54,-6.49
2.86,-6.57,-6.76
2.86,-6.57,-6.76
2.86,-6.57,-6.76
2.83,-6.25,-6.37
2.83,-6.25,-6.37
2.83,-6.25,-6.37
2.83,-6.69,-6.26
2.83,-6.69,-6.26
2.83,-6.69,-6.26
2.86,-6.18,-6.57
2.86,-6.18,-6.57
2.94,-6.8,-6.72
2.27,-6.25,-7.08
2.27,-6.25,-7.08
2.27,-6.25,-7.08
2.19,-6.42,-6.47
2.19,-6.42,-6.47
2.19,-6.42,-6.47
2.5,-6.19,-6.39
2.5,-6.19,-6.39
2.5,-6.19,-6.39
2.5,-5.75,-6.71
2.5,-5.75,-6.71
2.44,-6.01,-6.74
2.54,-6.22,-6.52
2.54,-6.22,-6.52
2.54,-6.22,-6.52
2.61,-6.27,-6.79
2.61,-6.27,-6.79
2.61,-6.27,-6.79
2.58,-7.18,-6.43
2.58,-7.18,-6.43
2.58,-7.18,-6.43
2.25,-5.94,-7.0
2.36,-5.77,-6.76
2.36,-5.77,-6.76
2.59,-6.55,-6.29
2.59,-6.55,-6.29
2.59,-6.55,-6.29
2.2,-6.23,-6.92
2.2,-6.23,-6.92
2.2,-6.23,-6.92
2.01,-6.73,-6.77
2.01,-6.73,-6.77
2.01,-6.73,-6.77
2.06,-6.13,-6.74
2.06,-6.13,-6.74
2.06,-6.13,-6.74
2.06,-6.81,-6.6
2.06,-6.81,-6.6
2.06,-6.81,-6.6
2.27,-6.16,-6.6
2.27,-6.16,-6.6
2.27,-6.16,-6.6
2.15,-6.57,-6.56
2.15,-6.57,-6.56
2.05,-6.74,-6.59
2.0,-6.37,-6.76
2.0,-6.37,-6.76
1.97,-6.45,-6.62
2.05,-6.66,-6.34
2.05,-6.66,-6.34
2.05,-6.66,-6.34
2.03,-6.29,-6.49
2.03,-6.29,-6.49
2.03,-6.29,-6.49
2.0,-6.22,-6.6
2.0,-6.22,-6.6
2.0,-6.22,-6.6
1.81,-6.37,-6.68
1.81,-6.37,-6.68
1.81,-6.37,-6.68
1.77,-6.25,-6.77
1.77,-6.25,-6.77
2.03,-6.66,-6.46
2.03,-6.66,-6.46
2.34,-6.62,-6.7
2.34,-6.62,-6.7
2.34,-6.62,-6.7
2.03,-7.01,-6.57
2.03,-7.01,-6.57
2.1,-7.02,-6.27
1.85,-7.12,-6.33
1.85,-7.12,-6.33
1.85,-7.12,-6.33
1.85,-6.7,-6.3
1.85,-6.7,-6.3
1.85,-6.7,-6.3
2.01,-6.55,-6.5
2.01,-6.55,-6.5
2.01,-6.55,-6.5
1.92,-6.68,-6.26
1.92,-6.68,-6.26
2.04,-6.76,-6.27
2.08,-6.8,-6.26
2.08,-6.8,-6.26
2.08,-6.8,-6.26
1.62,-6.66,-6.63
1.62,-6.66,-6.63
1.62,-6.66,-6.63
1.6,-6.76,-6.52
1.6,-6.76,-6.52
1.6,-6.76,-6.52
1.54,-6.72,-6.57
1.54,-6.72,-6.57
1.5,-6.74,-6.42
1.75,-6.67,-6.15
1.75,-6.67,-6.15
1.75,-6.67,-6.15
1.78,-6.86,-6.47
1.78,-6.86,-6.47
1.78,-6.86,-6.47
1.64,-6.32,-6.41
1.64,-6.32,-6.41
1.64,-6.32,-6.41
1.58,-6.69,-6.31
1.58,-6.69,-6.31
1.58,-6.69,-6.31
1.67,-6.56,-6.49
1.67,-6.56,-6.49
1.67,-6.56,-6.49
2.0,-7.01,-6.34
2.0,-7.01,-6.34
2.0,-7.01,-6.34
1.72,-6.95,-6.18
1.72,-6.95,-6.18
1.72,-6.95,-6.18
1.67,-6.89,-6.33
1.67,-6.89,-6.33
1.84,-6.54,-6.25
1.59,-6.68,-6.29
1.59,-6.68,-6.29
1.59,-6.68,-6.29
1.75,-6.6,-6.23
1.75,-6.6,-6.23
1.75,-6.6,-6.23
1.56,-6.75,-6.35
1.56,-6.75,-6.35
1.56,-6.75,-6.35
1.54,-7.29,-6.22
1.4,-7.0,-6.41
1.4,-7.0,-6.41
1.75,-6.63,-6.52
1.75,-6.63,-6.52
1.75,-6.63,-6.52
1.99,-6.3,-6.47
1.99,-6.3,-6.47
1.99,-6.3,-6.47
1.9,-6.81,-6.53
1.9,-6.81,-6.53
1.9,-6.81,-6.53
1.97,-6.3,-6.12
1.99,-6.61,-6.1
1.99,-6.61,-6.1
1.51,-6.34,-6.36
1.51,-6.34,-6.36
1.51,-6.34,-6.36
1.44,-6.71,-6.28
1.44,-6.71,-6.28
1.44,-6.71,-6.28
1.56,-6.97,-6.12
1.56,-6.97,-6.12
1.56,-6.97,-6.12
1.65,-6.65,-6.11
1.65,-6.65,-6.11
1.65,-6.65,-6.11
2.15,-7.18,-6.48
2.15,-7.18,-6.48
2.15,-7.18,-6.48
1.4,-6.5,-6.18
1.4,-6.5,-6.18
1.4,-6.5,-6.18
1.43,-7.66,-6.09
1.43,-7.66,-6.09
1.82,-7.91,-5.84
1.39,-6.65,-6.15
1.39,-6.65,-6.15
1.39,-6.65,-6.15
1.2,-7.19,-5.55
1.2,-7.19,-5.55
1.2,-7.19,-5.55
1.7,-7.3,-6.43
1.7,-7.3,-6.43
1.7,-7.3,-6.43
1.56,-7.12,-5.63
1.56,-7.12,-5.63
1.29,-6.53,-5.32
1.76,-7.46,-5.41
1.76,-7.46,-5.41
1.76,-7.46,-5.41
2.31,-6.57,-5.99
2.31,-6.57,-5.99
2.31,-6.57,-5.99
1.94,-6.93,-5.25
1.94,-6.93,-5.25
1.94,-6.93,-5.25
0.81,-6.78,-6.09
0.81,-6.78,-6.09
0.81,-6.78,-6.09
0.42,-6.95,-5.92
0.9,-7.58,-5.6
0.9,-7.58,-5.6
1.78,-8.07,-5.55
1.78,-8.07,-5.55
1.78,-8.07,-5.55
1.99,-8.51,-5.1
1.99,-8.51,-5.1
1.99,-8.51,-5.1
2.27,-7.67,-5.18
2.27,-7.67,-5.18
2.2,-7.11,-5.1
0.67,-8.0,-5.44
0.67,-8.0,-5.44
0.67,-8.0,-5.44
1.28,-8.76,-5.37
1.28,-8.76,-5.37
1.28,-8.76,-5.37
2.44,-7.72,-4.52
2.44,-7.72,-4.52
2.44,-7.72,-4.52
2.85,-8.07,-4.61
2.85,-8.07,-4.61
2.85,-8.07,-4.61
2.33,-6.99,-5.88
2.33,-6.99,-5.88
2.33,-6.99,-5.88
3.43,-9.71,-5.36
3.43,-9.71,-5.36
3.43,-9.71,-5.36
1.37,-7.43,-5.63
1.37,-7.43,-5.63
1.37,-7.43,-5.63
1.28,-7.92,-5.03
1.28,-7.92,-5.03
1.31,-8.16,-5.32
1.31,-8.16,-5.32
1.31,-8.16,-5.32
1.79,-7.78,-4.94
1.79,-7.78,-4.94
1.79,-7.78,-4.94
1.98,-7.03,-5.3
1.98,-7.03,-5.3
1.72,-8.0,-5.35
1.72,-8.0,-5.35
1.72,-8.0,-5.35
0.6,-7.48,-5.94
0.6,-7.48,-5.94
0.6,-7.48,-5.94
-0.07,-8.54,-5.18
-0.07,-8.54,-5.18
-0.07,-8.54,-5.18
1.5,-7.14,-5.21
1.5,-7.14,-5.21
1.5,-7.14,-5.21
0.39,-8.23,-6.37
0.39,-8.23,-6.37
0.47,-8.45,-5.91
1.59,-7.73,-5.73
1.59,-7.73,-5.73
1.59,-7.73,-5.73
1.57,-8.1,-5.26
1.57,-8.1,-5.26
1.57,-8.1,-5.26
1.47,-7.11,-6.26
1.47,-7.11,-6.26
1.47,-7.11,-6.26
0.88,-7.86,-6.33
0.54,-6.4,-6.35
0.54,-6.4,-6.35
0.54,-6.4,-6.35
0.76,-4.69,-5.87
0.76,-4.69,-5.87
0.76,-4.69,-5.87
4.34,-7.09,-6.39
4.34,-7.09,-6.39
4.34,-7.09,-6.39
2.62,-6.22,-6.4
2.62,-6.22,-6.4
2.62,-6.22,-6.4
0.74,-3.79,-7.3
0.74,-3.79,-7.3
0.74,-3.79,-7.3
-0.69,-6.5,-6.8
-0.69,-6.5,-6.8
-0.69,-6.5,-6.8
1.82,-6.3,-7.72
1.82,-6.3,-7.72
1.82,-6.3,-7.72
3.75,-6.48,-8.15
3.75,-6.48,-8.15
2.63,-6.51,-8.05
0.01,-5.66,-6.8
0.01,-5.66,-6.8
0.01,-5.66,-6.8
2.43,-4.75,-6.02
2.43,-4.75,-6.02
2.43,-4.75,-6.02
-0.22,-5.21,-7.83
-0.22,-5.21,-7.83
-0.22,-5.21,-7.83
2.08,-8.05,-7.58
2.08,-8.05,-7.58
-0.05,-7.05,-7.78
0.32,-5.51,-6.89
0.32,-5.51,-6.89
0.32,-5.51,-6.89
2.03,-3.55,-7.48
2.03,-3.55,-7.48
2.03,-3.55,-7.48
1.26,-5.87,-6.81
1.26,-5.87,-6.81
1.26,-5.87,-6.81
0.54,-6.26,-7.92
0.54,-6.26,-7.92
-0.44,-8.2,-7.84
1.0,-5.36,-7.38
1.0,-5.36,-7.38
1.0,-5.36,-7.38
0.48,-6.61,-7.37
0.48,-6.61,-7.37
0.48,-6.61,-7.37
1.43,-4.3,-7.2
1.43,-4.3,-7.2
1.43,-4.3,-7.2
0.11,-6.44,-7.93
0.11,-6.44,-7.93
1.8,-5.74,-7.2
1.8,-5.74,-7.2
1.8,-5.74,-7.2
-2.16,-4.72,-7.49
-2.16,-4.72,-7.49
-2.16,-4.72,-7.49
2.2,-5.22,-6.79
2.2,-5.22,-6.79
2.2,-5.22,-6.79
-1.02,-5.39,-7.79
-1.02,-5.39,-7.79
1.31,-5.65,-6.89
-0.47,-4.09,-7.5
-0.47,-4.09,-7.5
-0.47,-4.09,-7.5
0.97,-6.01,-7.22
0.97,-6.01,-7.22
0.97,-6.01,-7.22
1.25,-5.86,-7.81
1.25,-5.86,-7.81
0.88,-5.82,-7.51
0.53,-5.21,-7.19
0.53,-5.21,-7.19
-0.92,-5.5,-7.14
0.87,-5.45,-7.01
0.87,-5.45,-7.01
0.87,-5.45,-7.01
0.43,-6.0,-7.64
0.43,-6.0,-7.64
0.43,-6.0,-7.64
0.63,-5.8,-7.24
0.63,-5.8,-7.24
0.63,-5.8,-7.24
0.62,-4.87,-7.29
-0.16,-5.41,-7.39
-0.16,-5.41,-7.39
0.55,-5.66,-7.33
0.55,-5.66,-7.33
0.55,-5.66,-7.33
0.46,-6.05,-7.86
0.46,-6.05,-7.86
0.46,-6.05,-7.86
0.93,-6.18,-7.57
0.93,-6.18,-7.57
0.72,-5.69,-7.17
0.72,-5.69,-7.17
0.72,-5.69,-7.17
0.48,-5.59,-7.49
0.48,-5.59,-7.49
0.48,-5.59,-7.49
0.57,-6.09,-7.18
0.57,-6.09,-7.18
0.57,-6.09,-7.18
0.24,-5.45,-7.62
0.24,-5.45,-7.62
0.87,-5.4,-7.29
0.16,-6.23,-7.54
0.16,-6.23,-7.54
-0.22,-6.07,-7.63
1.24,-5.38,-7.36
1.24,-5.38,-7.36
1.24,-5.38,-7.36
-0.01,-5.68,-7.29
-0.01,-5.68,-7.29
-0.01,-5.68,-7.29
0.45,-5.23,-7.39
0.45,-5.23,-7.39
0.27,-5.96,-7.49
0.08,-5.42,-7.52
0.08,-5.42,-7.52
0.08,-5.42,-7.52
0.73,-5.67,-7.37
0.73,-5.67,-7.37
0.73,-5.67,-7.37
0.07,-5.72,-7.45
0.07,-5.72,-7.45
0.07,-5.72,-7.45
0.5,-5.19,-7.52
0.5,-5.19,-7.52
0.5,-5.19,-7.52
0.18,-4.37,-7.57
0.18,-4.37,-7.57
0.06,-5.78,-7.45
0.06,-5.78,-7.45
0.06,-5.78,-7.45
0.45,-5.5,-7.66
0.45,-5.5,-7.66
0.45,-5.5,-7.66
-0.06,-5.67,-7.71
-0.06,-5.67,-7.71
-0.06,-5.67,-7.71
0.36,-5.27,-7.74
0.36,-5.27,-7.74
0.36,-5.27,-7.74
0.4,-5.34,-7.48
0.4,-5.34,-7.48
0.4,-5.34,-7.48
0.76,-5.37,-7.6
0.76,-5.37,-7.6
0.76,-5.37,-7.6
0.07,-5.97,-7.83
0.07,-5.97,-7.83
0.07,-5.97,-7.83
-0.38,-5.56,-7.67
-0.38,-5.56,-7.67
-0.38,-5.56,-7.67
1.16,-4.97,-7.24
1.16,-4.97,-7.24
1.16,-4.97,-7.24
-0.05,-5.92,-7.73
-0.05,-5.92,-7.73
-0.05,-5.92,-7.73
0.83,-5.41,-7.51
0.83,-5.41,-7.51
0.83,-5.41,-7.51
0.25,-5.46,-7.66
0.25,-5.46,-7.66
0.25,-5.46,-7.66
0.76,-5.46,-7.38
0.76,-5.46,-7.38
0.76,-5.46,-7.38
-0.38,-5.15,-7.6
-0.38,-5.15,-7.6
-0.38,-5.15,-7.6
1.05,-5.55,-7.53
1.05,-5.55,-7.53
-0.11,-5.84,-7.68
0.51,-5.52,-7.55
0.51,-5.52,-7.55
0.51,-5.52,-7.55
-0.38,-5.5,-7.59
-0.38,-5.5,-7.59
-0.38,-5.5,-7.59
0.75,-5.4,-7.5
0.75,-5.4,-7.5
0.75,-5.4,-7.5
0.51,-5.17,-7.62
0.51,-5.17,-7.62
0.51,-5.17,-7.62
0.33,-5.75,-7.65
0.33,-5.75,-7.65
0.33,-5.75,-7.65
0.23,-5.45,-7.53
0.23,-5.45,-7.53
0.23,-5.45,-7.53
0.49,-4.92,-7.72
0.49,-4.92,-7.72
0.49,-4.92,-7.72
0.45,-5.54,-7.39
0.45,-5.54,-7.39
0.45,-5.54,-7.39
-0.26,-5.45,-7.4
-0.26,-5.45,-7.4
-0.26,-5.45,-7.4
0.25,-5.51,-7.62
0.25,-5.51,-7.62
0.25,-5.51,-7.62
0.94,-4.9,-7.69
0.94,-4.9,-7.69
0.94,-4.9,-7.69
-0.12,-5.89,-7.71
-0.12,-5.89,-7.71
-0.12,-5.89,-7.71
-0.11,-5.61,-7.74
-0.11,-5.61,-7.74
-0.11,-5.61,-7.74
0.77,-5.07,-7.36
0.77,-5.07,-7.36
0.77,-5.07,-7.36
-0.08,-5.97,-7.78
-0.08,-5.97,-7.78
-0.08,-5.97,-7.78
0.64,-5.32,-7.54
0.64,-5.32,-7.54
0.9,-4.69,-7.48
0.2,-5.85,-7.68
0.2,-5.85,-7.68
0.2,-5.85,-7.68
0.31,-5.43,-7.58
0.31,-5.43,-7.58
0.31,-5.43,-7.58
0.23,-5.33,-7.66
0.23,-5.33,-7.66
0.23,-5.33,-7.66
0.44,-5.31,-7.58
0.44,-5.31,-7.58
-0.13,-5.36,-7.8
0.91,-5.29,-7.47
0.91,-5.29,-7.47
0.91,-5.29,-7.47
-0.12,-5.56,-7.64
-0.12,-5.56,-7.64
-0.12,-5.56,-7.64
0.77,-5.13,-7.42
0.77,-5.13,-7.42
0.77,-5.13,-7.42
0.63,-5.37,-7.8
0.87,-5.45,-7.74
0.03,-5.48,-7.65
0.03,-5.48,-7.65
0.03,-5.48,-7.65
0.73,-4.8,-7.45
0.73,-4.8,-7.45
0.73,-4.8,-7.45
0.04,-5.44,-7.82
0.04,-5.44,-7.82
0.04,-5.44,-7.82
0.52,-5.88,-7.69
0.52,-5.88,-7.69
0.19,-5.47,-7.66
0.25,-4.98,-7.58
0.25,-4.98,-7.58
0.25,-4.98,-7.58
0.65,-5.17,-7.51
0.65,-5.17,-7.51
0.65,-5.17,-7.51
-0.03,-5.45,-7.69
-0.03,-5.45,-7.69
-0.03,-5.45,-7.69
0.61,-5.47,-7.66
0.23,-5.63,-7.72
0.23,-5.63,-7.72
0.66,-5.14,-7.64
0.66,-5.14,-7.64
0.66,-5.14,-7.64
-0.08,-5.27,-7.59
-0.08,-5.27,-7.59
-0.08,-5.27,-7.59
0.48,-5.21,-7.62
0.48,-5.21,-7.62
0.48,-5.21,-7.62
0.07,-5.59,-7.53
0.38,-5.3,-7.74
0.38,-5.3,-7.74
0.42,-5.72,-7.8
0.42,-5.72,-7.8
0.42,-5.72,-7.8
0.81,-4.95,-7.68
0.81,-4.95,-7.68
0.81,-4.95,-7.68
-0.08,-5.26,-7.5
-0.08,-5.26,-7.5
-0.08,-5.26,-7.5
1.07,-5.2,-7.63
1.07,-5.2,-7.63
1.07,-5.2,-7.63
-0.18,-5.73,-7.98
-0.18,-5.73,-7.98
0.67,-5.28,-7.44
0.67,-5.28,-7.44
-0.01,-5.65,-7.8
0.33,-5.76,-7.6
0.33,-5.76,-7.6
0.37,-5.41,-7.56
0.37,-5.41,-7.56
0.37,-5.41,-7.56
0.17,-5.4,-7.52
0.17,-5.4,-7.52
0.17,-5.4,-7.52
0.58,-5.32,-7.7
0.58,-5.32,-7.7
0.58,-5.32,-7.7
0.18,-5.27,-7.62
0.18,-5.27,-7.62
0.18,-5.27,-7.62
-0.18,-5.36,-7.82
-0.18,-5.36,-7.82
-0.18,-5.36,-7.82
0.84,-5.38,-7.35
0.84,-5.38,-7.35
0.84,-5.38,-7.35
-0.02,-5.3,-7.85
-0.02,-5.3,-7.85
-0.02,-5.3,-7.85
0.68,-5.27,-7.45
0.68,-5.27,-7.45
0.68,-5.27,-7.45
0.1,-5.23,-7.79
0.1,-5.23,-7.79
0.77,-5.16,-7.59
-0.05,-5.6,-7.81
-0.05,-5.6,-7.81
-0.05,-5.6,-7.81
0.5,-5.06,-7.72
0.5,-5.06,-7.72
0.5,-5.06,-7.72
0.34,-5.5,-7.8
0.34,-5.5,-7.8
0.34,-5.5,-7.8
0.32,-5.64,-7.51
0.32,-5.64,-7.51
0.32,-5.64,-7.51
0.45,-4.96,-7.65
0.45,-4.96,-7.65
0.45,-4.96,-7.65
0.1,-5.9,-7.94
0.1,-5.9,-7.94
0.1,-5.9,-7.94
0.82,-4.98,-7.66
0.45,-4.85,-7.49
0.45,-4.85,-7.49
0.45,-4.85,-7.49
-0.18,-5.52,-7.77
-0.18,-5.52,-7.77
-0.18,-5.52,-7.77
0.49,-5.23,-7.58
0.49,-5.23,-7.58
0.49,-5.23,-7.58
0.39,-5.45,-7.66
0.39,-5.45,-7.66
0.53,-5.16,-7.32
-0.21,-5.24,-7.74
-0.21,-5.24,-7.74
-0.21,-5.24,-7.74
1.05,-5.28,-7.24
1.05,-5.28,-7.24
1.05,-5.28,-7.24
-0.29,-6.13,-8.08
-0.29,-6.13,-8.08
-0.29,-6.13,-8.08
1.09,-5.1,-7.27
1.09,-5.1,-7.27
1.09,-5.1,-7.27
-0.04,-5.3,-7.86
-0.04,-5.3,-7.86
0.27,-5.68,-7.71
0.39,-5.26,-7.59
0.39,-5.26,-7.59
0.39,-5.26,-7.59
0.72,-5.37,-7.7
0.72,-5.37,-7.7
0.72,-5.37,-7.7
0.36,-5.52,-7.81
0.36,-5.52,-7.81
0.36,-5.52,-7.81
0.57,-5.39,-7.29
0.57,-5.39,-7.29
0.57,-5.39,-7.29
-0.07,-5.54,-7.59
-0.07,-5.54,-7.59
-0.07,-5.54,-7.59
0.52,-5.07,-7.0
0.52,-5.07,-7.0
0.52,-5.07,-7.0
1.2,-5.21,-7.22
1.2,-5.21,-7.22
1.2,-5.21,-7.22
0.98,-1.08,0.25
-23.93,1.82,-8.25
