aX,aY,aZ
-21.44,-5.56,-12.17
-7.5,-4.67,-2.04
-7.5,-4.67,-2.04
-7.5,-4.67,-2.04
12.69,-4.08,-12.01
4.51,-7.95,-12.03
4.51,-7.95,-12.03
3.41,-9.77,-8.68
3.41,-9.77,-8.68
3.41,-9.77,-8.68
-0.71,-8.47,-7.66
-0.71,-8.47,-7.66
-0.71,-8.47,-7.66
-1.21,-7.21,-6.8
-1.21,-7.21,-6.8
-0.65,-6.43,-6.59
-0.0,-6.14,-6.51
0.59,-6.37,-6.19
0.59,-6.37,-6.19
1.46,-5.34,-7.33
1.46,-5.34,-7.33
1.46,-5.34,-7.33
0.69,-6.29,-7.28
0.69,-6.29,-7.28
0.69,-6.29,-7.28
1.31,-6.35,-6.86
1.31,-6.35,-6.86
0.77,-6.06,-7.31
0.16,-6.78,-7.07
0.16,-6.78,-7.07
0.16,-6.78,-7.07
0.47,-6.21,-6.69
0.47,-6.21,-6.69
0.47,-6.21,-6.69
0.43,-6.09,-6.95
0.43,-6.09,-6.95
0.43,-6.09,-6.95
1.61,-5.88,-6.82
1.61,-5.88,-6.82
1.02,-6.45,-6.65
0.57,-6.29,-7.16
0.57,-6.29,-7.16
0.57,-6.29,-7.16
0.59,-6.82,-6.63
0.59,-6.82,-6.63
0.59,-6.82,-6.63
0.51,-6.27,-6.69
0.51,-6.27,-6.69
0.51,-6.27,-6.69
0.79,-6.99,-6.72
0.79,-6.99,-6.72
0.79,-6.99,-6.72
1.08,-6.38,-6.81
1.08,-6.38,-6.81
1.18,-5.96,-6.84
0.78,-7.01,-6.84
0.78,-7.01,-6.84
0.78,-7.01,-6.84
0.65,-6.44,-6.91
0.65,-6.44,-6.91
0.65,-6.44,-6.91
0.63,-6.14,-6.67
0.63,-6.14,-6.67
0.63,-6.14,-6.67
0.74,-6.51,-6.55
0.74,-6.51,-6.55
0.74,-6.51,-6.55
0.72,-6.43,-6.51
0.72,-6.43,-6.51
0.72,-6.43,-6.51
0.64,-6.61,-6.77
0.64,-6.61,-6.77
0.64,-6.61,-6.77
0.42,-6.76,-6.63
0.42,-6.76,-6.63
0.42,-6.76,-6.63
0.83,-6.26,-6.68
0.83,-6.26,-6.68
0.83,-6.26,-6.68
0.58,-6.73,-6.74
0.58,-6.73,-6.74
0.58,-6.73,-6.74
0.87,-6.67,-6.64
0.87,-6.67,-6.64
0.87,-6.67,-6.64
0.51,-7.04,-6.64
0.49,-6.74,-6.73
0.49,-6.74,-6.73
1.26,-6.66,-6.6
1.26,-6.66,-6.6
1.12,-6.38,-6.74
1.12,-6.38,-6.74
1.12,-6.38,-6.74
1.16,-6.57,-6.61
1.16,-6.57,-6.61
1.16,-6.57,-6.61
1.23,-6.38,-6.85
1.23,-6.38,-6.85
1.23,-6.38,-6.85
1.27,-6.7,-6.87
1.27,-6.7,-6.87
1.22,-6.68,-6.89
1.45,-6.5,-6.62
1.45,-6.5,-6.62
1.45,-6.5,-6.62
1.0,-6.4,-6.62
1.0,-6.4,-6.62
1.0,-6.4,-6.62
1.12,-6.68,-6.59
1.12,-6.68,-6.59
1.12,-6.68,-6.59
0.9,-6.62,-6.66
0.9,-6.62,-6.66
0.9,-6.62,-6.66
1.2,-6.52,-6.76
1.2,-6.52,-6.76
1.2,-6.52,-6.76
1.06,-6.63,-6.74
1.06,-6.63,-6.74
1.06,-6.63,-6.74
0.8,-6.43,-6.54
0.8,-6.43,-6.54
0.8,-6.43,-6.54
0.99,-6.29,-6.35
0.99,-6.29,-6.35
0.99,-6.29,-6.35
0.92,-6.21,-6.12
0.92,-6.21,-6.12
0.92,-6.21,-6.12
1.38,-5.86,-6.34
1.38,-5.86,-6.34
1.38,-5.86,-6.34
1.43,-6.52,-6.39
1.43,-6.52,-6.39
1.43,-6.52,-6.39
1.64,-6.62,-7.24
1.83,-7.18,-6.92
1.83,-7.18,-6.92
2.68,-6.95,-6.27
2.68,-6.95,-6.27
2.68,-6.95,-6.27
1.95,-6.68,-6.11
1.95,-6.68,-6.11
1.95,-6.68,-6.11
1.29,-7.26,-6.09
1.29,-7.26,-6.09
0.37,-7.76,-5.88
0.24,-5.79,-5.29
0.24,-5.79,-5.29
0.24,-5.79,-5.29
1.03,-4.23,-4.3
1.03,-4.23,-4.3
1.03,-4.23,-4.3
-0.34,-5.99,-4.71
-0.34,-5.99,-4.71
-0.34,-5.99,-4.71
-0.01,-7.59,-4.04
-0.01,-7.59,-4.04
1.17,-6.37,-3.86
1.13,-7.44,-3.72
1.13,-7.44,-3.72
1.13,-7.44,-3.72
1.84,-7.59,-3.13
1.84,-7.59,-3.13
1.84,-7.59,-3.13
1.82,-8.62,-2.78
1.82,-8.62,-2.78
1.82,-8.62,-2.78
3.07,-9.53,-1.86
3.07,-9.53,-1.86
3.0,-8.79,-1.77
3.12,-8.31,-1.81
3.11,-9.08,-1.74
3.11,-9.08,-1.74
3.06,-10.26,-1.21
3.06,-10.26,-1.21
3.06,-10.26,-1.21
3.36,-8.83,-0.72
3.36,-8.83,-0.72
3.36,-8.83,-0.72
3.13,-11.31,-0.5
3.13,-11.31,-0.5
3.1,-11.44,-0.31
3.01,-11.56,-0.26
3.01,-11.56,-0.26
3.01,-11.56,-0.26
1.92,-10.85,0.36
1.92,-10.85,0.36
1.92,-10.85,0.36
1.93,-10.48,7.44
1.93,-10.48,7.44
4.47,-9.23,4.1
1.38,-11.37,2.03
1.38,-11.37,2.03
0.77,-10.29,0.68
0.27,-8.59,1.51
0.27,-8.59,1.51
0.27,-8.59,1.51
0.98,-9.48,3.26
0.98,-9.48,3.26
0.98,-9.48,3.26
1.07,-9.6,2.39
1.07,-9.6,2.39
1.07,-9.6,2.39
0.12,-7.74,0.85
-0.39,-8.48,1.16
-0.39,-8.48,1.16
-1.96,-9.48,1.02
-1.96,-9.48,1.02
-1.96,-9.48,1.02
-2.44,-10.65,1.45
-2.44,-10.65,1.45
-2.44,-10.65,1.45
-2.21,-13.46,3.56
-2.21,-13.46,3.56
-2.21,-13.46,3.56
-2.79,-10.67,1.55
-2.79,-10.67,1.55
-2.79,-10.67,1.55
-2.7,-10.44,1.97
-2.7,-10.44,1.97
-2.7,-10.44,1.97
-1.97,-10.51,2.49
-1.97,-10.51,2.49
-1.97,-10.51,2.49
-0.98,-8.93,2.32
-0.98,-8.93,2.32
-0.98,-8.93,2.32
-1.86,-9.45,2.08
-1.86,-9.45,2.08
-1.86,-9.45,2.08
-1.36,-8.64,1.9
-1.36,-8.64,1.9
-1.36,-8.64,1.9
-1.44,-9.58,2.27
-1.44,-9.58,2.27
-1.44,-9.58,2.27
-1.56,-10.04,2.02
-1.56,-10.04,2.02
-1.56,-10.04,2.02
-2.06,-8.95,1.14
-2.06,-8.95,1.14
-2.39,-8.68,0.81
-1.99,-9.15,0.7
-1.99,-9.15,0.7
-1.99,-9.15,0.7
-2.56,-8.99,0.7
-2.56,-8.99,0.7
-2.56,-8.99,0.7
-2.74,-9.27,0.71
-2.74,-9.27,0.71
-2.65,-9.89,0.66
-1.86,-11.09,-0.03
-1.86,-11.09,-0.03
-1.86,-11.09,-0.03
-1.53,-12.28,-1.01
-1.53,-12.28,-1.01
-1.53,-12.28,-1.01
-1.03,-13.16,-1.44
-1.03,-13.16,-1.44
-1.14,-14.19,-0.26
-1.14,-14.19,-0.26
-1.14,-14.19,-0.26
0.12,-13.74,0.63
0.12,-13.74,0.63
0.12,-13.74,0.63
0.43,-11.57,1.29
0.43,-11.57,1.29
0.43,-11.57,1.29
0.94,-12.32,1.79
0.94,-12.32,1.79
0.94,-12.32,1.79
-0.55,-9.9,-0.11
-0.55,-9.9,-0.11
-0.55,-9.9,-0.11
1.02,-9.12,-0.61
1.02,-9.12,-0.61
1.02,-9.12,-0.61
1.15,-8.21,-0.17
1.15,-8.21,-0.17
1.15,-8.21,-0.17
0.98,-5.46,-4.98
0.98,-5.46,-4.98
0.98,-5.46,-4.98
1.02,-3.79,-3.85
1.02,-3.79,-3.85
1.02,-3.79,-3.85
0.58,-0.65,-3.4
0.58,-0.65,-3.4
0.58,-0.65,-3.4
2.55,1.01,-2.88
2.55,1.01,-2.88
2.55,1.01,-2.88
3.01,-0.4,-3.34
3.01,-0.4,-3.34
3.01,-0.4,-3.34
4.07,-2.53,-2.9
4.07,-2.53,-2.9
4.07,-2.53,-2.9
4.17,-3.05,-2.45
4.17,-3.05,-2.45
4.96,-2.96,-2.48
5.81,-6.73,-0.71
5.81,-6.73,-0.71
5.81,-6.73,-0.71
3.67,-5.69,-1.2
3.67,-5.69,-1.2
3.67,-5.69,-1.2
2.38,-11.13,-0.77
2.38,-11.13,-0.77
2.38,-11.13,-0.77
0.84,-10.74,0.5
0.84,-10.74,0.5
0.84,-10.74,0.5
2.94,-9.27,5.1
2.94,-9.27,5.1
2.94,-9.27,5.1
0.25,-11.41,4.19
0.25,-11.41,4.19
0.25,-11.41,4.19
-0.42,-6.72,4.19
-0.42,-6.72,4.19
-1.25,-9.59,4.43
-1.38,-9.21,4.9
-1.38,-9.21,4.9
-1.38,-9.21,4.9
-2.03,-8.12,4.11
-2.03,-8.12,4.11
-2.03,-8.12,4.11
-1.59,-10.52,6.3
-1.59,-10.52,6.3
-1.59,-10.52,6.3
-2.67,-9.79,3.5
-2.67,-9.79,3.5
-2.67,-9.79,3.5
-3.51,-11.44,5.32
-3.51,-11.44,5.32
-3.28,-11.12,5.83
-3.3,-11.65,5.01
-3.3,-11.65,5.01
-3.3,-11.65,5.01
-3.52,-11.78,5.89
-3.52,-11.78,5.89
-3.52,-11.78,5.89
-2.68,-8.26,5.85
-2.68,-8.26,5.85
-2.68,-8.26,5.85
-3.32,-8.49,5.58
-3.5,-9.23,5.84
-3.5,-9.23,5.84
-2.91,-8.27,6.04
-2.91,-8.27,6.04
-2.91,-8.27,6.04
-3.16,-8.11,6.31
-3.16,-8.11,6.31
-3.16,-8.11,6.31
-2.7,-7.18,5.81
-2.7,-7.18,5.81
-2.98,-6.91,5.82
-2.91,-7.17,5.82
-2.88,-7.36,5.91
-2.88,-7.36,5.91
-2.6,-7.4,5.79
-2.6,-7.4,5.79
-2.6,-7.4,5.79
-2.44,-6.89,5.76
-2.44,-6.89,5.76
-2.44,-6.89,5.76
-3.26,-7.29,5.96
-3.26,-7.29,5.96
-3.05,-7.62,6.19
-3.0,-7.35,5.91
-3.0,-7.35,5.91
-3.0,-7.35,5.91
-2.7,-6.91,5.71
-2.7,-6.91,5.71
-2.7,-6.91,5.71
-2.36,-7.41,5.65
-2.36,-7.41,5.65
-2.36,-7.41,5.65
-2.13,-7.32,5.66
-2.13,-7.32,5.66
-2.1,-7.43,5.92
-1.3,-7.18,5.99
-1.3,-7.18,5.99
-1.3,-7.18,5.99
-1.22,-7.08,6.1
-1.22,-7.08,6.1
-1.22,-7.08,6.1
-1.89,-6.7,5.14
-1.89,-6.7,5.14
-1.89,-6.7,5.14
-3.01,-5.46,4.33
-3.01,-5.46,4.33
-3.57,-7.04,4.96
-4.66,-7.33,5.98
-4.66,-7.33,5.98
-4.66,-7.33,5.98
-6.06,-6.16,4.73
-6.06,-6.16,4.73
-6.06,-6.16,4.73
-6.86,-8.02,5.06
-6.86,-8.02,5.06
-6.86,-8.02,5.06
-4.42,-7.38,5.87
-4.42,-7.38,5.87
-4.98,-6.25,5.77
-6.4,-6.57,5.23
-6.4,-6.57,5.23
-6.4,-6.57,5.23
-5.69,-5.78,4.88
-5.69,-5.78,4.88
-5.69,-5.78,4.88
-5.4,-7.13,5.08
-5.4,-7.13,5.08
-5.4,-7.13,5.08
-4.69,-7.2,5.27
-4.69,-7.2,5.27
-4.69,-7.2,5.27
-4.95,-6.05,4.61
-4.95,-6.05,4.61
-4.95,-6.05,4.61
-5.2,-6.48,4.87
-5.2,-6.48,4.87
-5.2,-6.48,4.87
-5.1,-5.87,5.32
-5.1,-5.87,5.32
-5.1,-5.87,5.32
-4.74,-6.79,5.87
-4.57,-6.46,5.78
-4.81,-5.78,5.13
-4.81,-5.78,5.13
-4.81,-5.78,5.13
-4.94,-6.2,5.16
-4.94,-6.2,5.16
-4.94,-6.2,5.16
-4.74,-6.36,5.5
-4.74,-6.36,5.5
-4.74,-6.36,5.5
-4.91,-6.18,5.31
-5.14,-5.86,4.65
-5.14,-5.86,4.65
-5.79,-6.68,4.93
-5.79,-6.68,4.93
-5.79,-6.68,4.93
-5.37,-6.49,4.92
-5.37,-6.49,4.92
-5.66,-6.09,4.65
-5.66,-6.09,4.65
-5.66,-6.09,4.65
-5.58,-5.66,4.59
-5.77,-6.03,4.59
-5.77,-6.03,4.59
-5.78,-5.95,5.22
-5.78,-5.95,5.22
-5.78,-5.95,5.22
-5.43,-5.73,5.03
-5.43,-5.73,5.03
-5.43,-5.73,5.03
-5.6,-5.68,4.84
-5.6,-5.68,4.84
-5.6,-5.68,4.84
-5.25,-6.17,5.42
-5.25,-6.17,5.42
-5.25,-6.17,5.42
-5.33,-6.07,5.55
-5.33,-6.07,5.55
-5.33,-6.07,5.55
-5.5,-5.5,5.28
-5.5,-5.5,5.28
-5.5,-5.5,5.28
-5.67,-5.52,5.19
-5.67,-5.52,5.19
-5.67,-5.52,5.19
-5.39,-5.86,5.52
-5.39,-5.86,5.52
-5.39,-5.86,5.52
-5.51,-5.51,5.28
-5.51,-5.51,5.28
-5.51,-5.51,5.28
-5.29,-5.39,5.22
-5.29,-5.39,5.22
-5.29,-5.39,5.22
-5.44,-5.62,5.64
-5.44,-5.62,5.64
-5.44,-5.62,5.64
-5.6,-5.52,5.49
-5.6,-5.52,5.49
-5.6,-5.52,5.49
-5.77,-5.89,5.44
-5.77,-5.89,5.44
-5.77,-5.89,5.44
-5.63,-5.56,5.28
-5.63,-5.56,5.28
-5.63,-5.56,5.28
-5.65,-5.84,5.42
-5.65,-5.84,5.42
-5.59,-5.82,5.35
-5.59,-5.88,5.37
-5.44,-5.68,5.26
-5.44,-5.68,5.26
-5.74,-5.79,5.46
-5.74,-5.79,5.46
-5.74,-5.79,5.46
-5.72,-6.08,5.32
-5.72,-6.08,5.32
-5.72,-6.08,5.32
-5.89,-5.95,4.96
-5.89,-5.95,4.96
-5.89,-5.95,4.96
-6.0,-5.94,4.87
-6.13,-5.79,4.97
-6.13,-5.79,4.97
-5.24,-6.28,5.47
-5.24,-6.28,5.47
-5.24,-6.28,5.47
-4.51,-6.31,5.72
-4.51,-6.31,5.72
-4.51,-6.31,5.72
-3.56,-6.05,5.89
-3.56,-6.05,5.89
-3.85,-7.25,6.31
-4.17,-7.77,6.39
-4.04,-7.26,6.0
-4.04,-7.26,6.0
-4.06,-5.45,5.86
-4.06,-5.45,5.86
-4.06,-5.45,5.86
-4.03,-6.8,7.25
-4.03,-6.8,7.25
-4.03,-6.8,7.25
-4.28,-5.75,6.0
-4.28,-5.75,6.0
-3.58,-5.83,6.12
-2.92,-5.97,6.3
-2.92,-5.97,6.3
-2.97,-5.78,6.25
-3.48,-6.57,6.39
-3.48,-6.57,6.39
-3.48,-6.57,6.39
-2.83,-6.0,6.44
-2.83,-6.0,6.44
-2.83,-6.0,6.44
-2.5,-5.65,6.45
-2.5,-5.65,6.45
-2.5,-5.65,6.45
-2.09,-6.61,7.15
-2.09,-6.61,7.15
-2.12,-6.57,6.99
-2.19,-6.41,6.72
-2.19,-6.41,6.72
-2.19,-6.41,6.72
-2.61,-6.85,6.89
-2.61,-6.85,6.89
-2.61,-6.85,6.89
-2.82,-6.7,6.51
-2.82,-6.7,6.51
-2.83,-6.58,6.45
-2.95,-6.65,6.61
-3.17,-6.8,6.46
-3.17,-6.8,6.46
-3.06,-6.56,6.64
-3.06,-6.56,6.64
-3.06,-6.56,6.64
-3.52,-6.1,6.18
-3.52,-6.1,6.18
-3.52,-6.1,6.18
-3.32,-5.68,5.91
-3.32,-5.68,5.91
-3.32,-5.68,5.91
-3.46,-6.75,6.42
-3.19,-6.71,6.26
-3.19,-6.71,6.26
-2.97,-6.29,6.16
-2.97,-6.29,6.16
-2.97,-6.29,6.16
-3.05,-6.42,6.66
-3.05,-6.42,6.66
-3.05,-6.42,6.66
-3.25,-6.38,6.74
-3.25,-6.38,6.74
-3.47,-6.68,6.67
-3.38,-6.46,6.54
-3.44,-6.1,6.62
-3.44,-6.1,6.62
-3.33,-6.55,6.77
-3.33,-6.55,6.77
-3.33,-6.55,6.77
-3.19,-6.59,6.52
-3.19,-6.59,6.52
-3.19,-6.59,6.52
-3.2,-6.99,6.87
-3.2,-6.99,6.87
-3.2,-6.99,6.87
-3.09,-6.64,6.47
-3.09,-6.64,6.47
-3.09,-6.64,6.47
-3.43,-6.45,6.45
-3.43,-6.45,6.45
-3.43,-6.45,6.45
-3.72,-6.34,6.3
-3.72,-6.34,6.3
-3.72,-6.34,6.3
-3.48,-6.35,6.15
-3.48,-6.35,6.15
-3.18,-5.77,6.36
-3.21,-6.61,6.68
-3.21,-6.61,6.68
-3.21,-6.61,6.68
-3.08,-5.93,6.49
-3.08,-5.93,6.49
-3.08,-5.93,6.49
-3.49,-6.46,5.9
-3.49,-6.46,5.9
-3.49,-6.46,5.9
-3.31,-6.65,6.2
-3.31,-6.65,6.2
-3.31,-6.65,6.2
-2.78,-6.63,6.43
-2.78,-6.63,6.43
-2.78,-6.63,6.43
-2.77,-5.88,6.37
-2.77,-5.88,6.37
-2.77,-5.88,6.37
-2.86,-6.24,6.49
-2.86,-6.24,6.49
-2.86,-6.24,6.49
-3.17,-6.95,6.6
-3.17,-6.95,6.6
-3.17,-6.95,6.6
-2.95,-6.96,6.23
-2.95,-6.96,6.23
-2.95,-6.96,6.23
-2.6,-5.85,6.28
-2.6,-5.85,6.28
-2.6,-5.85,6.28
-2.18,-6.23,6.57
-2.18,-6.23,6.57
-2.18,-6.23,6.57
-3.14,-6.0,6.64
-3.14,-6.0,6.64
-3.14,-6.0,6.64
-3.03,-7.04,7.3
-3.03,-7.04,7.3
-3.03,-7.04,7.3
-3.24,-6.98,7.47
-3.24,-6.98,7.47
-3.24,-6.98,7.47
-2.87,-6.1,7.0
-2.87,-6.1,7.0
-2.87,-6.1,7.0
-2.29,-6.3,7.21
-2.48,-6.4,7.11
-2.48,-6.4,7.11
-2.83,-6.54,6.63
-2.83,-6.54,6.63
-2.83,-6.54,6.63
-2.49,-6.83,7.16
-2.49,-6.83,7.16
-2.49,-6.83,7.16
-2.37,-6.41,7.28
-2.37,-6.41,7.28
-2.37,-6.41,7.28
-2.67,-6.73,7.25
-2.67,-6.73,7.25
-2.87,-6.65,7.13
-3.31,-6.51,6.61
-3.31,-6.51,6.61
-3.31,-6.51,6.61
-2.79,-6.08,6.49
-2.79,-6.08,6.49
-2.79,-6.08,6.49
-2.82,-6.93,6.91
-2.82,-6.93,6.91
-2.82,-6.93,6.91
-2.6,-6.53,6.96
-2.6,-6.53,6.96
-2.6,-6.53,6.96
-2.78,-6.85,6.91
-2.78,-6.85,6.91
-2.78,-6.85,6.91
-3.2,-6.95,6.85
-3.2,-6.95,6.85
-2.91,-6.33,6.17
-2.91,-6.33,6.17
-2.91,-6.33,6.17
-2.92,-5.75,5.69
-2.92,-5.75,5.69
-2.92,-5.75,5.69
-3.34,-6.98,6.46
-3.38,-6.88,6.66
-3.38,-6.88,6.66
-3.33,-5.88,6.32
-3.33,-5.88,6.32
-3.33,-5.88,6.32
-3.2,-6.11,6.5
-3.2,-6.11,6.5
-3.2,-6.11,6.5
-3.12,-5.75,6.41
-3.12,-5.75,6.41
-3.42,-5.9,6.3
-3.51,-6.34,6.31
-3.31,-6.46,6.51
-3.31,-6.46,6.51
-3.06,-6.73,6.93
-3.06,-6.73,6.93
-3.06,-6.73,6.93
-3.02,-6.83,7.22
-3.02,-6.83,7.22
-2.94,-6.03,6.95
-3.28,-6.06,6.94
-3.28,-6.06,6.94
-3.44,-6.09,6.7
-3.44,-6.09,6.7
-3.21,-6.15,6.65
-3.21,-6.15,6.65
-3.21,-6.15,6.65
-3.35,-6.57,6.99
-3.35,-6.57,6.99
-3.35,-6.57,6.99
-3.19,-6.62,6.91
-3.19,-6.62,6.91
-3.19,-6.39,6.77
-3.07,-6.18,6.76
-3.07,-6.18,6.76
-3.07,-6.18,6.76
-3.15,-6.15,6.81
-3.15,-6.15,6.81
-3.15,-6.15,6.81
-3.55,-6.17,6.71
-3.55,-6.17,6.71
-3.55,-6.17,6.71
-3.29,-6.29,6.45
-3.29,-6.29,6.45
-3.42,-6.34,6.4
-3.28,-6.65,6.46
-3.28,-6.65,6.46
-3.28,-6.65,6.46
-3.06,-6.42,6.39
-3.06,-6.42,6.39
-3.06,-6.42,6.39
-3.44,-6.09,6.45
-3.44,-6.09,6.45
-3.44,-6.09,6.45
-3.49,-6.2,6.61
-3.49,-6.2,6.61
-3.49,-6.2,6.61
-3.2,-6.31,6.42
-3.2,-6.31,6.42
-3.2,-6.31,6.42
-3.36,-6.69,6.81
-3.36,-6.69,6.81
-3.36,-6.69,6.81
-3.66,-6.33,6.46
-3.66,-6.33,6.46
-3.66,-6.33,6.46
-3.61,-5.82,6.12
-3.61,-5.82,6.12
-3.5,-5.95,6.19
-3.28,-6.7,6.47
-3.28,-6.7,6.47
-3.28,-6.7,6.47
-3.16,-6.17,6.41
-3.16,-6.17,6.41
-3.16,-6.17,6.41
-3.43,-6.41,6.57
-3.43,-6.41,6.57
-3.43,-6.41,6.57
-3.59,-5.82,6.68
-3.59,-5.82,6.68
-3.59,-5.82,6.68
-3.7,-5.58,6.58
-3.7,-5.58,6.58
-3.7,-5.58,6.58
-3.51,-6.4,6.77
-3.51,-6.4,6.77
-3.51,-6.4,6.77
-3.49,-6.23,6.81
-3.49,-6.23,6.81
-3.49,-6.23,6.81
-3.83,-6.13,6.74
-3.83,-6.13,6.74
-3.83,-6.13,6.74
-3.63,-6.0,6.64
-3.63,-6.0,6.64
-3.63,-6.0,6.64
-3.8,-6.11,6.63
-3.8,-6.11,6.63
-3.8,-6.11,6.63
-3.56,-6.34,6.77
-3.56,-6.34,6.77
-3.46,-6.3,6.75
-3.44,-6.06,6.6
-3.61,-6.01,6.51
-3.61,-6.01,6.51
-3.74,-6.45,6.88
-3.74,-6.45,6.88
-3.74,-6.45,6.88
-3.57,-6.61,6.65
-3.57,-6.61,6.65
-3.57,-6.61,6.65
-3.47,-6.4,6.31
-3.47,-6.4,6.31
-3.52,-6.62,6.42
-3.63,-6.75,6.66
-3.77,-6.79,6.68
-3.77,-6.79,6.68
-3.43,-6.78,6.59
-3.43,-6.78,6.59
-3.43,-6.78,6.59
-3.58,-6.04,6.02
-3.58,-6.04,6.02
-3.58,-6.04,6.02
-3.49,-6.57,6.35
-3.49,-6.57,6.35
-3.5,-6.71,6.62
-3.71,-6.02,6.13
-3.71,-6.02,6.13
-3.71,-6.02,6.13
-3.4,-6.72,6.42
-3.4,-6.72,6.42
-3.4,-6.72,6.42
-3.43,-6.89,6.64
-3.43,-6.89,6.64
-3.43,-6.89,6.64
-2.96,-7.15,6.55
-2.96,-7.15,6.55
-2.7,-7.79,6.88
-3.33,-7.26,5.72
-3.33,-7.26,5.72
-3.33,-7.26,5.72
-2.53,-6.88,6.22
-2.53,-6.88,6.22
-2.53,-6.88,6.22
-2.93,-6.85,6.94
-2.93,-6.85,6.94
-2.93,-6.85,6.94
-3.09,-6.12,5.51
-3.09,-6.12,5.51
-3.09,-6.12,5.51
-3.01,-7.69,6.3
-3.01,-7.69,6.3
-3.01,-7.69,6.3
-2.9,-7.37,6.49
-2.9,-7.37,6.49
-2.9,-7.37,6.49
-2.32,-6.95,6.2
-2.32,-6.95,6.2
-2.32,-6.95,6.2
-2.95,-7.49,6.1
-2.95,-7.49,6.1
-1.67,-7.43,6.92
-1.67,-7.43,6.92
-1.86,-7.93,6.62
-2.46,-6.98,5.86
-2.46,-6.98,5.86
-2.46,-6.98,5.86
-2.99,-7.28,5.21
-2.99,-7.28,5.21
-2.99,-7.28,5.21
-1.66,-9.07,5.85
-1.66,-9.07,5.85
-1.66,-9.07,5.85
-1.63,-7.14,5.93
-1.63,-7.14,5.93
-1.63,-7.14,5.93
-1.75,-7.67,6.31
-1.75,-7.67,6.31
-1.75,-7.67,6.31
-1.42,-8.18,5.24
-1.42,-8.18,5.24
-1.42,-8.18,5.24
-1.71,-9.12,5.1
-1.71,-9.12,5.1
-2.02,-8.29,4.7
-1.81,-8.65,4.64
-1.81,-8.65,4.64
-1.81,-8.65,4.64
-1.23,-9.99,4.25
-1.23,-9.99,4.25
-1.23,-9.99,4.25
-1.15,-9.34,3.96
-1.15,-9.34,3.96
-1.15,-9.34,3.96
-0.98,-9.27,3.52
-0.98,-9.27,3.52
-0.98,-9.27,3.52
-0.82,-10.26,4.22
-0.82,-10.26,4.22
-0.82,-10.26,4.22
-1.01,-9.86,3.09
-1.01,-9.86,3.09
-1.01,-9.86,3.09
-0.65,-9.58,2.67
-0.65,-9.58,2.67
-0.65,-9.58,2.67
-1.03,-9.9,2.18
-1.03,-9.9,2.18
-1.03,-9.9,2.18
-0.84,-9.89,1.89
-0.84,-9.89,1.89
-0.84,-9.89,1.89
-0.93,-9.44,0.95
-0.93,-9.44,0.95
-0.93,-9.44,0.95
-0.79,-9.76,0.88
-0.79,-9.76,0.88
-0.79,-9.76,0.88
-0.85,-9.41,0.53
-0.85,-9.41,0.53
-0.85,-9.41,0.53
-0.88,-9.23,-0.4
-0.88,-9.23,-0.4
-0.88,-9.23,-0.4
-0.82,-8.94,-0.73
-0.82,-8.94,-0.73
-0.82,-8.94,-0.73
-0.51,-9.48,-0.62
-0.51,-9.48,-0.62
-0.51,-9.48,-0.62
-0.21,-9.67,-0.13
-0.21,-9.67,-0.13
-0.21,-9.67,-0.13
-0.27,-9.45,-0.85
1.88,-8.94,-3.74
1.88,-8.94,-3.74
1.27,-8.2,-3.03
1.27,-8.2,-3.03
1.27,-8.2,-3.03
1.04,-8.34,-3.53
1.04,-8.34,-3.53
1.04,-8.34,-3.53
1.16,-8.12,-3.58
1.16,-8.12,-3.58
1.24,-8.65,-3.8
1.34,-7.51,-4.0
1.34,-7.51,-4.0
1.34,-7.51,-4.0
1.29,-7.81,-4.06
1.29,-7.81,-4.06
1.29,-7.81,-4.06
1.85,-7.54,-4.22
1.85,-7.54,-4.22
1.85,-7.54,-4.22
2.0,-7.37,-5.38
2.0,-7.37,-5.38
2.0,-7.37,-5.38
2.2,-7.15,-4.91
2.2,-7.15,-4.91
2.2,-7.15,-4.91
2.25,-6.76,-5.14
2.25,-6.76,-5.14
2.25,-6.76,-5.14
2.07,-6.36,-5.99
2.07,-6.36,-5.99
2.07,-6.36,-5.99
2.34,-6.05,-5.52
2.34,-6.05,-5.52
2.35,-5.86,-5.89
2.35,-5.86,-5.89
2.35,-5.86,-5.89
2.72,-7.37,-5.99
2.72,-7.37,-5.99
2.72,-7.37,-5.99
2.65,-6.96,-6.22
2.65,-6.96,-6.22
2.65,-6.96,-6.22
3.05,-6.57,-6.23
3.05,-6.57,-6.23
3.04,-5.69,-5.91
3.19,-6.6,-5.87
3.19,-6.6,-5.87
3.19,-6.6,-5.87
3.18,-5.96,-6.27
3.18,-5.96,-6.27
3.18,-5.96,-6.27
3.23,-6.51,-6.09
3.23,-6.51,-6.09
3.23,-6.51,-6.09
3.49,-5.82,-6.29
3.49,-5.82,-6.29
3.19,-5.78,-6.72
3.15,-6.24,-6.75
3.15,-6.24,-6.75
3.15,-6.24,-6.75
3.13,-5.1,-6.57
3.13,-5.1,-6.57
3.13,-5.1,-6.57
2.91,-6.07,-7.17
2.91,-6.07,-7.17
2.91,-6.07,-7.17
3.04,-4.73,-6.89
3.04,-4.73,-6.89
3.45,-5.14,-6.78
2.92,-4.66,-6.68
2.92,-4.66,-6.68
2.92,-4.66,-6.68
3.21,-5.1,-6.86
3.21,-5.1,-6.86
3.21,-5.1,-6.86
3.11,-5.31,-6.6
3.11,-5.31,-6.6
3.11,-5.31,-6.6
3.53,-5.55,-6.78
3.53,-5.55,-6.78
3.53,-5.55,-6.78
2.85,-6.43,-7.02
2.85,-6.43,-7.02
2.85,-6.43,-7.02
3.27,-5.88,-6.94
3.27,-5.88,-6.94
3.27,-5.88,-6.94
3.17,-5.26,-6.76
3.17,-5.26,-6.76
3.16,-5.0,-6.95
2.96,-5.2,-6.8
3.23,-5.33,-6.84
3.23,-5.33,-6.84
3.18,-5.49,-7.3
3.18,-5.49,-7.3
3.23,-5.82,-7.08
3.23,-5.82,-7.08
3.23,-5.82,-7.08
3.23,-5.86,-6.63
3.23,-5.86,-6.63
3.3,-6.22,-6.49
3.25,-6.33,-6.83
2.82,-6.0,-7.23
2.82,-6.0,-7.23
3.03,-6.15,-6.72
3.03,-6.15,-6.72
3.03,-6.15,-6.72
2.89,-5.73,-7.38
2.89,-5.73,-7.38
2.89,-5.73,-7.38
2.54,-5.08,-6.96
2.54,-5.08,-6.96
2.54,-5.08,-6.96
2.92,-5.78,-6.93
2.92,-5.78,-6.93
2.92,-5.78,-6.93
2.95,-5.93,-6.9
2.95,-5.93,-6.9
2.95,-5.93,-6.9
2.95,-6.52,-6.85
2.95,-6.52,-6.85
2.95,-6.52,-6.85
2.43,-5.77,-7.49
2.43,-5.77,-7.49
2.61,-5.92,-7.18
2.47,-6.07,-6.87
2.47,-6.07,-6.87
2.47,-6.07,-6.87
2.61,-5.68,-7.0
2.61,-5.68,-7.0
2.61,-5.68,-7.0
2.35,-5.97,-6.96
2.35,-5.97,-6.96
2.35,-5.97,-6.96
2.35,-5.92,-6.81
2.35,-5.92,-6.81
2.09,-5.81,-7.23
2.4,-6.1,-6.79
2.4,-6.1,-6.79
2.4,-6.1,-6.79
1.94,-5.99,-7.28
1.94,-5.99,-7.28
1.94,-5.99,-7.28
2.24,-6.44,-6.99
2.24,-6.44,-6.99
2.24,-6.44,-6.99
2.31,-5.98,-6.77
2.31,-5.98,-6.77
2.31,-5.98,-6.77
2.02,-6.2,-7.0
2.02,-6.2,-7.0
2.02,-6.2,-7.0
1.86,-6.1,-7.18
1.86,-6.1,-7.18
1.86,-6.1,-7.18
1.85,-6.46,-7.1
1.85,-6.46,-7.1
1.85,-6.46,-7.1
1.82,-5.84,-6.93
1.82,-5.84,-6.93
1.82,-5.84,-6.93
1.63,-6.34,-7.02
1.63,-6.34,-7.02
1.63,-6.34,-7.02
1.92,-6.1,-6.92
1.92,-6.1,-6.92
1.92,-6.1,-6.92
1.81,-6.44,-6.91
1.81,-6.44,-6.91
1.81,-6.44,-6.91
1.74,-5.84,-7.14
1.74,-5.84,-7.14
1.74,-5.84,-7.14
1.69,-6.39,-6.67
1.69,-6.39,-6.67
1.69,-6.39,-6.67
1.75,-6.64,-6.76
1.75,-6.64,-6.76
1.75,-6.64,-6.76
1.78,-6.27,-6.96
1.78,-6.27,-6.96
1.78,-6.27,-6.96
1.71,-6.4,-6.69
1.71,-6.4,-6.69
1.71,-6.4,-6.69
1.47,-6.2,-6.83
1.53,-6.14,-6.87
1.53,-6.14,-6.87
1.81,-6.4,-6.86
1.81,-6.4,-6.86
1.81,-6.4,-6.86
1.88,-6.34,-7.05
1.88,-6.34,-7.05
1.88,-6.34,-7.05
1.61,-6.1,-6.7
1.61,-6.1,-6.7
1.61,-6.1,-6.7
1.64,-6.29,-7.06
1.64,-6.29,-7.06
1.64,-6.29,-7.06
1.67,-6.17,-6.89
1.67,-6.17,-6.89
1.67,-6.17,-6.89
1.47,-6.25,-6.85
1.47,-6.25,-6.85
1.47,-6.25,-6.85
1.73,-6.56,-6.95
1.73,-6.56,-6.95
1.87,-6.54,-6.99
1.72,-6.14,-6.69
1.72,-6.14,-6.69
1.72,-6.14,-6.69
1.55,-5.91,-6.85
1.55,-5.91,-6.85
1.55,-5.91,-6.85
1.59,-6.5,-7.09
1.59,-6.5,-7.09
1.59,-6.5,-7.09
1.74,-6.4,-6.83
1.74,-6.4,-6.83
1.74,-6.4,-6.83
1.64,-6.11,-6.74
1.64,-6.11,-6.74
1.64,-6.11,-6.74
1.73,-6.49,-6.84
1.73,-6.49,-6.84
1.73,-6.49,-6.84
1.63,-6.0,-7.04
1.63,-6.0,-7.04
1.63,-6.0,-7.04
1.71,-6.66,-6.69
1.71,-6.66,-6.69
1.73,-6.23,-6.84
1.71,-6.3,-6.86
1.71,-6.3,-6.86
1.71,-6.3,-6.86
1.64,-6.45,-6.77
1.64,-6.45,-6.77
1.64,-6.45,-6.77
1.79,-6.48,-6.41
1.79,-6.48,-6.41
1.79,-6.48,-6.41
1.76,-6.39,-6.68
1.76,-6.39,-6.68
1.76,-6.39,-6.68
1.87,-6.34,-6.5
1.87,-6.34,-6.5
1.87,-6.34,-6.5
1.64,-6.66,-6.67
1.64,-6.66,-6.67
1.64,-6.66,-6.67
1.56,-6.34,-7.02
1.56,-6.34,-7.02
1.56,-6.34,-7.02
1.62,-6.13,-6.74
1.62,-6.13,-6.74
1.65,-5.68,-6.89
1.5,-5.81,-6.84
1.49,-6.7,-6.7
1.49,-6.7,-6.7
1.57,-6.66,-6.83
1.57,-6.66,-6.83
1.57,-6.66,-6.83
1.93,-6.92,-6.75
1.93,-6.92,-6.75
2.01,-5.97,-6.72
1.86,-6.35,-6.54
1.86,-6.35,-6.54
1.25,-6.09,-6.73
1.25,-6.09,-6.73
1.25,-6.09,-6.73
1.76,-6.46,-6.38
1.76,-6.46,-6.38
1.76,-6.46,-6.38
1.74,-7.07,-6.64
1.74,-7.07,-6.64
1.74,-7.07,-6.64
1.78,-6.8,-6.05
1.78,-6.8,-6.05
1.78,-6.8,-6.05
1.28,-6.93,-6.14
1.28,-6.93,-6.14
1.28,-6.93,-6.14
1.16,-6.55,-6.52
1.16,-6.55,-6.52
1.16,-6.55,-6.52
1.45,-6.92,-6.55
1.45,-6.92,-6.55
1.52,-6.79,-6.3
1.54,-6.83,-6.31
1.54,-6.83,-6.31
1.54,-6.83,-6.31
1.9,-6.38,-6.32
1.9,-6.38,-6.32
1.9,-6.38,-6.32
1.71,-7.11,-6.12
1.71,-7.11,-6.12
1.71,-7.11,-6.12
1.18,-6.58,-6.23
1.18,-6.58,-6.23
1.1,-6.99,-6.06
1.1,-6.59,-6.12
1.1,-6.59,-6.12
1.1,-6.59,-6.12
1.19,-6.32,-6.16
1.19,-6.32,-6.16
1.19,-6.32,-6.16
1.69,-7.04,-6.33
1.69,-7.04,-6.33
1.52,-7.63,-6.28
1.52,-7.63,-6.28
1.52,-7.63,-6.28
1.61,-8.11,-5.26
1.61,-8.11,-5.26
1.61,-8.11,-5.26
1.52,-6.86,-6.25
1.52,-6.86,-6.25
1.52,-6.86,-6.25
2.23,-6.95,-5.77
2.23,-6.95,-5.77
2.23,-6.95,-5.77
1.69,-8.11,-5.53
1.69,-8.11,-5.53
1.69,-8.11,-5.53
1.4,-7.05,-6.37
1.4,-7.05,-6.37
1.4,-7.05,-6.37
1.81,-7.32,-5.33
1.81,-7.32,-5.33
1.81,-7.32,-5.33
1.43,-7.24,-4.74
1.43,-7.24,-4.74
1.43,-7.24,-4.74
1.32,-7.53,-5.52
1.32,-7.53,-5.52
1.32,-7.53,-5.52
1.84,-7.93,-5.79
1.84,-7.93,-5.79
2.14,-8.63,-5.2
1.22,-8.14,-4.98
1.22,-8.14,-4.98
1.22,-8.14,-4.98
1.18,-7.92,-5.78
1.18,-7.92,-5.78
1.18,-7.92,-5.78
1.22,-7.22,-5.23
1.22,-7.22,-5.23
1.2,-7.42,-4.98
1.55,-7.15,-5.02
1.55,-7.15,-5.02
1.55,-7.15,-5.02
2.19,-8.73,-5.46
2.19,-8.73,-5.46
2.02,-8.02,-5.79
2.02,-8.02,-5.79
2.02,-8.02,-5.79
1.5,-8.95,-5.15
1.5,-8.95,-5.15
1.5,-8.95,-5.15
1.61,-7.9,-5.61
1.61,-7.9,-5.61
1.61,-7.9,-5.61
1.08,-9.29,-5.21
1.08,-9.29,-5.21
1.08,-9.29,-5.21
0.18,-8.3,-5.3
0.18,-8.3,-5.3
0.18,-8.3,-5.3
0.55,-7.02,-5.45
0.55,-7.02,-5.45
0.6,-6.85,-4.92
0.63,-5.98,-4.31
0.63,-5.98,-4.31
1.04,-5.63,-3.96
0.44,-6.99,-5.77
0.44,-6.99,-5.77
0.44,-6.99,-5.77
-0.27,-9.3,-5.82
-0.27,-9.3,-5.82
-0.27,-9.3,-5.82
0.39,-8.41,-5.54
0.39,-8.41,-5.54
0.39,-8.41,-5.54
0.65,-9.07,-6.04
0.71,-7.99,-6.34
0.71,-7.99,-6.34
0.06,-7.41,-6.45
0.06,-7.41,-6.45
0.06,-7.41,-6.45
1.07,-8.02,-5.44
1.07,-8.02,-5.44
1.07,-8.02,-5.44
1.79,-5.76,-6.61
1.79,-5.76,-6.61
1.79,-5.76,-6.61
-0.23,-7.91,-6.75
-0.23,-7.91,-6.75
0.13,-6.57,-6.79
1.53,-5.85,-6.99
1.53,-5.85,-6.99
1.53,-5.85,-6.99
0.85,-6.86,-7.27
0.85,-6.86,-7.27
0.85,-6.86,-7.27
0.63,-6.62,-6.45
0.63,-6.62,-6.45
0.63,-6.62,-6.45
-0.24,-5.51,-6.91
-0.24,-5.51,-6.91
-0.95,-6.4,-6.82
-0.55,-5.49,-7.12
-0.55,-5.49,-7.12
-0.55,-5.49,-7.12
0.45,-7.36,-6.26
0.45,-7.36,-6.26
0.45,-7.36,-6.26
-1.38,-2.79,-7.18
-1.38,-2.79,-7.18
-1.38,-2.79,-7.18
-2.83,-6.84,-7.12
-2.83,-6.84,-7.12
-2.83,-6.84,-7.12
1.69,-5.03,-6.75
1.69,-5.03,-6.75
1.69,-5.03,-6.75
-3.45,-5.75,-8.24
-3.45,-5.75,-8.24
-3.45,-5.75,-8.24
3.09,-4.62,-5.97
3.09,-4.62,-5.97
3.09,-4.62,-5.97
-2.42,-6.34,-7.59
-0.11,-6.02,-7.02
-2.45,-6.04,-7.32
-2.45,-6.04,-7.32
-2.45,-6.04,-7.32
0.41,-5.97,-6.88
0.41,-5.97,-6.88
0.41,-5.97,-6.88
-0.76,-5.64,-7.51
-0.76,-5.64,-7.51
-2.16,-5.82,-7.84
-0.1,-7.2,-7.18
-0.1,-7.2,-7.18
-0.12,-6.9,-7.29
0.54,-5.37,-7.74
0.54,-5.37,-7.74
0.54,-5.37,-7.74
-1.76,-6.21,-7.46
-1.76,-6.21,-7.46
-1.76,-6.21,-7.46
-0.04,-6.62,-7.38
-0.04,-6.62,-7.38
-0.04,-6.62,-7.38
-1.71,-4.07,-8.08
0.05,-4.53,-7.03
0.05,-4.53,-7.03
-1.65,-4.31,-7.33
-1.65,-4.31,-7.33
-1.65,-4.31,-7.33
-0.38,-4.87,-6.69
-0.38,-4.87,-6.69
-0.38,-4.87,-6.69
-1.94,-4.02,-8.1
-0.43,-5.1,-7.67
-0.43,-5.1,-7.67
0.82,-5.91,-7.07
0.65,-4.46,-7.37
0.65,-4.46,-7.37
-1.16,-6.43,-7.43
-1.16,-6.43,-7.43
-1.16,-6.43,-7.43
-0.86,-5.21,-7.88
-0.86,-5.21,-7.88
-0.86,-5.21,-7.88
-0.33,-6.18,-7.19
-0.85,-5.49,-7.3
-0.85,-5.49,-7.3
-0.82,-6.15,-7.95
-0.82,-6.15,-7.95
-0.82,-6.15,-7.95
-0.01,-5.97,-7.45
-0.01,-5.97,-7.45
-0.01,-5.97,-7.45
-1.92,-6.09,-7.3
-1.92,-6.09,-7.3
-1.92,-6.09,-7.3
0.4,-5.11,-7.05
0.4,-5.11,-7.05
0.4,-5.11,-7.05
-1.85,-5.63,-7.43
-1.08,-4.81,-7.54
-1.08,-4.81,-7.54
-0.42,-6.04,-7.58
-0.42,-6.04,-7.58
-0.42,-6.04,-7.58
-0.83,-5.41,-7.24
-0.83,-5.41,-7.24
-0.83,-5.41,-7.24
-1.36,-4.53,-7.58
-1.36,-4.53,-7.58
-1.36,-4.53,-7.58
-1.12,-5.85,-7.38
-1.12,-5.85,-7.38
-1.12,-5.85,-7.38
-0.44,-5.24,-7.62
-0.44,-5.24,-7.62
-0.44,-5.24,-7.62
-0.96,-5.33,-7.63
-0.96,-5.33,-7.63
-0.96,-5.33,-7.63
-1.07,-5.16,-7.35
-2.26,-6.09,-7.45
-2.26,-6.09,-7.45
-0.09,-4.25,-7.79
-0.09,-4.25,-7.79
-0.09,-4.25,-7.79
-0.97,-5.71,-7.63
-0.97,-5.71,-7.63
-0.97,-5.71,-7.63
-0.83,-4.97,-7.68
-0.83,-4.97,-7.68
-0.83,-4.97,-7.68
-0.95,-5.17,-7.31
-0.52,-4.42,-7.47
-0.52,-4.42,-7.47
-1.55,-6.02,-7.61
-1.55,-6.02,-7.61
-1.55,-6.02,-7.61
-0.06,-4.64,-7.88
-0.06,-4.64,-7.88
-0.06,-4.64,-7.88
-0.97,-5.83,-7.65
-0.97,-5.83,-7.65
-0.97,-5.83,-7.65
-0.76,-5.25,-7.3
-0.76,-5.25,-7.3
-0.76,-5.25,-7.3
-1.41,-5.11,-7.72
-1.41,-5.11,-7.72
-1.41,-5.11,-7.72
0.06,-5.01,-7.49
0.06,-5.01,-7.49
0.06,-5.01,-7.49
-1.13,-5.42,-7.85
-1.13,-5.42,-7.85
-1.13,-5.42,-7.85
-0.44,-5.49,-7.57
-0.44,-5.49,-7.57
-0.44,-5.49,-7.57
0.05,-4.41,-7.65
0.05,-4.41,-7.65
0.05,-4.41,-7.65
-1.14,-5.62,-7.36
-1.14,-5.62,-7.36
-1.14,-5.62,-7.36
-0.6,-4.8,-7.9
-0.6,-4.8,-7.9
-0.6,-4.8,-7.9
-0.66,-5.3,-7.42
-0.66,-5.3,-7.42
-0.66,-5.3,-7.42
-1.7,-5.19,-7.57
-1.7,-5.19,-7.57
-1.7,-5.19,-7.57
0.02,-4.99,-7.65
0.02,-4.99,-7.65
0.02,-4.99,-7.65
-0.61,-5.25,-7.77
-0.61,-5.25,-7.77
-0.61,-5.25,-7.77
-0.66,-5.0,-7.88
-0.74,-4.41,-7.88
-0.74,-4.41,-7.88
0.12,-5.3,-7.43
0.12,-5.3,-7.43
0.12,-5.3,-7.43
-1.05,-5.34,-7.92
-1.05,-5.34,-7.92
-1.05,-5.34,-7.92
-0.54,-5.52,-7.48
-0.54,-5.52,-7.48
-0.54,-5.52,-7.48
-1.25,-5.43,-7.77
-1.25,-5.43,-7.77
-0.91,-5.37,-7.4
-0.49,-4.53,-7.73
-0.49,-4.53,-7.73
-0.49,-4.53,-7.73
-0.94,-5.38,-7.7
-0.94,-5.38,-7.7
-0.94,-5.38,-7.7
-0.16,-4.76,-7.6
-0.16,-4.76,-7.6
-0.16,-4.76,-7.6
-1.45,-5.12,-7.68
-1.45,-5.12,-7.68
-0.68,-5.21,-7.38
-1.03,-5.36,-7.89
-1.03,-5.36,-7.89
-1.03,-5.36,-7.89
-0.45,-5.4,-7.56
-0.45,-5.4,-7.56
-0.5,-4.6,-8.01
-0.5,-4.6,-8.01
-0.5,-4.6,-8.01
-0.13,-5.54,-7.55
-0.61,-5.51,-7.77
-0.61,-5.51,-7.77
-0.78,-5.29,-7.49
-0.78,-5.29,-7.49
-0.78,-5.29,-7.49
-1.15,-5.22,-7.65
-1.15,-5.22,-7.65
-1.15,-5.22,-7.65
-0.12,-5.36,-7.43
-0.12,-5.36,-7.43
-0.12,-5.36,-7.43
-1.09,-5.05,-7.69
-1.09,-5.05,-7.69
-0.95,-4.76,-7.86
-1.12,-5.67,-7.29
-1.12,-5.67,-7.29
-1.12,-5.67,-7.29
-0.65,-4.92,-7.83
-0.65,-4.92,-7.83
-0.65,-4.92,-7.83
-0.61,-5.15,-7.61
-0.61,-5.15,-7.61
-0.61,-5.15,-7.61
-0.52,-5.09,-7.93
-0.52,-5.09,-7.93
-1.24,-6.17,-7.62
-0.46,-4.4,-7.77
-0.46,-4.4,-7.77
-0.46,-4.4,-7.77
-0.88,-5.41,-7.42
-0.88,-5.41,-7.42
-0.88,-5.41,-7.42
-0.49,-5.21,-7.65
-0.49,-5.21,-7.65
-0.6,-5.63,-7.61
-0.6,-5.22,-7.91
-0.6,-5.22,-7.91
-0.87,-5.1,-7.93
-0.94,-5.4,-7.56
-0.94,-5.4,-7.56
-0.94,-5.4,-7.56
-0.22,-4.87,-7.58
-0.22,-4.87,-7.58
-0.22,-4.87,-7.58
-1.24,-5.13,-7.61
-1.24,-5.13,-7.61
-1.24,-5.13,-7.61
-0.74,-5.74,-7.52
-0.74,-5.74,-7.52
-0.74,-5.74,-7.52
-0.57,-5.01,-7.88
-0.57,-5.01,-7.88
-0.57,-5.01,-7.88
-1.03,-5.0,-7.45
-1.03,-5.0,-7.45
-1.03,-5.0,-7.45
0.14,-4.38,-7.52
0.14,-4.38,-7.52
-0.52,-5.26,-7.91
-1.82,-6.17,-7.97
-1.82,-6.17,-7.97
-0.56,-5.35,-7.54
-1.01,-5.11,-7.93
-1.01,-5.11,-7.93
-1.01,-5.11,-7.93
-0.61,-5.39,-7.29
-0.61,-5.39,-7.29
-0.61,-5.39,-7.29
-1.21,-5.13,-8.05
-1.21,-5.13,-8.05
-0.64,-5.44,-7.85
-0.79,-5.22,-7.66
-0.79,-5.22,-7.66
-0.79,-5.22,-7.66
-0.56,-4.83,-7.68
-0.56,-4.83,-7.68
-0.56,-4.83,-7.68
-0.6,-5.22,-7.69
-0.6,-5.22,-7.69
-0.73,-5.66,-7.46
-0.73,-5.66,-7.46
-0.83,-5.46,-7.24
-0.81,-4.82,-7.82
-0.81,-4.82,-7.82
-0.81,-4.82,-7.82
-0.28,-5.41,-7.18
-0.28,-5.41,-7.18
-0.28,-5.41,-7.18
-1.18,-5.09,-8.09
-1.18,-5.09,-8.09
-1.18,-5.09,-8.09
-0.55,-5.24,-7.08
-0.55,-5.24,-7.08
-0.55,-5.24,-7.08
-0.43,-5.59,-7.43
-0.43,-5.59,-7.43
-0.43,-5.59,-7.43
-0.91,-5.02,-7.98
-0.91,-5.02,-7.98
-0.91,-5.02,-7.98
-0.83,-5.71,-7.31
-0.83,-5.71,-7.31
-0.83,-5.71,-7.31
-0.67,-5.23,-8.5
-0.67,-5.23,-8.5
-0.67,-5.23,-8.5
-0.86,-4.54,-7.46
-0.86,-4.54,-7.46
-0.86,-4.54,-7.46
-1.21,-5.14,-7.41
-1.21,-5.14,-7.41
-1.21,-5.14,-7.41
-0.04,-4.49,-7.51
-0.04,-4.49,-7.51
-0.04,-4.49,-7.51
-1.34,-5.78,-7.66
0.15,-4.5,-7.42
0.15,-4.5,-7.42
-1.67,-5.82,-7.96
-1.67,-5.82,-7.96
-1.67,-5.82,-7.96
0.34,-4.69,-6.96
0.34,-4.69,-6.96
0.34,-4.69,-6.96
-1.54,-5.36,-8.01
-1.54,-5.36,-8.01
-1.54,-5.36,-8.01
0.22,-5.47,-7.37
0.22,-5.47,-7.37
-0.94,-5.44,-7.88
-0.65,-5.3,-7.46
-0.65,-5.3,-7.46
-0.65,-5.3,-7.46
-0.59,-4.96,-7.83
-0.59,-4.96,-7.83
-0.59,-4.96,-7.83
-1.2,-5.55,-7.33
-1.2,-5.55,-7.33
-1.2,-5.55,-7.33
-0.75,-4.92,-7.56
-0.75,-4.92,-7.56
-0.75,-4.92,-7.56
-0.71,-5.57,-7.43
-0.71,-5.57,-7.43
-0.71,-5.57,-7.43
-0.83,-4.92,-8.13
-0.83,-4.92,-8.13
-0.83,-4.92,-8.13
-0.64,-5.56,-7.2
-0.64,-5.56,-7.2
-0.64,-5.56,-7.2
-0.63,-4.81,-7.93
-0.63,-4.81,-7.93
-0.63,-4.81,-7.93
-0.78,-5.53,-7.35
-0.78,-5.53,-7.35
-0.56,-5.01,-7.71
-1.05,-5.57,-7.6
-1.05,-5.57,-7.6
-1.05,-5.57,-7.6
-0.3,-5.14,-7.61
-0.3,-5.14,-7.61
-0.3,-5.14,-7.61
-0.28,-4.95,-7.5
-0.47,-5.06,-7.51
-0.61,-5.31,-7.53
-1.24,-5.41,-7.66
-1.24,-5.41,-7.66
0.03,-4.84,-7.81
0.03,-4.84,-7.81
0.03,-4.84,-7.81
-0.79,-5.39,-7.69
-0.79,-5.39,-7.69
-0.79,-5.39,-7.69
-0.44,-5.01,-7.45
-0.44,-5.01,-7.45
-0.44,-5.01,-7.45
-1.13,-5.47,-7.68
-0.57,-5.04,-7.43
-0.57,-5.04,-7.43
-0.82,-5.25,-7.6
-0.82,-5.25,-7.6
-0.82,-5.25,-7.6
-0.28,-5.74,-7.67
-0.28,-5.74,-7.67
-0.28,-5.74,-7.67
-0.79,-5.1,-8.1
-0.79,-5.1,-8.1
-0.79,-5.1,-8.1
-0.34,-5.55,-7.19
-0.34,-5.55,-7.19
-0.34,-5.55,-7.19
-1.0,-5.07,-7.84
-1.0,-5.07,-7.84
-1.0,-5.07,-7.84
-0.35,-4.88,-7.3
-0.35,-4.88,-7.3
-1.15,-5.01,-7.86
-0.44,-5.31,-7.87
-0.44,-5.31,-7.87
0.49,-5.23,-7.5
-1.21,-5.47,-7.56
-1.21,-5.47,-7.56
-1.21,-5.47,-7.56
-1.19,-4.96,-7.4
-1.19,-4.96,-7.4
-1.19,-4.96,-7.4
-0.51,-5.84,-7.62
-0.51,-5.84,-7.62
-0.51,-5.84,-7.62
-0.51,-5.12,-7.6
-0.51,-5.12,-7.6
-0.51,-5.12,-7.6
-0.96,-4.93,-7.59
-0.96,-4.93,-7.59
-0.96,-4.93,-7.59
-0.44,-5.64,-7.38
-0.44,-5.64,-7.38
-0.44,-5.64,-7.38
-1.13,-5.68,-7.85
-1.13,-5.68,-7.85
-0.16,-5.82,-7.67
-0.04,-5.2,-7.46
-0.94,-5.01,-7.51
-0.94,-5.01,-7.51
-0.82,-5.73,-7.61
-0.82,-5.73,-7.61
-0.82,-5.73,-7.61
-0.86,-4.95,-7.39
-0.86,-4.95,-7.39
-0.86,-4.95,-7.39
-0.35,-5.53,-7.82
-0.35,-5.53,-7.82
-1.16,-5.77,-7.43
-0.33,-4.83,-7.34
-0.5,-4.9,-7.82
-0.5,-4.9,-7.82
-1.2,-5.33,-7.26
-1.2,-5.33,-7.26
-1.2,-5.33,-7.26
-0.54,-5.36,-7.96
-0.54,-5.36,-7.96
-0.54,-5.36,-7.96
-0.37,-5.18,-7.24
-0.37,-5.18,-7.24
-0.03,-4.43,-7.6
-0.38,-5.28,-7.94
-1.3,-5.57,-7.75
-1.3,-5.57,-7.75
-0.08,-4.9,-7.39
-0.08,-4.9,-7.39
-0.08,-4.9,-7.39
-0.95,-6.02,-7.73
-0.95,-6.02,-7.73
-0.95,-6.02,-7.73
-0.46,-4.77,-7.51
-0.46,-4.77,-7.51
-0.67,-5.85,-7.7
-1.25,-5.79,-7.87
-0.45,-4.66,-7.51
-0.45,-4.66,-7.51
-0.23,-5.59,-7.72
-0.23,-5.59,-7.72
-0.23,-5.59,-7.72
-1.68,-4.7,-7.57
-1.68,-4.7,-7.57
-1.68,-4.7,-7.57
-0.55,-5.61,-7.48
-0.55,-5.61,-7.48
-0.77,-5.19,-7.73
-0.62,-5.55,-7.28
-0.62,-5.55,-7.28
-0.62,-5.55,-7.28
-1.1,-5.22,-7.82
-1.1,-5.22,-7.82
-1.1,-5.22,-7.82
0.02,-4.76,-7.46
0.02,-4.76,-7.46
0.02,-4.76,-7.46
-0.82,-5.72,-7.65
-0.82,-5.72,-7.65
-0.14,-5.05,-7.35
-0.51,-5.42,-7.73
-0.51,-5.42,-7.73
-0.51,-5.42,-7.73
-1.3,-5.33,-7.52
-1.3,-5.33,-7.52
-1.3,-5.33,-7.52
0.04,-5.31,-7.86
0.04,-5.31,-7.86
0.04,-5.31,-7.86
-0.57,-5.32,-7.34
-0.57,-5.32,-7.34
-0.73,-5.38,-7.82
-0.73,-5.38,-7.82
-1.15,-5.95,-7.89
-0.27,-4.75,-7.11
-0.27,-4.75,-7.11
-0.27,-4.75,-7.11
-0.78,-5.36,-7.95
-0.78,-5.36,-7.95
-0.78,-5.36,-7.95
-0.74,-5.09,-7.38
-0.74,-5.09,-7.38
-0.57,-5.0,-8.05
-0.29,-5.07,-7.24
-0.29,-5.07,-7.24
-0.29,-5.07,-7.24
-1.08,-5.33,-7.99
-1.08,-5.33,-7.99
-1.08,-5.33,-7.99
0.05,-5.1,-7.32
0.05,-5.1,-7.32
0.05,-5.1,-7.32
-1.12,-5.5,-7.94
-1.12,-5.5,-7.94
-1.12,-5.5,-7.94
-1.05,-5.13,-7.47
-1.05,-5.13,-7.47
-1.05,-5.13,-7.47
-0.55,-5.55,-7.72
-0.55,-5.55,-7.72
-0.55,-5.55,-7.72
-0.63,-5.08,-7.35
-0.63,-5.08,-7.35
-0.63,-5.08,-7.35
-0.51,-5.26,-7.9
-0.51,-5.26,-7.9
-0.64,-5.35,-7.49
-0.64,-5.02,-8.1
-0.64,-5.02,-8.1
-0.64,-5.02,-8.1
-0.48,-5.45,-7.03
-0.48,-5.45,-7.03
-0.61,-5.0,-7.98
-0.61,-5.0,-7.98
-0.61,-5.0,-7.98
-0.65,-5.2,-7.28
-0.65,-5.2,-7.28
-0.65,-5.2,-7.28
-1.08,-5.67,-7.79
-1.08,-5.67,-7.79
-1.08,-5.67,-7.79
-0.34,-5.39,-7.48
-0.34,-5.39,-7.48
-0.34,-5.39,-7.48
-0.31,-5.31,-7.9
-0.31,-5.31,-7.9
-0.31,-5.31,-7.9
-1.12,-5.62,-7.38
-1.12,-5.62,-7.38
-1.12,-5.62,-7.38
-0.66,-5.24,-7.46
-0.66,-5.24,-7.46
-0.66,-5.24,-7.46
-0.62,-5.4,-7.69
-0.62,-5.4,-7.69
-0.62,-5.4,-7.69
-0.92,-5.32,-7.56
-0.92,-5.32,-7.56
-0.92,-5.32,-7.56
-0.29,-5.33,-7.73
-0.29,-5.33,-7.73
-0.23,-5.3,-7.35
-0.46,-5.26,-7.89
-0.46,-5.26,-7.89
-0.46,-5.26,-7.89
0.23,-5.37,-7.25
0.23,-5.37,-7.25
0.23,-5.37,-7.25
-1.59,-5.78,-8.11
-1.59,-5.78,-8.11
-1.59,-5.78,-8.11
0.25,-4.85,-7.19
0.25,-4.85,-7.19
-0.69,-4.97,-7.41
-0.3,-5.58,-7.57
-0.3,-5.58,-7.57
-0.3,-5.58,-7.57
-0.68,-5.32,-7.64
-0.68,-5.32,-7.64
-0.68,-5.32,-7.64
-0.55,-5.3,-7.4
-0.55,-5.3,-7.4
-0.55,-5.3,-7.4
-0.79,-5.15,-7.92
-0.79,-5.15,-7.92
-1.16,-5.27,-7.84
-0.63,-4.95,-7.42
-0.63,-4.95,-7.42
-0.63,-4.95,-7.42
-0.6,-5.29,-7.8
-0.6,-5.29,-7.8
-0.6,-5.29,-7.8
-0.14,-5.41,-7.31
-0.14,-5.41,-7.31
-0.14,-5.41,-7.31
-1.21,-5.22,-7.82
-1.21,-5.22,-7.82
-1.04,-5.74,-7.38
0.11,-5.08,-7.3
0.07,-4.89,-7.91
0.07,-4.89,-7.91
-1.08,-5.41,-7.93
-1.08,-5.41,-7.93
-1.08,-5.41,-7.93
-0.19,-5.38,-7.41
-0.19,-5.38,-7.41
-0.19,-5.38,-7.41
-1.34,-5.4,-7.6
-1.34,-5.4,-7.6
-1.34,-5.4,-7.6
-0.89,-4.95,-8.06
-0.89,-4.95,-8.06
-0.89,-4.95,-8.06
-0.6,-5.45,-7.34
-0.6,-5.45,-7.34
-1.09,-5.28,-7.85
-1.09,-5.28,-7.85
-1.09,-5.28,-7.85
0.34,-5.14,-7.52
0.34,-5.14,-7.52
0.34,-5.14,-7.52
-0.81,-5.04,-7.62
-0.81,-5.04,-7.62
-0.81,-5.04,-7.62
0.14,-5.17,-7.67
0.14,-5.17,-7.67
0.14,-5.17,-7.67
-0.57,-5.11,-7.75
-0.57,-5.11,-7.75
-0.57,-5.11,-7.75
-0.48,-5.75,-7.41
-0.48,-5.75,-7.41
-1.45,-5.45,-7.45
0.3,-4.78,-7.61
0.3,-4.78,-7.61
0.3,-4.78,-7.61
-0.67,-5.27,-7.82
-0.67,-5.27,-7.82
-0.67,-5.27,-7.82
-0.51,-5.65,-7.69
-0.51,-5.65,-7.69
0.59,-5.54,-7.01
-1.41,-5.07,-7.98
-1.41,-5.07,-7.98
-1.59,-5.36,-8.08
0.99,-4.82,-7.08
0.99,-4.82,-7.08
0.99,-4.82,-7.08
-1.53,-5.58,-8.01
-1.53,-5.58,-8.01
-1.53,-5.58,-8.01
0.33,-4.87,-7.53
0.33,-4.87,-7.53
0.33,-4.87,-7.53
-0.92,-5.59,-7.82
-0.92,-5.59,-7.82
-0.92,-5.59,-7.82
-1.4,-5.53,-7.82
-1.4,-5.53,-7.82
-1.4,-5.53,-7.82
0.15,-4.46,-7.65
0.15,-4.46,-7.65
0.15,-4.46,-7.65
-0.83,-5.64,-7.63
-0.83,-5.64,-7.63
-0.83,-5.64,-7.63
-0.44,-5.55,-7.7
-0.44,-5.55,-7.7
-0.05,-5.74,-7.66
-0.43,-5.24,-7.72
-0.43,-5.24,-7.72
-0.43,-5.24,-7.72
0.04,-5.16,-7.48
0.04,-5.16,-7.48
0.04,-5.16,-7.48
-1.12,-5.35,-7.73
-1.12,-5.35,-7.73
-1.12,-5.35,-7.73
-0.02,-5.31,-7.36
-1.75,-5.89,-7.76
-1.75,-5.89,-7.76
0.25,-4.85,-7.54
0.25,-4.85,-7.54
0.25,-4.85,-7.54
-0.4,-5.31,-7.6
-0.4,-5.31,-7.6
-0.4,-5.31,-7.6
-0.56,-5.35,-7.7
-0.56,-5.35,-7.7
-0.56,-5.35,-7.7
-0.04,-4.59,-7.59
-1.42,-5.11,-8.11
-1.42,-5.11,-8.11
0.65,-5.23,-7.25
0.65,-5.23,-7.25
0.65,-5.23,-7.25
-1.21,-5.61,-8.23
-1.21,-5.61,-8.23
-1.21,-5.61,-8.23
0.18,-4.84,-7.41
0.18,-4.84,-7.41
0.18,-4.84,-7.41
-0.2,-5.29,-7.8
-0.2,-5.29,-7.8
-0.2,-5.29,-7.8
-0.61,-5.46,-7.37
-0.61,-5.46,-7.37
-0.61,-5.46,-7.37
-0.01,-5.32,-7.94
-0.01,-5.32,-7.94
-0.01,-5.32,-7.94
-0.19,-5.05,-7.2
-0.19,-5.05,-7.2
-0.19,-5.05,-7.2
-0.91,-5.38,-7.94
-0.91,-5.38,-7.94
0.11,-5.06,-7.47
-0.46,-5.23,-8.13
-0.46,-5.23,-8.13
-0.46,-5.23,-8.13
-0.39,-5.42,-7.37
-0.39,-5.42,-7.37
-0.39,-5.42,-7.37
-0.1,-4.92,-7.78
-0.1,-4.92,-7.78
-0.1,-4.92,-7.78
0.39,-5.18,-7.13
0.39,-5.18,-7.13
0.39,-5.18,-7.13
-1.04,-5.06,-7.87
-1.04,-5.06,-7.87
-1.04,-5.06,-7.87
0.74,-5.0,-7.63
0.74,-5.0,-7.63
0.74,-5.0,-7.63
0.93,-4.61,-8.04
0.93,-4.61,-8.04
0.93,-4.61,-8.04
-26.16,-5.14,-8.97
