aX,aY,aZ
-19.74,0.66,-4.19
15.8,-3.99,-17.39
15.8,-3.99,-17.39
15.8,-3.99,-17.39
5.6,0.98,-10.24
5.6,0.98,-10.24
5.6,0.98,-10.24
3.13,-9.34,-8.82
2.82,-7.34,-8.55
2.82,-7.34,-8.55
1.33,-6.49,-7.2
1.33,-6.49,-7.2
1.33,-6.49,-7.2
-1.69,-6.08,-7.53
-1.69,-6.08,-7.53
-1.69,-6.08,-7.53
0.2,-4.94,-7.0
0.2,-4.94,-7.0
0.2,-4.94,-7.0
0.96,-5.26,-6.92
0.96,-5.26,-6.92
0.52,-4.82,-7.8
1.3,-6.15,-7.74
1.3,-6.15,-7.74
1.3,-6.15,-7.74
1.0,-6.56,-7.31
1.0,-6.56,-7.31
1.0,-6.56,-7.31
0.9,-5.38,-7.91
0.9,-5.38,-7.91
0.9,-5.38,-7.91
0.91,-5.41,-7.18
0.91,-5.41,-7.18
0.91,-5.41,-7.18
1.37,-5.49,-7.42
1.37,-5.49,-7.42
0.69,-6.29,-7.48
0.69,-6.29,-7.48
0.69,-6.29,-7.48
1.07,-5.8,-7.01
1.07,-5.8,-7.01
1.07,-5.8,-7.01
0.92,-6.05,-7.17
0.92,-6.05,-7.17
0.54,-6.47,-7.19
1.08,-5.63,-7.17
1.08,-5.63,-7.17
1.08,-5.63,-7.17
1.42,-6.09,-7.06
1.42,-6.09,-7.06
1.42,-6.09,-7.06
0.68,-6.3,-7.22
0.68,-6.3,-7.22
0.68,-6.3,-7.22
1.19,-5.64,-7.2
1.23,-5.8,-6.97
1.23,-5.8,-6.97
1.47,-6.13,-7.11
1.47,-6.13,-7.11
1.47,-6.13,-7.11
1.14,-6.44,-7.26
1.14,-6.44,-7.26
1.14,-6.44,-7.26
0.98,-6.34,-7.16
0.98,-6.34,-7.16
1.06,-6.49,-7.18
1.03,-6.46,-7.12
1.03,-6.46,-7.12
1.0,-6.44,-7.06
0.93,-5.95,-6.85
0.93,-5.95,-6.85
0.93,-5.95,-6.85
1.11,-6.17,-6.92
1.11,-6.17,-6.92
1.11,-6.17,-6.92
0.81,-6.35,-6.8
0.81,-6.35,-6.8
0.96,-6.07,-6.73
0.99,-5.55,-6.88
0.99,-5.55,-6.88
0.89,-5.68,-7.0
1.09,-6.32,-7.05
1.09,-6.32,-7.05
1.09,-6.32,-7.05
1.46,-5.87,-7.17
1.46,-5.87,-7.17
1.46,-5.87,-7.17
1.47,-6.1,-7.32
1.47,-6.1,-7.32
1.58,-6.37,-7.29
2.06,-6.42,-7.21
2.06,-6.42,-7.21
2.06,-6.42,-7.21
1.8,-6.49,-7.44
1.8,-6.49,-7.44
1.8,-6.49,-7.44
1.93,-6.12,-7.09
1.93,-6.12,-7.09
1.93,-6.12,-7.09
1.56,-5.82,-7.09
1.56,-5.82,-7.09
1.56,-5.82,-7.09
1.59,-5.75,-6.92
1.59,-5.75,-6.92
1.59,-5.75,-6.92
1.41,-5.5,-6.68
1.41,-5.5,-6.68
1.41,-5.5,-6.68
1.25,-5.74,-6.82
1.25,-5.74,-6.82
1.25,-5.74,-6.82
1.72,-6.2,-6.87
1.72,-6.2,-6.87
1.72,-6.2,-6.87
1.43,-5.99,-7.32
1.43,-5.99,-7.32
1.7,-5.95,-7.48
1.7,-5.95,-7.48
1.7,-5.95,-7.48
2.61,-6.18,-7.18
2.61,-6.18,-7.18
2.61,-6.18,-7.18
2.01,-5.1,-6.57
2.01,-5.1,-6.57
2.01,-5.1,-6.57
1.86,-4.04,-5.92
1.86,-4.04,-5.92
1.86,-4.04,-5.92
1.64,-2.06,-5.6
1.64,-2.06,-5.6
1.64,-2.06,-5.6
1.41,-0.2,-3.64
1.41,-0.2,-3.64
1.41,-0.2,-3.64
2.52,-1.2,-1.52
2.52,-1.2,-1.52
2.52,-1.2,-1.52
2.58,-0.8,0.05
2.58,-0.8,0.05
2.58,-0.8,0.05
2.21,-4.57,0.83
2.21,-4.57,0.83
2.21,-4.57,0.83
2.02,-5.08,0.72
2.02,-5.08,0.72
2.02,-5.08,0.72
0.85,-11.76,6.38
0.85,-11.76,6.38
0.85,-11.76,6.38
-1.89,-13.25,5.71
-1.89,-13.25,5.71
-1.89,-13.25,5.71
-3.31,-13.75,6.34
-3.31,-13.75,6.34
-3.31,-13.75,6.34
-4.0,-13.48,7.23
-4.0,-13.48,7.23
-4.0,-13.48,7.23
-4.61,-11.58,6.98
-4.61,-11.58,6.98
-6.58,-10.72,6.36
-4.61,-11.24,7.28
-4.61,-11.24,7.28
-2.86,-10.79,7.13
-3.81,-9.52,6.26
-3.81,-9.52,6.26
-3.81,-9.52,6.26
-2.87,-8.73,6.2
-2.87,-8.73,6.2
-2.87,-8.73,6.2
-2.96,-9.12,5.84
-2.96,-9.12,5.84
-2.96,-9.12,5.84
-3.22,-7.64,5.55
-3.22,-7.64,5.55
-3.22,-7.64,5.55
-4.17,-6.77,5.27
-4.17,-6.77,5.27
-4.17,-6.77,5.27
-5.29,-8.31,5.24
-5.29,-8.31,5.24
-5.29,-8.31,5.24
-4.8,-6.6,4.55
-4.8,-6.6,4.55
-5.39,-7.37,4.64
-2.67,-8.72,5.53
-2.67,-8.72,5.53
-2.67,-8.72,5.53
-2.15,-7.18,4.69
-2.15,-7.18,4.69
-2.15,-7.18,4.69
-2.41,-7.18,5.14
-2.41,-7.18,5.14
-2.41,-7.18,5.14
-2.93,-7.86,5.39
-2.99,-7.51,5.29
-2.99,-7.51,5.29
-4.39,-6.98,4.73
-4.39,-6.98,4.73
-4.39,-6.98,4.73
-4.31,-7.81,4.7
-4.31,-7.81,4.7
-4.31,-7.81,4.7
-4.51,-8.05,4.87
-4.51,-8.05,4.87
-4.53,-7.01,4.19
-4.46,-7.26,4.34
-4.46,-7.26,4.34
-3.42,-7.23,5.8
-3.42,-7.23,5.8
-4.36,-6.13,6.4
-4.36,-6.13,6.4
-4.36,-6.13,6.4
-5.55,-5.88,6.58
-5.55,-5.88,6.58
-5.55,-5.88,6.58
-6.2,-7.19,7.61
-6.2,-7.19,7.61
-5.4,-6.34,7.31
-4.18,-5.48,6.48
-4.18,-5.48,6.48
-4.18,-5.48,6.48
-3.62,-5.95,5.49
-3.62,-5.95,5.49
-3.62,-5.95,5.49
-3.53,-5.68,5.44
-3.53,-5.68,5.44
-3.53,-5.68,5.44
-3.7,-5.41,5.08
-3.7,-5.41,5.08
-3.93,-4.42,4.68
-3.98,-5.06,5.1
-3.98,-5.06,5.1
-3.98,-5.06,5.1
-4.79,-5.46,4.31
-4.79,-5.46,4.31
-4.79,-5.46,4.31
-8.46,-5.16,4.61
-8.46,-5.16,4.61
-8.46,-5.16,4.61
-7.5,-4.01,5.46
-8.44,-4.75,5.82
-8.44,-4.75,5.82
-7.2,-4.13,5.53
-7.2,-4.13,5.53
-7.2,-4.13,5.53
-5.3,-5.54,6.02
-5.3,-5.54,6.02
-5.3,-5.54,6.02
-4.43,-5.41,4.63
-4.43,-5.41,4.63
-4.43,-5.41,4.63
-6.61,-6.38,4.06
-6.61,-6.38,4.06
-8.15,-7.41,4.68
-9.04,-7.63,6.05
-9.04,-7.63,6.05
-9.04,-7.63,6.05
-10.33,-5.37,6.18
-10.33,-5.37,6.18
-10.33,-5.37,6.18
-8.39,-9.46,8.54
-8.39,-9.46,8.54
-8.39,-9.46,8.54
-5.37,-8.9,8.09
-4.53,-7.89,7.86
-4.53,-7.89,7.86
-1.94,-6.15,6.34
-1.94,-6.15,6.34
-1.94,-6.15,6.34
-0.03,-5.67,6.95
-0.03,-5.67,6.95
-0.03,-5.67,6.95
1.32,-4.99,7.11
1.32,-4.99,7.11
1.69,-4.38,7.23
2.77,-3.03,7.18
2.77,-3.03,7.18
2.77,-3.03,7.18
3.63,-2.34,7.53
3.63,-2.34,7.53
3.63,-2.34,7.53
5.33,-1.51,7.36
5.33,-1.51,7.36
5.33,-1.51,7.36
4.83,-1.59,7.19
4.83,-1.59,7.19
5.07,-2.3,7.52
5.42,-3.34,7.81
5.42,-3.34,7.81
5.21,-3.92,7.51
4.71,-4.54,6.95
4.71,-4.54,6.95
4.71,-4.54,6.95
5.8,-6.03,7.95
5.8,-6.03,7.95
5.8,-6.03,7.95
5.95,-6.36,7.21
5.95,-6.36,7.21
5.95,-6.36,7.21
5.16,-8.32,6.12
5.16,-8.32,6.12
5.16,-8.32,6.12
5.46,-7.54,5.65
5.46,-7.54,5.65
5.46,-7.54,5.65
5.54,-7.94,7.0
5.54,-7.94,7.0
5.54,-7.94,7.0
4.85,-8.47,7.51
4.85,-8.47,7.51
4.61,-7.93,7.01
4.36,-7.48,6.46
4.36,-7.48,6.46
3.91,-7.53,6.31
3.26,-7.48,6.06
3.26,-7.48,6.06
3.26,-7.48,6.06
3.16,-6.92,6.14
3.16,-6.92,6.14
3.16,-6.92,6.14
3.44,-7.15,6.7
3.44,-7.03,6.9
3.79,-6.57,6.58
3.79,-6.57,6.58
3.79,-6.57,6.58
4.51,-5.85,6.18
4.51,-5.85,6.18
4.51,-5.85,6.18
5.01,-6.88,6.77
5.01,-6.88,6.77
5.01,-6.88,6.77
5.36,-6.38,6.25
5.36,-6.38,6.25
5.36,-6.38,6.25
4.12,-6.97,5.87
4.12,-6.97,5.87
4.12,-6.97,5.87
3.81,-8.37,5.87
3.81,-8.37,5.87
3.81,-8.37,5.87
3.4,-7.72,4.67
3.4,-7.72,4.67
3.4,-7.72,4.67
2.0,-8.05,4.36
2.0,-8.05,4.36
2.0,-8.05,4.36
1.92,-8.97,3.83
1.92,-8.97,3.83
1.92,-8.97,3.83
1.9,-8.91,3.6
1.9,-8.91,3.6
1.9,-8.91,3.6
3.46,-8.33,4.53
3.46,-8.33,4.53
3.46,-8.33,4.53
4.2,-7.81,4.29
4.2,-7.81,4.29
4.2,-7.64,4.15
3.84,-7.09,4.14
3.84,-7.09,4.14
3.84,-7.09,4.14
3.54,-7.3,4.45
3.54,-7.3,4.45
3.54,-7.3,4.45
3.83,-7.59,4.48
3.83,-7.59,4.48
3.83,-7.59,4.48
3.41,-7.94,4.43
3.37,-8.16,4.5
3.37,-8.16,4.5
3.43,-8.06,4.57
3.43,-8.06,4.57
4.28,-8.39,5.35
4.28,-8.39,5.35
4.28,-8.39,5.35
3.71,-7.87,5.2
3.71,-7.87,5.2
3.71,-7.87,5.2
2.74,-8.33,5.69
2.74,-8.33,5.69
3.71,-7.82,5.77
4.12,-7.32,6.35
4.12,-7.32,6.35
4.12,-7.32,6.35
4.98,-5.55,6.23
4.98,-5.55,6.23
4.98,-5.55,6.23
6.03,-5.64,7.72
6.03,-5.64,7.72
6.03,-5.64,7.72
5.91,-4.41,6.65
5.91,-4.41,6.65
5.21,-4.56,6.82
3.49,-5.53,6.68
3.49,-5.53,6.68
3.49,-5.53,6.68
4.69,-5.6,8.02
4.69,-5.6,8.02
4.69,-5.6,8.02
3.15,-4.62,8.29
3.15,-4.62,8.29
3.15,-4.62,8.29
3.94,-5.76,8.81
3.94,-5.76,8.81
4.06,-5.92,8.76
3.5,-6.61,8.25
3.5,-6.61,8.25
3.5,-6.61,8.25
3.44,-6.13,7.23
3.44,-6.13,7.23
3.44,-6.13,7.23
2.42,-7.16,7.29
2.42,-7.16,7.29
2.42,-7.16,7.29
2.7,-6.4,6.65
2.7,-6.4,6.65
2.7,-6.4,6.65
2.65,-5.53,6.53
2.65,-5.53,6.53
2.65,-5.53,6.53
2.77,-5.95,7.11
2.77,-5.95,7.11
2.77,-5.95,7.11
1.87,-5.33,7.33
1.87,-5.33,7.33
1.87,-5.33,7.33
0.54,-6.39,7.9
0.54,-6.39,7.9
0.54,-6.39,7.9
2.93,-6.26,8.89
2.93,-6.26,8.89
2.93,-6.26,8.89
2.12,-7.37,8.56
2.12,-7.37,8.56
2.12,-7.37,8.56
1.77,-6.73,7.83
1.77,-6.73,7.83
1.95,-6.15,7.72
1.33,-5.67,7.04
1.33,-5.67,7.04
1.33,-5.67,7.04
0.76,-6.25,7.05
0.76,-6.25,7.05
0.76,-6.25,7.05
0.9,-5.25,6.6
0.9,-5.25,6.6
0.9,-5.25,6.6
0.67,-6.37,7.11
0.67,-6.37,7.11
0.35,-6.73,7.04
0.29,-6.05,6.86
0.29,-6.05,6.86
0.29,-6.05,6.86
0.91,-6.51,8.11
0.91,-6.51,8.11
0.91,-6.51,8.11
0.3,-6.83,7.63
0.3,-6.83,7.63
0.3,-6.83,7.63
-0.16,-6.79,7.4
-0.16,-6.79,7.4
-0.16,-6.79,7.4
-0.03,-6.21,7.75
-0.03,-6.21,7.75
-0.47,-6.04,7.59
-0.37,-6.31,7.67
-0.37,-6.31,7.67
-0.37,-6.31,7.67
-0.98,-6.75,8.41
-0.98,-6.75,8.41
-0.98,-6.75,8.41
-1.56,-5.64,8.01
-1.56,-5.64,8.01
-1.56,-5.64,8.01
-1.59,-6.58,8.47
-1.59,-6.58,8.47
-1.69,-6.57,8.35
-1.38,-5.88,8.0
-1.38,-5.88,8.0
-1.38,-5.88,8.0
-1.55,-6.34,8.67
-1.55,-6.34,8.67
-1.55,-6.34,8.67
-2.29,-5.63,8.44
-2.29,-5.63,8.44
-2.35,-5.17,8.17
-2.32,-5.36,8.03
-2.32,-5.36,8.03
-1.32,-6.0,9.5
-1.32,-6.0,9.5
-1.32,-6.0,9.5
-1.56,-7.06,8.9
-1.56,-7.06,8.9
-1.56,-7.06,8.9
-1.78,-5.62,7.82
-1.78,-5.62,7.82
-1.78,-5.62,7.82
-2.93,-5.47,8.17
-2.93,-5.47,8.17
-2.93,-5.47,8.17
-3.0,-6.72,9.44
-3.0,-6.72,9.44
-3.0,-6.72,9.44
-3.46,-7.0,9.92
-3.46,-7.0,9.92
-3.46,-7.0,9.92
-5.25,-5.61,9.99
-5.25,-5.61,9.99
-5.25,-5.61,9.99
-6.52,-5.32,9.93
-6.52,-5.32,9.93
-8.12,-7.3,10.7
-5.92,-7.05,10.17
-5.92,-7.05,10.17
-5.92,-7.05,10.17
-4.23,-5.02,9.4
-4.23,-5.02,9.4
-4.23,-5.02,9.4
-2.22,-4.84,9.5
-2.22,-4.84,9.5
-2.22,-4.84,9.5
-1.42,-4.36,9.13
-1.42,-4.36,9.13
-1.42,-4.36,9.13
-1.42,-4.04,8.62
-1.42,-4.04,8.62
-1.42,-4.04,8.62
-2.09,-4.36,8.27
-2.09,-4.36,8.27
-2.09,-4.36,8.27
-2.1,-4.22,8.23
-2.1,-4.22,8.23
-2.1,-4.22,8.23
-2.61,-3.86,6.74
-2.61,-3.86,6.74
-2.61,-3.86,6.74
-2.51,-3.16,5.75
-2.51,-3.16,5.75
-2.51,-3.16,5.75
-2.05,-3.86,6.01
-2.05,-3.86,6.01
-1.95,-3.55,5.41
-1.95,-3.55,5.41
-1.91,-2.63,4.22
-2.14,-1.98,3.45
-2.14,-1.98,3.45
-2.14,-1.98,3.45
-3.28,-5.19,4.86
-3.28,-5.19,4.86
-3.28,-5.19,4.86
-4.32,-4.42,3.05
-4.32,-4.42,3.05
-4.32,-4.42,3.05
-6.08,-4.15,2.73
-6.08,-4.15,2.73
-6.08,-4.15,2.73
-7.54,-6.46,4.22
-7.54,-6.46,4.22
-7.54,-6.46,4.22
-7.65,-4.99,3.87
-7.65,-4.99,3.87
-7.65,-4.99,3.87
-8.8,-5.21,3.94
-8.8,-5.21,3.94
-8.8,-5.21,3.94
-8.35,-5.26,2.93
-8.35,-5.26,2.93
-8.35,-5.26,2.93
-8.81,-3.97,2.41
-8.81,-3.97,2.41
-8.69,-3.94,2.51
-10.11,-3.68,2.33
-10.11,-3.68,2.33
-10.11,-3.68,2.33
-9.46,-5.36,2.28
-9.46,-5.36,2.28
-9.46,-5.36,2.28
-6.42,-4.98,3.26
-6.42,-4.98,3.26
-7.55,-4.3,2.6
-7.84,-3.06,2.14
-7.84,-3.06,2.14
-7.07,-3.27,2.23
-8.18,-4.83,2.13
-8.18,-4.83,2.13
-8.18,-4.83,2.13
-6.14,-2.66,0.98
-6.14,-2.66,0.98
-6.14,-2.66,0.98
-6.12,-3.87,1.47
-6.12,-3.87,1.47
-6.12,-3.87,1.47
-9.15,-3.45,1.82
-9.15,-3.45,1.82
-9.15,-3.45,1.82
-10.84,-3.73,1.74
-10.84,-3.73,1.74
-10.84,-3.73,1.74
-10.69,-3.29,1.18
-10.69,-3.29,1.18
-10.69,-3.29,1.18
-7.19,-5.37,2.38
-6.65,-6.09,2.7
-6.65,-6.09,2.7
-7.19,-6.03,2.8
-6.91,-6.06,3.34
-6.91,-6.06,3.34
-7.33,-4.35,4.77
-7.33,-4.35,4.77
-7.33,-4.35,4.77
-9.16,-0.1,2.8
-9.16,-0.1,2.8
-9.16,-0.1,2.8
-8.76,-1.61,3.49
-9.03,-0.97,3.62
-9.03,-0.97,3.62
-8.54,-1.44,4.0
-8.54,-1.44,4.0
-8.54,-1.44,4.0
-8.92,-2.65,3.84
-8.92,-2.65,3.84
-8.92,-2.65,3.84
-8.6,-2.28,2.84
-8.6,-2.28,2.84
-8.6,-2.28,2.84
-9.13,-2.84,2.48
-8.62,-2.72,3.36
-8.62,-2.72,3.36
-9.84,-1.47,2.85
-9.84,-1.47,2.85
-9.84,-1.47,2.85
-10.02,-1.45,3.42
-10.02,-1.45,3.42
-10.02,-1.45,3.42
-10.13,-1.34,4.04
-10.13,-1.34,4.04
-10.13,-1.34,4.04
-9.52,-1.73,4.21
-9.52,-1.73,4.21
-9.52,-1.73,4.21
-8.65,-2.51,3.81
-8.65,-2.51,3.81
-8.65,-2.51,3.81
-8.07,-2.88,3.48
-8.07,-2.88,3.48
-8.07,-2.88,3.48
-8.26,-4.15,3.81
-8.26,-4.15,3.81
-8.26,-4.15,3.81
-7.27,-4.28,3.89
-7.27,-4.28,3.89
-6.85,-4.91,4.13
-6.48,-5.05,4.22
-6.18,-4.67,4.2
-6.18,-4.67,4.2
-6.21,-4.41,3.79
-6.21,-4.41,3.79
-6.21,-4.41,3.79
-6.36,-3.68,3.11
-6.36,-3.68,3.11
-6.36,-3.68,3.11
-6.16,-4.25,3.06
-6.16,-4.25,3.06
-6.45,-4.92,3.3
-6.38,-3.82,3.31
-6.38,-3.82,3.31
-6.38,-3.82,3.31
-6.75,-4.15,4.17
-6.75,-4.15,4.17
-6.75,-4.15,4.17
-7.65,-4.15,4.59
-7.65,-4.15,4.59
-7.65,-4.15,4.59
-7.04,-3.82,4.42
-7.0,-3.38,4.18
-7.0,-3.38,4.18
-6.72,-4.42,4.86
-6.72,-4.42,4.86
-6.72,-4.42,4.86
-6.72,-3.8,4.92
-6.72,-3.8,4.92
-6.72,-3.8,4.92
-7.98,-4.41,5.52
-7.98,-4.41,5.52
-7.73,-4.6,4.78
-7.41,-3.84,3.3
-7.41,-3.84,3.3
-7.41,-3.84,3.3
-5.87,-6.13,4.21
-5.87,-6.13,4.21
-5.87,-6.13,4.21
-2.62,-4.05,3.72
-2.62,-4.05,3.72
-2.62,-4.05,3.72
-2.71,-8.29,3.47
-2.71,-8.29,3.47
-2.71,-8.29,3.47
-3.17,-8.95,3.31
-3.06,-6.85,3.19
-3.06,-6.85,3.19
-6.48,-7.14,3.41
-6.48,-7.14,3.41
-6.48,-7.14,3.41
-8.06,-7.63,4.17
-8.06,-7.63,4.17
-8.06,-7.63,4.17
-10.04,-4.22,4.08
-10.04,-4.22,4.08
-10.04,-4.22,4.08
-8.84,-6.51,4.54
-7.84,-6.33,4.22
-5.18,-6.44,4.39
-5.18,-6.44,4.39
-5.18,-6.44,4.39
-5.56,-4.63,3.72
-5.56,-4.63,3.72
-5.56,-4.63,3.72
-5.73,-7.53,4.64
-5.73,-7.53,4.64
-5.83,-7.39,4.34
-5.5,-5.53,4.39
-5.5,-5.53,4.39
-5.5,-5.53,4.39
-5.85,-6.8,4.95
-5.85,-6.8,4.95
-5.85,-6.8,4.95
-5.78,-6.58,4.63
-5.78,-6.58,4.63
-5.78,-6.58,4.63
-5.6,-5.5,4.27
-5.6,-5.5,4.27
-5.6,-5.5,4.27
-5.22,-6.32,4.5
-5.22,-6.32,4.5
-5.22,-6.32,4.5
-5.44,-5.82,4.46
-5.44,-5.82,4.46
-5.44,-5.82,4.46
-5.61,-6.32,4.68
-5.61,-6.32,4.68
-5.61,-6.32,4.68
-5.47,-6.36,4.79
-5.47,-6.36,4.79
-5.47,-6.36,4.79
-5.89,-7.02,4.25
-5.89,-7.02,4.25
-9.29,2.63,0.24
-8.91,2.84,0.16
-8.91,2.84,0.16
-8.87,2.97,0.02
-9.05,2.78,-0.09
-9.05,2.78,-0.09
-9.21,2.51,-0.15
-9.36,2.35,-0.13
-9.36,2.35,-0.13
-9.36,2.35,-0.13
-8.87,2.74,-0.11
-8.87,2.74,-0.11
-8.87,2.74,-0.11
-8.79,3.01,0.25
-9.31,3.4,0.84
-9.31,3.4,0.84
-9.31,3.4,0.84
-9.64,3.15,0.99
-9.64,3.15,0.99
-9.64,3.15,0.99
-9.66,2.42,1.36
-9.66,2.42,1.36
-9.6,2.42,1.65
-9.6,2.42,1.65
-9.6,2.42,1.65
-9.0,2.73,2.03
-9.0,2.73,2.03
-9.0,2.73,2.03
-8.36,2.62,2.17
-8.36,2.62,2.17
-8.36,2.62,2.17
-7.81,2.77,2.38
-7.81,2.77,2.38
-7.81,2.77,2.38
-7.53,3.43,2.62
-7.53,3.43,2.62
-7.53,3.43,2.62
-7.11,2.94,3.19
-7.11,2.94,3.19
-7.11,2.94,3.19
-7.44,3.07,3.76
-7.44,3.07,3.76
-7.44,3.07,3.76
-7.49,3.01,4.18
-7.49,3.01,4.18
-7.49,3.01,4.18
-8.03,2.39,4.45
-8.03,2.39,4.45
-8.03,2.39,4.45
-8.0,2.52,4.73
-7.98,2.5,4.83
-7.98,2.5,4.83
-7.65,2.43,5.0
-7.65,2.43,5.0
-7.65,2.43,5.0
-8.02,2.54,5.0
-8.02,2.54,5.0
-8.02,2.54,5.0
-7.92,2.51,5.11
-7.92,2.51,5.11
-7.85,2.27,5.04
-7.82,1.86,5.15
-7.82,1.86,5.15
-7.82,1.86,5.15
-7.96,0.99,5.34
-7.96,0.99,5.34
-7.96,0.99,5.34
-8.55,0.9,5.26
-8.55,0.9,5.26
-8.55,0.9,5.26
-8.17,1.22,4.77
-8.17,1.22,4.77
-7.9,1.24,4.6
-7.88,1.39,4.62
-7.88,1.39,4.62
-7.88,1.39,4.62
-8.92,0.81,4.86
-8.92,0.81,4.86
-8.92,0.81,4.86
-8.63,1.21,4.1
-8.63,1.21,4.1
-8.63,1.21,4.1
-7.78,1.48,3.46
-7.78,1.48,3.46
-7.77,1.4,3.41
-8.33,0.73,3.72
-8.33,0.73,3.72
-8.33,0.73,3.72
-8.45,1.7,3.73
-8.45,1.7,3.73
-8.45,1.7,3.73
-8.52,2.0,3.64
-8.52,2.0,3.64
-8.52,2.0,3.64
-8.57,1.69,3.55
-8.57,1.69,3.55
-9.07,1.78,3.49
-8.89,2.55,3.28
-8.89,2.55,3.28
-8.89,2.55,3.28
-8.89,2.16,3.01
-8.89,2.16,3.01
-8.89,2.16,3.01
-8.96,2.34,2.97
-8.96,2.34,2.97
-8.96,2.34,2.97
-8.34,1.93,2.47
-8.34,1.93,2.47
-8.34,1.93,2.47
-8.39,1.77,2.79
-8.39,1.77,2.79
-8.39,1.77,2.79
-8.39,2.1,2.97
-8.39,2.1,2.97
-8.39,2.1,2.97
-8.32,2.06,2.8
-8.32,2.06,2.8
-8.32,2.06,2.8
-8.4,2.49,2.72
-8.4,2.49,2.72
-8.58,2.23,2.75
-8.76,1.76,2.86
-8.76,1.76,2.86
-8.76,1.76,2.86
-8.92,1.88,2.68
-8.92,1.88,2.68
-8.92,1.88,2.68
-8.84,2.18,2.79
-8.84,2.18,2.79
-8.84,2.18,2.79
-8.9,2.06,2.64
-8.9,2.06,2.64
-8.9,2.06,2.64
-8.72,1.84,2.55
-8.72,1.84,2.55
-8.72,1.84,2.55
-8.74,1.58,2.53
-8.74,1.58,2.53
-8.74,1.58,2.53
-8.81,1.46,2.59
-8.81,1.46,2.59
-8.81,1.46,2.59
-8.91,1.45,2.73
-8.99,1.55,2.71
-8.99,1.55,2.71
-8.99,1.8,2.77
-8.99,1.8,2.77
-8.99,1.8,2.77
-9.0,1.56,2.63
-9.0,1.56,2.63
-9.0,1.56,2.63
-8.9,1.3,2.58
-8.9,1.3,2.58
-8.9,1.3,2.58
-8.99,1.42,2.48
-8.99,1.42,2.48
-8.99,1.42,2.48
-8.98,1.43,2.42
-8.98,1.43,2.42
-8.98,1.43,2.42
-9.03,1.37,2.52
-9.03,1.37,2.52
-9.03,1.37,2.52
-9.07,1.24,2.59
-9.07,1.24,2.59
-8.94,1.21,2.53
-9.07,0.85,2.61
-9.07,0.85,2.61
-9.07,0.85,2.61
-9.36,0.69,2.99
-9.36,0.69,2.99
-9.36,0.69,2.99
-9.47,0.34,3.33
-9.47,0.34,3.33
-9.47,0.34,3.33
-9.44,0.2,3.25
-9.44,0.2,3.25
-9.18,0.21,3.1
-8.66,-0.33,3.07
-8.66,-0.33,3.07
-8.66,-0.33,3.07
-8.07,-0.55,3.46
-8.07,-0.55,3.46
-8.07,-0.55,3.46
-7.9,-0.58,3.63
-7.9,-0.58,3.63
-7.9,-0.58,3.63
-7.18,-0.87,3.64
-7.18,-0.87,3.64
-7.18,-0.87,3.64
-7.12,-1.78,4.11
-7.12,-1.78,4.11
-6.96,-1.72,4.36
-6.96,-1.72,4.36
-6.96,-1.72,4.36
-7.06,-1.87,5.01
-7.06,-1.87,5.01
-7.06,-1.87,5.01
-6.93,-1.67,4.97
-6.93,-1.67,4.97
-6.93,-1.67,4.97
-7.81,-1.45,5.38
-7.81,-1.45,5.38
-7.81,-1.45,5.38
-7.59,-0.79,5.26
-7.59,-0.79,5.26
-7.59,-0.79,5.26
-7.83,-1.75,5.72
-7.83,-1.75,5.72
-7.83,-1.75,5.72
-8.09,-2.34,6.12
-8.0,-2.29,6.34
-8.0,-2.29,6.34
-8.33,-2.32,6.78
-8.33,-2.32,6.78
-8.33,-2.32,6.78
-7.94,-2.93,6.57
-7.94,-2.93,6.57
-7.94,-2.93,6.57
-7.14,-2.38,6.37
-7.14,-2.38,6.37
-7.14,-2.38,6.37
-7.42,-2.07,6.74
-7.42,-2.07,6.74
-7.21,-2.17,6.89
-6.53,-2.33,7.06
-6.53,-2.33,7.06
-6.53,-2.33,7.06
-5.93,-3.08,7.03
-5.93,-3.08,7.03
-5.93,-3.08,7.03
-5.91,-3.82,7.12
-5.91,-3.82,7.12
-5.91,-3.82,7.12
-5.7,-2.27,6.87
-5.7,-2.27,6.87
-5.7,-2.27,6.87
-6.29,-2.94,6.81
-6.18,-2.78,6.68
-6.18,-2.78,6.68
-5.98,-3.07,6.68
-5.98,-3.07,6.68
-5.98,-3.07,6.68
-6.05,-3.22,6.86
-6.05,-3.22,6.86
-6.05,-3.22,6.86
-6.68,-2.34,6.61
-6.68,-2.34,6.61
-6.68,-2.34,6.61
-6.55,-2.55,6.62
-6.55,-2.55,6.62
-6.55,-2.55,6.62
-6.75,-2.88,6.75
-6.75,-2.88,6.75
-6.75,-2.88,6.75
-6.3,-1.21,7.7
-6.3,-1.21,7.7
-6.3,-1.21,7.7
-6.21,-1.39,8.42
-6.21,-1.39,8.42
-6.21,-1.39,8.42
-5.84,-1.81,8.15
-5.21,-1.18,8.64
-5.21,-1.18,8.64
-6.18,-0.89,7.78
-6.18,-0.89,7.78
-6.18,-0.89,7.78
-6.57,-1.93,8.06
-6.57,-1.93,8.06
-6.57,-1.93,8.06
-7.61,-2.76,7.57
-7.61,-2.76,7.57
-7.16,-2.42,6.91
-6.77,-2.71,6.17
-6.74,-3.19,5.77
-6.74,-3.19,5.77
-6.62,-5.12,5.05
-6.62,-5.12,5.05
-6.62,-5.12,5.05
-7.0,-6.32,4.92
-7.0,-6.32,4.92
-7.0,-6.32,4.92
-7.78,-6.0,5.23
-7.78,-6.0,5.23
-7.78,-6.0,5.23
-8.17,-6.0,4.71
-8.17,-6.0,4.71
-8.17,-6.0,4.71
-7.19,-4.67,4.91
-7.19,-4.67,4.91
-7.19,-4.67,4.91
-6.72,-4.87,5.14
-6.72,-4.87,5.14
-6.72,-4.87,5.14
-5.13,-3.75,4.18
-5.13,-3.75,4.18
-4.78,-3.69,4.3
-3.81,-3.42,4.78
-3.81,-3.42,4.78
-3.81,-3.42,4.78
-3.79,-3.1,5.85
-3.79,-3.1,5.85
-3.79,-3.1,5.85
-4.77,-4.06,6.31
-4.77,-4.06,6.31
-4.77,-4.06,6.31
-4.3,-3.16,6.45
-4.3,-3.16,6.45
-4.3,-3.16,6.45
-4.68,-4.54,6.07
-4.68,-4.54,6.07
-4.68,-4.54,6.07
-4.21,-4.2,6.61
-4.21,-4.2,6.61
-4.21,-4.2,6.61
-5.01,-4.09,7.34
-5.01,-4.09,7.34
-5.38,-3.76,7.53
-5.75,-3.73,7.94
-5.75,-3.73,7.94
-5.63,-4.2,8.16
-6.63,-5.66,8.57
-6.63,-5.66,8.57
-6.63,-5.66,8.57
-7.68,-2.8,8.46
-7.68,-2.8,8.46
-7.68,-2.8,8.46
-6.84,-3.21,7.62
-6.84,-3.21,7.62
-6.84,-3.21,7.62
-5.7,-3.72,6.62
-5.13,-2.36,6.44
-5.13,-2.36,6.44
-5.35,-2.56,7.08
-5.35,-2.56,7.08
-5.35,-2.56,7.08
-5.81,-3.06,8.4
-5.81,-3.06,8.4
-5.81,-3.06,8.4
-6.01,-2.62,8.68
-6.01,-2.62,8.68
-6.01,-2.62,8.68
-6.15,-1.11,9.55
-6.15,-1.11,9.55
-6.15,-1.11,9.55
-4.97,-3.48,9.52
-4.97,-3.48,9.52
-2.94,-1.47,8.51
-2.94,-1.47,8.51
-2.94,-1.47,8.51
-1.56,-1.97,8.38
-1.56,-1.97,8.38
-1.9,-1.87,9.07
-2.01,-1.1,9.97
-2.01,-1.1,9.97
-2.03,-1.42,9.49
-1.93,-0.33,10.1
-1.93,-0.33,10.1
-1.93,-0.33,10.1
-1.1,-1.16,9.97
-1.1,-1.16,9.97
-1.12,-0.79,10.08
-1.12,-0.79,10.08
-1.12,-0.79,10.08
-0.16,0.29,9.59
-0.41,-0.51,9.73
-0.41,-0.51,9.73
0.58,-1.03,10.89
0.58,-1.03,10.89
0.58,-1.03,10.89
0.51,-1.89,10.8
0.51,-1.89,10.8
0.51,-1.89,10.8
0.55,-0.12,11.57
0.55,-0.12,11.57
0.55,-0.12,11.57
0.89,-1.21,7.41
0.89,-1.21,7.41
0.89,-1.21,7.41
0.39,-3.07,7.84
0.39,-3.07,7.84
0.39,-3.07,7.84
1.59,-0.81,8.6
1.59,-0.81,8.6
1.59,-0.81,8.6
1.13,-3.37,9.03
1.13,-3.37,9.03
1.04,-5.82,9.52
-2.34,-7.11,8.27
-2.34,-7.11,8.27
-2.34,-7.11,8.27
-7.2,-6.96,8.45
-7.2,-6.96,8.45
-7.2,-6.96,8.45
-7.14,-8.73,8.99
-7.14,-8.73,8.99
-7.14,-8.73,8.99
-5.42,-4.1,7.8
-5.42,-4.1,7.8
-5.42,-4.1,7.8
-5.77,-5.22,6.42
-5.77,-5.22,6.42
-3.86,-4.64,6.37
-3.86,-4.64,6.37
-3.86,-4.64,6.37
-3.98,-4.01,7.21
-3.98,-4.01,7.21
-3.98,-4.01,7.21
-3.68,-2.51,7.68
-3.68,-2.51,7.68
-3.68,-2.51,7.68
-5.11,-1.84,6.8
-5.11,-1.84,6.8
-5.11,-1.84,6.8
-4.49,-3.93,6.42
-4.49,-3.93,6.42
-4.49,-3.93,6.42
-4.65,-5.15,6.33
-4.65,-5.15,6.33
-4.65,-5.15,6.33
-3.02,-6.88,7.15
-3.02,-6.88,7.15
-3.17,-6.65,7.61
-2.68,-5.62,6.89
-2.68,-5.62,6.89
-2.68,-5.62,6.89
-2.72,-5.72,7.44
-2.72,-5.72,7.44
-2.72,-5.72,7.44
-2.5,-7.31,8.68
-2.5,-7.31,8.68
-2.5,-7.31,8.68
-2.61,-5.62,8.56
-2.61,-5.62,8.56
-2.61,-5.62,8.56
-1.29,-5.28,9.3
-1.29,-5.28,9.3
-1.29,-5.28,9.3
-1.54,-4.2,9.14
-1.54,-4.2,9.14
-1.54,-4.2,9.14
-1.61,-3.77,9.1
-1.61,-3.77,9.1
-1.61,-3.77,9.1
-1.73,-4.12,8.85
-1.73,-4.12,8.85
-1.73,-4.12,8.85
-1.49,-5.31,9.47
-1.49,-5.31,9.47
-1.49,-5.31,9.47
-1.92,-3.51,9.29
-1.92,-3.51,9.29
-1.92,-3.51,9.29
-2.07,-3.98,9.23
-2.07,-3.98,9.23
-2.07,-3.98,9.23
-1.46,-4.19,8.96
-1.13,-4.43,9.06
-1.13,-4.43,9.06
-1.55,-5.34,9.73
-1.55,-5.34,9.73
-1.55,-5.34,9.73
-2.76,-5.24,8.47
-2.76,-5.24,8.47
-2.76,-5.24,8.47
-4.95,-5.38,7.18
-4.95,-5.38,7.18
-4.95,-5.38,7.18
-6.06,-5.01,6.49
-6.06,-5.01,6.49
-6.06,-5.01,6.49
-7.39,-4.22,6.19
-6.48,-4.36,7.72
-6.48,-4.36,7.72
-4.42,-4.56,7.75
-4.42,-4.56,7.75
-4.42,-4.56,7.75
-4.34,-4.26,6.03
-4.34,-4.26,6.03
-4.34,-4.26,6.03
-2.7,-4.61,6.54
-2.7,-4.61,6.54
-2.7,-4.61,6.54
-3.67,-3.45,5.93
-3.67,-3.45,5.93
-3.67,-3.45,5.93
-4.81,-6.88,6.45
-4.81,-6.88,6.45
-4.81,-6.88,6.45
-5.0,-6.77,9.36
-5.0,-6.77,9.36
-5.0,-6.77,9.36
-5.85,-7.59,10.12
-5.85,-7.59,10.12
-3.94,-7.34,9.78
-0.11,-4.8,9.3
-0.11,-4.8,9.3
-0.11,-4.8,9.3
1.24,-3.44,10.0
1.24,-3.44,10.0
1.24,-3.44,10.0
-0.55,-4.71,10.23
-0.55,-4.71,10.23
-2.82,-4.2,7.15
-3.44,-3.82,5.88
-3.44,-3.82,5.88
-2.17,-1.63,4.95
-2.17,-1.63,4.95
-2.17,-1.63,4.95
-2.46,-3.97,7.98
-2.46,-3.97,7.98
-2.46,-3.97,7.98
-1.67,-4.17,10.74
-1.67,-4.17,10.74
-1.67,-4.17,10.74
-1.43,-3.63,10.66
-1.43,-3.63,10.66
-1.09,-4.23,10.07
-1.72,-4.83,9.01
-1.72,-4.83,9.01
-1.72,-4.83,9.01
-2.13,-5.33,9.05
-2.13,-5.33,9.05
-2.13,-5.33,9.05
-2.41,-7.02,8.3
-2.41,-7.02,8.3
-2.41,-7.02,8.3
-4.07,-4.23,8.72
-4.07,-4.23,8.72
-6.46,-3.94,6.76
-6.46,-3.94,6.76
-6.46,-3.94,6.76
-4.42,-3.57,7.93
-4.42,-3.57,7.93
-4.67,-3.85,7.14
-4.67,-3.85,7.14
-4.67,-3.85,7.14
-5.69,-5.32,6.46
-5.69,-5.32,6.46
-4.37,-5.44,7.72
-2.3,-6.5,8.97
-2.3,-6.5,8.97
-2.3,-6.5,8.97
-0.69,-3.28,9.63
-0.69,-3.28,9.63
-0.69,-3.28,9.63
-0.47,-2.55,9.01
-0.47,-2.55,9.01
-0.47,-2.55,9.01
-1.21,-5.56,8.86
-1.21,-5.56,8.86
-1.92,-5.32,8.5
-2.27,-5.66,8.21
-2.27,-5.66,8.21
-2.27,-5.66,8.21
-2.56,-4.77,8.88
-2.56,-4.77,8.88
-2.56,-4.77,8.88
-2.67,-4.08,9.27
-2.67,-4.08,9.27
-2.67,-4.08,9.27
-2.64,-3.84,8.89
-2.64,-3.84,8.89
-3.33,-3.13,8.69
-3.46,-3.43,8.78
-3.46,-3.43,8.78
-3.46,-3.43,8.78
-4.22,-3.47,8.1
-4.22,-3.47,8.1
-4.22,-3.47,8.1
-4.39,-3.43,7.64
-4.39,-3.43,7.64
-4.39,-3.43,7.64
-3.28,-3.78,7.93
-3.28,-3.78,7.93
-3.47,-4.3,8.16
-2.7,-5.13,7.82
-2.7,-5.13,7.82
-2.7,-5.13,7.82
-2.49,-5.08,7.56
-2.49,-5.08,7.56
-2.49,-5.08,7.56
-3.06,-5.56,8.55
-3.06,-5.56,8.55
-3.06,-5.56,8.55
-3.47,-4.13,8.44
-3.47,-4.13,8.44
-3.47,-4.13,8.44
-3.33,-3.36,8.08
-3.33,-3.36,8.08
-3.33,-3.36,8.08
-3.12,-4.31,8.73
-3.12,-4.31,8.73
-3.12,-4.31,8.73
-2.22,-3.71,8.91
-2.22,-3.71,8.91
-2.22,-3.71,8.91
-1.12,-3.76,10.62
-1.75,-4.21,10.22
-1.75,-4.21,10.22
-2.39,-4.9,9.48
-2.39,-4.9,9.48
-2.39,-4.9,9.48
-2.0,-5.16,8.15
-2.0,-5.16,8.15
-2.0,-5.16,8.15
-1.93,-7.07,8.63
-1.93,-7.07,8.63
-1.75,-6.5,8.46
-1.6,-4.03,7.57
-1.6,-4.03,7.57
-1.6,-4.03,7.57
-1.7,-5.74,9.29
-1.7,-5.74,9.29
-1.7,-5.74,9.29
-2.11,-4.56,7.7
-2.11,-4.56,7.7
-2.11,-4.56,7.7
-1.42,-6.2,7.36
-1.42,-6.2,7.36
-1.42,-6.2,7.36
-1.93,-6.02,7.34
-1.93,-6.02,7.34
-1.93,-6.02,7.34
-1.37,-7.14,8.1
-1.37,-7.14,8.1
-1.37,-7.14,8.1
-1.99,-6.06,7.32
-1.99,-6.06,7.32
-1.99,-6.06,7.32
-2.23,-4.42,6.88
-2.23,-4.42,6.88
-2.23,-4.42,6.88
-2.15,-6.26,7.93
-2.15,-6.26,7.93
-2.15,-6.26,7.93
-1.83,-5.54,8.42
-1.83,-5.54,8.42
-1.83,-5.54,8.42
-2.22,-6.81,7.68
-2.22,-6.81,7.68
-2.22,-6.81,7.68
-2.49,-6.08,7.17
-2.49,-6.08,7.17
-2.49,-6.08,7.17
-0.94,-5.92,7.49
-0.94,-5.92,7.49
-0.94,-5.92,7.49
-0.37,-5.54,7.72
-0.37,-5.54,7.72
-0.37,-5.54,7.72
-0.71,-5.21,7.43
-0.71,-5.21,7.43
-1.25,-6.03,7.7
-1.25,-6.03,7.7
-1.35,-6.52,7.99
-1.16,-6.5,7.89
-1.16,-6.5,7.89
-1.16,-6.5,7.89
-1.55,-6.43,8.02
-1.55,-6.43,8.02
-1.55,-6.43,8.02
-2.68,-6.5,8.3
-2.68,-6.5,8.3
-2.68,-6.5,8.3
-2.83,-5.74,8.16
-2.83,-5.74,8.16
-2.83,-5.74,8.16
-2.58,-5.19,8.22
-2.58,-5.19,8.22
-2.58,-5.19,8.22
-2.03,-4.39,7.6
-2.03,-4.39,7.6
-2.03,-4.39,7.6
-1.31,-5.76,7.73
-1.31,-5.76,7.73
-1.31,-5.76,7.73
-1.65,-6.8,7.36
-1.68,-6.96,7.57
-1.68,-6.96,7.57
-1.38,-7.46,7.14
-1.38,-7.46,7.14
-1.38,-7.46,7.14
-1.28,-6.5,7.02
-1.28,-6.5,7.02
-1.28,-6.5,7.02
-1.13,-5.49,6.78
-1.13,-5.49,6.78
-1.13,-5.49,6.78
-1.73,-5.78,6.54
-1.73,-5.78,6.54
-1.73,-5.78,6.54
-1.66,-6.01,6.81
-1.89,-5.84,7.09
-1.89,-5.84,7.09
-0.84,-6.29,7.06
-0.84,-6.29,7.06
-0.99,-6.27,7.16
-0.99,-6.27,7.16
-0.99,-6.27,7.16
-0.62,-5.73,7.74
-0.62,-5.73,7.74
-0.62,-5.73,7.74
-1.26,-6.68,7.93
-1.47,-6.76,7.7
-1.47,-6.76,7.7
-1.41,-6.09,8.24
-1.41,-6.09,8.24
-1.41,-6.09,8.24
-3.49,-6.27,8.64
-3.49,-6.27,8.64
-3.49,-6.27,8.64
-2.86,-5.06,7.99
-2.86,-5.06,7.99
-3.48,-6.25,7.69
-2.26,-6.52,7.88
-2.15,-5.78,7.43
-2.15,-5.78,7.43
-2.08,-5.11,7.01
-2.08,-5.11,7.01
-2.08,-5.11,7.01
-2.44,-4.58,6.72
-2.44,-4.58,6.72
-2.44,-4.58,6.72
-2.03,-5.32,8.9
-2.03,-5.32,8.9
-2.26,-5.98,8.54
-1.93,-5.87,8.07
-1.93,-5.87,8.07
-1.93,-5.87,8.07
-0.66,-6.29,8.92
-0.66,-6.29,8.92
-0.66,-6.29,8.92
-1.64,-5.97,8.03
-1.64,-5.97,8.03
-1.64,-5.97,8.03
-1.59,-6.14,7.84
-1.59,-6.14,7.84
-2.07,-6.24,7.62
-2.73,-6.91,7.94
-2.73,-6.91,7.94
-2.73,-6.91,7.94
-3.45,-5.45,7.48
-3.45,-5.45,7.48
-3.45,-5.45,7.48
-4.57,-5.79,7.07
-4.57,-5.79,7.07
-4.57,-5.79,7.07
-4.41,-5.61,7.59
-4.41,-5.61,7.59
-3.44,-6.01,7.45
-2.07,-4.53,7.1
-2.07,-4.53,7.1
-2.07,-4.53,7.1
-0.23,-4.91,8.55
-0.23,-4.91,8.55
-0.23,-4.91,8.55
0.13,-4.83,6.58
0.13,-4.83,6.58
0.13,-4.83,6.58
-2.18,-6.46,6.83
-2.18,-6.46,6.83
-2.11,-7.93,8.07
-2.72,-8.25,8.43
-2.75,-6.94,7.43
-2.75,-6.94,7.43
-2.92,-7.13,5.85
-2.92,-7.13,5.85
-2.92,-7.13,5.85
-1.75,-7.95,7.06
-1.75,-7.95,7.06
-1.75,-7.95,7.06
-1.8,-6.48,7.82
-1.8,-6.48,7.82
-1.64,-5.37,7.73
-1.54,-3.9,7.68
-1.54,-3.9,7.68
-1.54,-3.9,7.68
-2.6,-5.64,7.86
-2.6,-5.64,7.86
-2.6,-5.64,7.86
-3.35,-6.66,7.73
-3.35,-6.66,7.73
-3.35,-6.66,7.73
-2.22,-4.67,7.6
-2.22,-4.67,7.6
-2.49,-5.1,7.48
-2.86,-7.84,7.35
-2.86,-7.84,7.35
-2.86,-7.84,7.35
-1.46,-6.33,6.94
-1.46,-6.33,6.94
-1.46,-6.33,6.94
-2.36,-6.38,7.46
-2.36,-6.38,7.46
-2.36,-6.38,7.46
-2.51,-4.21,8.05
-2.51,-4.21,8.05
-2.51,-4.21,8.05
-2.59,-5.27,8.48
-2.59,-5.27,8.48
-2.59,-5.27,8.48
-4.31,-5.0,7.06
-4.31,-5.0,7.06
-3.65,-4.76,6.51
-3.65,-4.76,6.51
-3.65,-4.76,6.51
-3.05,-5.76,8.64
-3.05,-5.76,8.64
-3.05,-5.76,8.64
-3.3,-4.78,7.95
-3.3,-4.78,7.95
-3.3,-4.78,7.95
-2.62,-5.4,7.57
-2.62,-5.4,7.57
-2.62,-5.4,7.57
-4.1,-5.48,7.39
-4.1,-5.48,7.39
-4.1,-5.48,7.39
-1.93,-6.03,8.04
-1.93,-6.03,8.04
-1.93,-6.03,8.04
-3.17,-5.42,7.97
-3.17,-5.42,7.97
-3.17,-5.42,7.97
-5.28,-6.14,7.91
-5.28,-6.14,7.91
-5.28,-6.14,7.91
-1.99,-7.45,8.74
-1.99,-7.45,8.74
-1.99,-7.45,8.74
0.23,-5.69,7.41
0.23,-5.69,7.41
2.06,-6.5,6.23
-1.19,-5.99,6.39
-1.19,-5.99,6.39
-1.19,-5.99,6.39
-1.89,-3.88,7.2
-1.89,-3.88,7.2
-1.89,-3.88,7.2
-1.19,-6.27,7.89
-1.19,-6.27,7.89
-1.19,-6.27,7.89
-0.65,-6.02,8.03
-0.65,-6.02,8.03
-1.61,-5.68,7.59
-3.91,-7.62,7.3
-3.91,-7.62,7.3
-3.91,-7.62,7.3
-3.64,-7.02,7.23
-3.64,-7.02,7.23
-3.64,-7.02,7.23
-2.4,-7.27,7.62
-2.4,-7.27,7.62
-2.49,-6.65,6.87
-1.38,-7.3,6.68
-1.38,-7.3,6.68
-1.38,-7.3,6.68
-2.08,-4.97,5.9
-2.08,-4.97,5.9
-2.08,-4.97,5.9
0.63,-6.79,7.95
0.63,-6.79,7.95
0.63,-6.79,7.95
-0.61,-5.85,6.75
-0.61,-5.85,6.75
0.6,-6.46,8.12
0.6,-6.46,8.12
0.77,-6.65,8.31
-1.35,-6.4,7.27
-1.35,-6.4,7.27
-1.35,-6.4,7.27
0.07,-7.7,7.64
0.07,-7.7,7.64
0.07,-7.7,7.64
-1.02,-6.45,6.34
-1.02,-6.45,6.34
-1.02,-6.45,6.34
0.04,-6.89,6.42
-1.59,-6.54,5.1
-1.59,-6.54,5.1
-0.79,-6.69,5.2
-0.79,-6.69,5.2
-0.79,-6.69,5.2
-0.66,-6.65,5.9
-0.66,-6.65,5.9
-0.66,-6.65,5.9
0.37,-10.05,8.43
0.37,-10.05,8.43
0.37,-10.05,8.43
-0.68,-7.89,7.28
-0.68,-7.89,7.28
-0.68,-7.89,7.28
-0.48,-8.41,7.38
-0.48,-8.41,7.38
-0.48,-8.41,7.38
0.59,-8.97,7.61
0.59,-8.97,7.61
0.59,-8.97,7.61
0.87,-6.44,6.43
0.87,-6.44,6.43
0.87,-6.44,6.43
0.3,-4.0,6.67
-0.55,-3.36,6.26
-0.55,-3.36,6.26
0.34,-1.16,7.33
0.34,-1.16,7.33
0.34,-1.16,7.33
-0.71,-0.86,9.23
-0.71,-0.86,9.23
-0.71,-0.86,9.23
-2.27,-4.45,10.51
-2.27,-4.45,10.51
-1.65,-4.2,9.33
-0.88,-2.56,8.31
-0.74,-0.83,8.13
-0.74,-0.83,8.13
-2.3,-2.57,8.71
-2.3,-2.57,8.71
-2.3,-2.57,8.71
-3.19,-5.17,9.28
-3.19,-5.17,9.28
-3.19,-5.17,9.28
-2.61,-5.41,10.32
-2.61,-5.41,10.32
-2.45,-5.48,12.17
-3.65,-7.25,11.73
-3.62,-7.48,11.54
-3.62,-7.48,11.54
-2.94,-3.58,9.74
-2.94,-3.58,9.74
-2.94,-3.58,9.74
-3.35,-2.57,8.75
-3.35,-2.57,8.75
-3.35,-2.57,8.75
-2.79,-5.76,8.64
-2.79,-5.76,8.64
-2.49,-3.92,8.59
-1.67,-0.43,7.82
-1.67,-0.43,7.82
-1.67,-0.43,7.82
-2.29,-2.45,9.4
-2.29,-2.45,9.4
-2.29,-2.45,9.4
-2.95,-5.96,9.54
-2.95,-5.96,9.54
-2.95,-5.96,9.54
-1.78,-5.49,8.6
-1.78,-5.49,8.6
-1.55,-2.49,7.02
-2.4,-3.43,7.45
-2.4,-3.43,7.45
-2.4,-3.43,7.45
-2.82,-5.89,8.79
-2.82,-5.89,8.79
-2.82,-5.89,8.79
-3.12,-5.4,7.71
-3.12,-5.4,7.71
-3.12,-5.4,7.71
-3.12,-3.63,8.69
-3.34,-4.0,8.92
-3.34,-4.0,8.92
-3.38,-4.16,8.72
-3.38,-4.16,8.72
-3.38,-4.16,8.72
-3.51,-4.72,8.58
-3.51,-4.72,8.58
-3.51,-4.72,8.58
-3.06,-4.19,9.03
-3.06,-4.19,9.03
-3.06,-4.19,9.03
-3.01,-3.85,8.48
-2.6,-3.7,8.79
-2.6,-3.7,8.79
-2.85,-3.25,9.35
-2.85,-3.25,9.35
-2.85,-3.25,9.35
-3.22,-3.51,9.75
-3.22,-3.51,9.75
-3.22,-3.51,9.75
-3.17,-2.75,9.48
-3.17,-2.75,9.48
-3.17,-2.75,9.48
-2.82,-3.23,9.02
-2.97,-3.61,9.23
-2.97,-3.61,9.23
-2.67,-2.59,8.24
-2.67,-2.59,8.24
-2.67,-2.59,8.24
-3.51,-2.27,8.21
-3.51,-2.27,8.21
-3.51,-2.27,8.21
-3.31,-3.98,8.7
-3.31,-3.98,8.7
-3.31,-3.98,8.7
-3.28,-2.61,8.9
-3.28,-2.61,8.9
-3.28,-2.61,8.9
-3.39,-3.59,8.85
-3.25,-3.5,8.83
-3.25,-3.5,8.83
-3.24,-2.89,8.98
-3.24,-2.89,8.98
-3.24,-2.89,8.98
-3.41,-3.86,8.71
-3.41,-3.86,8.71
-3.41,-3.86,8.71
-3.62,-3.45,8.92
-3.62,-3.45,8.92
-3.96,-3.26,8.71
-4.57,-4.39,9.2
-4.57,-4.39,9.2
-4.57,-4.39,9.2
-4.7,-3.79,8.5
-4.7,-3.79,8.5
-4.7,-3.79,8.5
-4.46,-3.51,7.83
-4.46,-3.51,7.83
-4.46,-3.51,7.83
-4.6,-4.61,8.23
-4.6,-4.61,8.23
-4.6,-4.61,8.23
-3.45,-3.74,8.4
-3.45,-3.74,8.4
-3.45,-3.74,8.4
-3.91,-3.91,8.6
-3.91,-3.91,8.6
-3.91,-3.91,8.6
-3.55,-4.87,9.27
-3.55,-4.87,9.27
-3.55,-4.87,9.27
-3.18,-3.16,8.81
-3.18,-3.16,8.81
-3.18,-3.16,8.81
-3.09,-4.36,9.19
-3.09,-4.36,9.19
-3.09,-4.36,9.19
-3.65,-3.4,7.97
-3.65,-3.4,7.97
-3.65,-3.4,7.97
-4.97,-4.38,7.11
-4.97,-4.38,7.11
-4.97,-4.38,7.11
-6.05,-2.61,6.67
-6.05,-2.61,6.67
-6.05,-2.61,6.67
-7.36,-3.56,6.11
-7.36,-3.56,6.11
-7.36,-3.56,6.11
-7.87,-3.11,4.83
-7.87,-3.11,4.83
-7.87,-3.11,4.83
-6.4,-6.47,6.98
-6.4,-6.47,6.98
-6.4,-6.47,6.98
-8.17,-5.15,4.7
-8.17,-5.15,4.7
-8.17,-5.15,4.7
-7.33,-2.84,2.94
-7.33,-2.84,2.94
-7.33,-2.84,2.94
-7.09,-5.42,4.04
-7.09,-5.42,4.04
-7.09,-5.42,4.04
-6.89,-5.01,3.24
-6.89,-5.01,3.24
-6.89,-5.01,3.24
-6.23,-5.5,2.41
-6.23,-5.5,2.41
-6.23,-5.5,2.41
-5.75,-4.79,0.93
-5.75,-4.79,0.93
-5.75,-4.79,0.93
-5.58,-4.5,1.83
-5.58,-4.5,1.83
-5.08,-5.49,3.2
-5.08,-5.49,3.2
-5.08,-5.49,3.2
-4.78,-4.39,3.16
-4.78,-4.39,3.16
-4.89,-5.46,3.01
-5.97,-5.22,5.06
-5.97,-5.22,5.06
-5.97,-5.22,5.06
-9.85,-4.19,5.09
-9.85,-4.19,5.09
-9.85,-4.19,5.09
-10.51,-3.93,3.76
-10.51,-3.93,3.76
-10.51,-3.93,3.76
-7.04,-5.47,4.68
-7.04,-5.47,4.68
-5.41,-5.29,4.62
-5.54,-3.37,5.16
-5.54,-3.37,5.16
-5.54,-3.37,5.16
-4.97,-4.87,6.12
-4.97,-4.87,6.12
-4.97,-4.87,6.12
-7.83,-2.94,6.77
-7.83,-2.94,6.77
-7.83,-2.94,6.77
-8.44,-3.67,5.87
-8.98,-3.68,5.38
-8.98,-3.68,5.38
-7.68,-4.14,6.37
-7.68,-4.14,6.37
-7.68,-4.14,6.37
-7.32,-3.67,6.62
-7.32,-3.67,6.62
-7.32,-3.67,6.62
-6.06,-4.03,6.01
-6.06,-4.03,6.01
-6.06,-4.03,6.01
-6.58,-3.51,5.33
-6.58,-3.51,5.33
-7.11,-4.43,5.15
-7.34,-4.79,5.56
-7.34,-4.79,5.56
-7.34,-4.79,5.56
-7.38,-5.13,5.79
-7.38,-5.13,5.79
-7.38,-5.13,5.79
-6.77,-4.31,5.53
-6.77,-4.31,5.53
-6.77,-4.31,5.53
-7.0,-2.7,5.5
-7.0,-2.7,5.5
-6.59,-3.48,5.21
-6.76,-3.06,4.32
-6.76,-3.06,4.32
-6.76,-3.06,4.32
-6.0,-2.88,4.09
-6.0,-2.88,4.09
-6.0,-2.88,4.09
-7.14,-4.18,5.89
-7.14,-4.18,5.89
-6.02,-5.23,5.7
-5.85,-6.08,5.66
-5.85,-6.08,5.66
-6.36,-5.19,4.95
-8.24,-1.84,3.6
-8.24,-1.84,3.6
-8.24,-1.84,3.6
-8.3,-7.24,4.31
-8.3,-7.24,4.31
-8.3,-7.24,4.31
-7.25,-5.55,3.76
-7.25,-5.55,3.76
-7.29,-5.69,3.13
-7.29,-5.69,3.13
-7.29,-5.69,3.13
-5.55,-7.65,4.25
-5.55,-7.65,4.25
-5.55,-7.65,4.25
-5.54,-6.82,4.02
-5.54,-6.82,4.02
-5.54,-6.82,4.02
-4.83,-6.74,3.82
-4.83,-6.74,3.82
-4.83,-6.74,3.82
-2.94,-6.49,3.44
-2.94,-6.49,3.44
-2.94,-6.49,3.44
-1.86,-6.9,4.29
-1.86,-6.9,4.29
-1.86,-6.9,4.29
-1.97,-6.96,4.54
-1.97,-6.96,4.54
-1.97,-6.96,4.54
0.21,-7.26,4.5
0.21,-7.26,4.5
-0.78,-7.68,4.37
-0.64,-7.3,4.41
-0.64,-7.3,4.41
0.44,-6.86,4.52
-1.14,-9.3,4.63
-1.14,-9.3,4.63
-1.14,-9.3,4.63
0.39,-8.73,4.46
0.39,-8.73,4.46
0.39,-8.73,4.46
-1.06,-9.31,4.56
-1.06,-9.31,4.56
-1.06,-9.31,4.56
-1.56,-9.06,4.51
-1.56,-9.06,4.51
-1.56,-9.06,4.51
-1.71,-8.1,4.37
-1.71,-8.1,4.37
-1.71,-8.1,4.37
-2.18,-9.1,4.51
-2.18,-9.1,4.51
-2.18,-9.1,4.51
-2.19,-8.89,3.99
-2.19,-8.89,3.99
-2.19,-8.89,3.99
-2.53,-8.77,4.09
-2.53,-8.77,4.09
-2.53,-8.77,4.09
-1.91,-8.96,4.42
-1.91,-8.96,4.42
-1.91,-8.96,4.42
-2.24,-8.61,4.18
-2.24,-8.61,4.18
-3.1,-9.23,3.98
-3.1,-9.23,3.98
-2.95,-9.11,3.94
-2.56,-9.54,4.7
-2.56,-9.54,4.7
-2.56,-9.54,4.7
-1.95,-9.48,4.59
-1.95,-9.48,4.59
-1.95,-9.48,4.59
-1.98,-9.52,3.8
-1.98,-9.52,3.8
-1.98,-9.52,3.8
-0.5,-9.13,4.21
-0.5,-9.13,4.21
-0.94,-8.83,4.27
-1.74,-8.45,4.3
-1.74,-8.45,4.3
-1.74,-8.45,4.3
-1.17,-8.74,4.77
-1.17,-8.74,4.77
-1.17,-8.74,4.77
-1.47,-7.84,4.25
-1.47,-7.84,4.25
-1.47,-7.84,4.25
-1.48,-7.75,3.38
-1.48,-7.75,3.38
-1.48,-7.75,3.38
-2.43,-7.73,2.16
-2.43,-7.73,2.16
-2.43,-7.73,2.16
-1.57,-8.9,2.68
-1.57,-8.9,2.68
-1.57,-8.9,2.68
-1.8,-9.96,2.25
-1.8,-9.96,2.25
-1.8,-9.96,2.25
-1.54,-10.7,2.34
-1.17,-12.42,2.61
-1.17,-12.42,2.61
-1.36,-15.45,3.2
-1.36,-15.45,3.2
-1.36,-15.45,3.2
-3.05,-14.58,3.04
-3.05,-14.58,3.04
-3.05,-14.58,3.04
-0.78,-16.94,3.9
-0.78,-16.94,3.9
-0.78,-16.94,3.9
-0.34,-15.41,4.22
-0.36,-14.24,4.24
-0.36,-14.24,4.24
0.09,-13.29,3.79
-0.12,-11.78,3.44
-0.12,-11.78,3.44
-0.41,-9.74,3.64
-0.41,-9.74,3.64
-0.41,-9.74,3.64
-0.41,-7.4,2.13
-0.41,-7.4,2.13
-0.41,-7.4,2.13
0.08,-5.55,0.91
0.08,-5.55,0.91
0.08,-5.55,0.91
0.11,-3.17,1.12
0.11,-3.17,1.12
0.11,-3.17,1.12
1.69,-4.2,-0.15
1.69,-4.2,-0.15
1.69,-4.2,-0.15
2.31,-0.38,-2.9
2.31,-0.38,-2.9
2.31,-0.38,-2.9
3.89,-1.42,-1.93
3.89,-1.42,-1.93
3.5,-1.97,-1.45
3.79,-2.46,-0.9
3.92,-3.26,-0.34
3.92,-3.26,-0.34
3.06,-3.38,0.66
3.06,-3.38,0.66
3.06,-3.38,0.66
4.82,-5.92,0.19
4.82,-5.92,0.19
4.82,-5.92,0.19
4.56,-6.0,0.82
4.56,-6.0,0.82
4.89,-7.56,1.02
4.51,-7.99,0.97
4.51,-7.99,0.97
4.51,-7.99,0.97
4.74,-10.29,1.22
4.74,-10.29,1.22
4.74,-10.29,1.22
-0.41,-10.42,5.4
-0.41,-10.42,5.4
-0.41,-10.42,5.4
2.48,-9.61,5.72
2.48,-9.61,5.72
0.95,-7.11,3.87
0.25,-8.36,5.93
0.25,-8.36,5.93
0.25,-8.36,5.93
0.41,-5.81,6.76
0.41,-5.81,6.76
0.41,-5.81,6.76
-2.03,-9.42,5.93
-2.03,-9.42,5.93
-2.03,-9.42,5.93
-1.62,-9.21,9.04
-1.62,-9.21,9.04
-0.48,-5.61,6.66
-3.02,-9.32,7.82
-3.02,-9.32,7.82
-3.02,-9.32,7.82
-2.35,-10.04,8.38
-2.35,-10.04,8.38
-2.35,-10.04,8.38
-2.83,-8.23,9.08
-2.83,-8.23,9.08
-2.83,-8.23,9.08
-4.15,-8.25,7.74
-3.3,-8.1,7.91
-3.3,-8.1,7.91
-4.3,-8.33,7.91
-4.3,-8.33,7.91
-4.3,-8.33,7.91
-4.0,-6.59,7.95
-4.0,-6.59,7.95
-4.0,-6.59,7.95
-3.63,-5.44,7.98
-3.63,-5.44,7.98
-4.46,-6.13,7.79
-4.76,-6.67,7.86
-4.1,-6.36,7.88
-4.1,-6.36,7.88
-3.99,-4.86,7.73
-3.99,-4.86,7.73
-3.99,-4.86,7.73
-3.71,-5.35,8.02
-3.71,-5.35,8.02
-3.71,-5.35,8.02
-3.68,-4.33,7.32
-3.68,-4.33,7.32
-3.68,-4.33,7.32
-3.57,-4.71,7.64
-3.57,-4.71,7.64
-2.86,-4.49,7.74
-2.86,-5.74,7.97
-2.86,-5.74,7.97
-2.86,-5.74,7.97
-2.33,-4.56,7.01
-2.33,-4.56,7.01
-2.33,-4.56,7.01
-3.2,-4.64,7.21
-3.2,-4.64,7.21
-3.2,-4.64,7.21
-3.66,-6.0,7.57
-3.66,-6.0,7.57
-4.05,-5.14,6.87
-5.35,-4.91,7.48
-5.35,-4.91,7.48
-5.35,-4.91,7.48
-6.35,-5.01,7.79
-6.35,-5.01,7.79
-6.35,-5.01,7.79
-8.13,-1.58,3.46
-8.13,-1.58,3.46
-8.13,-1.58,3.46
-5.65,-6.14,6.94
-4.85,-6.63,7.44
-5.03,-3.66,6.78
-5.03,-3.66,6.78
-5.03,-3.66,6.78
-5.48,-3.89,6.34
-5.48,-3.89,6.34
-5.48,-3.89,6.34
-5.74,-4.99,6.67
-5.74,-4.99,6.67
-5.61,-4.69,6.49
-6.2,-4.77,6.41
-6.2,-4.77,6.41
-5.67,-5.49,6.88
-5.41,-4.56,6.07
-5.41,-4.56,6.07
-5.41,-4.56,6.07
-4.89,-5.47,6.5
-4.89,-5.47,6.5
-4.62,-5.13,6.58
-4.62,-5.13,6.58
-4.58,-5.07,6.24
-4.88,-5.65,6.6
-4.88,-5.65,6.6
-5.04,-4.51,6.3
-5.04,-4.51,6.3
-5.04,-4.51,6.3
-5.24,-5.78,6.63
-5.24,-5.78,6.63
-5.24,-5.78,6.63
-4.93,-4.78,6.49
-4.93,-4.78,6.49
-5.27,-4.96,6.63
-4.91,-4.91,6.5
-4.91,-4.91,6.5
-4.91,-4.91,6.5
-4.88,-4.98,6.49
-4.88,-4.98,6.49
-4.88,-4.98,6.49
-5.0,-4.73,6.49
-5.0,-4.73,6.49
-5.0,-4.73,6.49
-5.2,-4.85,6.35
-5.2,-4.85,6.35
-5.2,-4.85,6.35
-5.31,-5.09,6.48
-5.31,-5.09,6.48
-5.31,-5.09,6.48
-5.29,-4.94,6.36
-5.29,-4.94,6.36
-5.29,-4.94,6.36
-5.2,-4.97,6.34
-5.2,-4.97,6.34
-5.2,-4.97,6.34
-5.2,-4.92,6.5
-5.2,-4.92,6.5
-5.2,-4.92,6.5
-5.21,-4.77,6.38
-5.21,-4.77,6.38
-5.31,-4.83,6.38
-5.45,-4.9,6.43
-5.45,-4.9,6.43
-5.45,-4.9,6.43
-5.35,-4.87,6.37
-5.35,-4.87,6.37
-5.35,-4.87,6.37
-5.29,-4.85,6.37
-5.29,-4.85,6.37
-5.29,-4.85,6.37
-5.31,-5.03,6.51
-5.31,-5.03,6.51
-5.31,-5.03,6.51
-5.4,-4.73,6.31
-5.4,-4.73,6.31
-5.4,-4.73,6.31
-5.42,-5.7,6.58
-5.42,-5.7,6.58
-5.42,-5.7,6.58
-5.78,-4.99,5.86
-5.78,-4.99,5.86
-5.91,-5.04,5.76
-5.53,-5.07,5.76
-5.53,-5.07,5.76
-6.0,-5.09,6.23
-5.18,-4.99,6.52
-5.18,-4.99,6.52
-5.18,-4.99,6.52
-4.27,-4.84,6.92
-4.27,-4.84,6.92
-4.27,-4.84,6.92
-3.81,-4.95,7.14
-3.63,-4.67,7.18
-3.63,-4.67,7.18
-3.73,-4.95,7.05
-3.73,-4.95,7.05
-3.73,-4.95,7.05
-3.96,-6.09,7.14
-3.96,-6.09,7.14
-3.96,-6.09,7.14
-3.92,-5.53,8.26
-3.92,-5.53,8.26
-3.92,-5.53,8.26
-3.97,-3.14,7.45
-3.97,-3.14,7.45
-3.95,-3.53,7.36
-4.3,-5.23,8.02
-4.22,-6.27,8.11
-4.22,-6.27,8.11
-3.79,-4.85,7.74
-3.79,-4.85,7.74
-3.79,-4.85,7.74
-3.25,-3.64,7.4
-3.25,-3.64,7.4
-3.25,-3.64,7.4
-3.19,-5.51,7.95
-3.19,-5.51,7.95
-3.14,-5.48,7.98
-3.01,-5.04,7.87
-2.85,-4.71,7.79
-2.85,-4.71,7.79
-2.44,-4.62,8.0
-2.44,-4.62,8.0
-2.44,-4.62,8.0
-1.85,-4.98,7.93
-1.85,-4.98,7.93
-1.85,-4.98,7.93
-1.79,-4.98,7.7
-2.04,-4.86,7.82
-2.04,-4.86,7.82
-2.42,-4.99,7.81
-2.52,-5.06,8.07
-2.52,-5.06,8.07
-2.52,-5.44,8.13
-2.52,-5.44,8.13
-2.52,-5.44,8.13
-2.69,-4.97,7.85
-2.69,-4.97,7.85
-2.69,-4.97,7.85
-2.77,-5.45,8.04
-2.77,-5.45,8.04
-2.98,-5.34,8.12
-2.93,-5.32,8.1
-2.93,-5.32,8.1
-2.93,-5.32,8.1
-2.76,-5.3,8.12
-2.76,-5.3,8.12
-2.76,-5.3,8.12
-2.46,-5.79,8.27
-2.46,-5.79,8.27
-2.46,-5.79,8.27
-2.34,-5.57,8.24
-2.49,-5.74,8.45
-2.49,-5.74,8.45
-2.66,-6.19,8.78
-2.78,-6.34,8.84
-2.78,-6.34,8.84
-2.76,-4.92,8.08
-2.76,-4.92,8.08
-2.76,-4.92,8.08
-2.61,-4.98,8.15
-2.61,-4.98,8.15
-2.61,-4.98,8.15
-2.88,-5.0,8.33
-2.88,-5.0,8.33
-2.88,-5.0,8.33
-3.13,-4.64,7.45
-3.13,-4.64,7.45
-3.13,-4.64,7.45
-3.03,-5.22,7.03
-3.03,-5.22,7.03
-3.19,-5.55,7.06
-3.19,-5.55,7.06
-3.19,-5.55,7.06
-3.1,-4.94,6.23
-3.1,-4.94,6.23
-3.1,-4.94,6.23
-3.03,-5.24,6.19
-3.03,-5.24,6.19
-3.03,-5.24,6.19
-2.8,-4.55,6.07
-2.8,-4.55,6.07
-2.8,-4.55,6.07
-2.71,-4.7,6.7
-2.71,-4.7,6.7
-2.71,-4.7,6.7
-3.3,-5.39,8.27
-3.3,-5.39,8.27
-3.3,-5.39,8.27
-3.66,-5.52,8.07
-3.66,-5.52,8.07
-3.66,-5.52,8.07
-3.07,-5.75,8.04
-3.07,-5.75,8.04
-2.59,-5.87,7.84
-2.59,-5.87,7.84
-2.59,-5.87,7.84
-2.5,-5.56,7.73
-2.5,-5.56,7.73
-2.5,-5.56,7.73
-2.07,-5.52,8.15
-2.07,-5.52,8.15
-2.07,-5.52,8.15
-2.51,-5.1,7.95
-2.51,-5.1,7.95
-2.51,-5.1,7.95
-2.85,-4.66,7.66
-2.85,-4.66,7.66
-2.85,-4.66,7.66
-2.64,-4.64,7.56
-2.64,-4.64,7.56
-2.64,-4.64,7.56
-2.66,-4.75,7.52
-2.34,-5.3,7.93
-2.34,-5.3,7.93
-1.89,-5.46,7.96
-1.89,-5.46,7.96
-1.89,-5.46,7.96
-2.46,-5.11,7.9
-2.46,-5.11,7.9
-2.46,-5.11,7.9
-2.34,-5.1,8.62
-2.34,-5.1,8.62
-2.45,-4.88,8.82
-2.57,-4.77,8.54
-2.57,-4.77,8.54
-2.57,-4.77,8.54
-2.54,-5.02,8.41
-2.54,-5.02,8.41
-2.54,-5.02,8.41
-2.16,-5.09,8.5
-2.16,-5.09,8.5
-2.15,-5.4,8.45
-2.18,-5.44,8.3
-2.18,-5.44,8.3
-2.28,-5.19,8.16
-2.43,-5.15,8.17
-2.43,-5.15,8.17
-2.43,-5.15,8.17
-2.36,-5.88,8.07
-2.36,-5.88,8.07
-2.36,-5.88,8.07
-2.49,-6.1,7.95
-2.49,-6.1,7.95
-2.24,-5.99,7.91
-2.18,-5.86,7.84
-2.1,-5.79,7.85
-2.1,-5.79,7.85
-2.33,-5.65,8.01
-2.33,-5.65,8.01
-2.33,-5.65,8.01
-2.15,-4.91,8.37
-2.15,-4.91,8.37
-2.15,-4.91,8.37
-2.1,-4.94,8.42
-2.1,-4.94,8.42
-2.1,-4.94,8.42
-1.93,-4.97,8.4
-1.93,-4.97,8.4
-1.87,-4.72,8.42
-2.27,-5.18,8.85
-2.27,-5.18,8.85
-2.27,-5.18,8.85
-2.07,-5.03,8.74
-2.07,-5.03,8.74
-2.07,-5.03,8.74
-1.48,-4.96,8.06
-1.48,-4.96,8.06
-1.48,-4.96,8.06
-1.08,-5.16,8.0
-1.08,-5.16,8.0
-1.48,-4.82,8.31
-2.23,-4.95,8.82
-2.23,-4.95,8.82
-2.23,-4.95,8.82
-3.13,-4.28,8.78
-3.13,-4.28,8.78
-3.13,-4.28,8.78
-2.23,-4.46,8.82
-2.23,-4.46,8.82
-2.23,-4.46,8.82
-2.98,-5.44,7.5
-2.98,-5.44,7.5
-2.98,-5.44,7.5
-3.43,-6.12,7.7
-3.43,-6.12,7.7
-3.43,-6.12,7.7
-2.81,-5.35,6.79
-2.81,-5.35,6.79
-2.81,-5.35,6.79
-2.33,-5.37,6.26
-2.33,-5.37,6.26
-2.33,-5.37,6.26
-2.37,-5.13,6.81
-2.37,-5.13,6.81
-1.99,-4.92,6.95
-3.18,-5.26,8.13
-3.18,-5.26,8.13
-3.18,-5.26,8.13
-3.68,-5.38,8.7
-3.68,-5.38,8.7
-3.68,-5.38,8.7
-2.71,-4.77,8.01
-2.71,-4.77,8.01
-2.71,-4.77,8.01
-2.07,-4.53,7.69
-2.07,-4.53,7.69
-2.07,-4.53,7.69
-2.38,-4.76,8.28
-2.38,-4.76,8.28
-2.38,-4.76,8.28
-2.99,-5.21,8.66
-2.99,-5.21,8.66
-2.99,-5.21,8.66
-3.15,-4.88,8.45
-3.15,-4.88,8.45
-3.15,-4.88,8.45
-2.64,-4.52,8.42
-2.64,-4.52,8.42
-2.64,-4.52,8.42
-1.88,-4.36,8.5
-1.88,-4.36,8.5
-1.88,-4.36,8.5
-2.07,-4.81,8.89
-2.07,-4.81,8.89
-2.07,-4.81,8.89
-2.28,-4.95,8.61
-2.28,-4.95,8.61
-2.28,-4.95,8.61
-2.55,-4.87,8.36
-2.55,-4.87,8.36
-2.55,-4.87,8.36
-2.66,-5.04,8.81
-2.66,-5.04,8.81
-2.66,-5.04,8.81
-2.63,-4.85,8.63
-2.63,-4.85,8.63
-2.63,-4.85,8.63
-2.26,-5.19,8.18
-2.26,-5.19,8.18
-2.24,-5.03,7.85
-2.43,-5.24,8.04
-2.43,-5.24,8.04
-2.43,-5.24,8.04
-2.6,-5.45,7.87
-2.6,-5.45,7.87
-2.6,-5.45,7.87
-2.5,-4.89,7.24
-2.5,-4.89,7.24
-2.5,-4.89,7.24
-3.06,-5.32,7.5
-3.06,-5.32,7.5
-3.07,-4.86,7.74
-2.59,-4.39,8.18
-2.59,-4.39,8.18
-2.59,-4.39,8.18
-2.32,-4.76,8.05
-2.32,-4.76,8.05
-2.32,-4.76,8.05
-2.12,-5.16,8.07
-2.12,-5.16,8.07
-2.12,-5.16,8.07
-2.38,-5.42,8.87
-2.38,-5.42,8.87
-2.28,-5.1,9.11
-2.46,-5.13,8.98
-2.46,-5.13,8.98
-2.46,-5.13,8.98
-2.66,-5.28,8.3
-2.66,-5.28,8.3
-2.66,-5.28,8.3
-2.7,-4.92,7.85
-2.7,-4.92,7.85
-2.69,-4.8,7.98
-2.45,-4.84,8.26
-2.45,-4.84,8.26
-2.29,-5.1,8.38
-2.29,-5.1,8.38
-2.29,-5.1,8.38
-2.44,-5.08,8.42
-2.44,-5.08,8.42
-2.44,-5.08,8.42
-2.33,-5.38,8.58
-2.33,-5.38,8.58
-2.33,-5.38,8.58
-2.3,-4.97,7.82
-2.3,-4.97,7.82
-2.3,-4.97,7.82
-2.88,-4.56,7.67
-2.88,-4.56,7.67
-2.88,-4.56,7.67
-2.86,-4.8,8.1
-2.86,-4.8,8.1
-2.86,-4.8,8.1
-2.73,-5.0,8.04
-2.73,-5.0,8.04
-2.73,-5.0,8.04
-2.86,-4.96,8.05
-2.86,-4.96,8.05
-2.86,-4.96,8.05
-2.49,-5.1,8.0
-2.49,-5.1,8.0
-2.37,-5.22,8.04
-2.45,-5.13,7.91
-2.45,-5.13,7.91
-2.45,-5.13,7.91
-2.55,-5.11,8.11
-2.55,-5.11,8.11
-2.55,-5.11,8.11
-2.72,-5.23,8.38
-2.72,-5.23,8.38
-2.68,-5.18,8.39
-2.52,-4.96,8.27
-2.52,-4.96,8.27
-2.52,-4.96,8.27
-2.71,-4.85,8.2
-2.71,-4.85,8.2
-2.71,-4.85,8.2
-2.78,-5.33,8.4
-2.78,-5.33,8.4
-2.78,-5.33,8.4
-2.3,-5.57,8.56
-2.3,-5.57,8.56
-2.37,-5.97,8.72
-2.18,-5.61,8.67
-2.18,-5.61,8.67
-2.18,-5.61,8.67
-2.04,-5.9,8.57
-2.04,-5.9,8.57
-2.04,-5.9,8.57
-1.82,-5.34,8.38
-1.82,-5.34,8.38
-1.82,-5.34,8.38
-1.15,-6.54,8.45
-1.15,-6.54,8.45
-1.15,-6.54,8.45
-1.4,-5.64,8.0
-1.4,-5.64,8.0
-1.4,-5.64,8.0
-2.13,-5.87,7.67
-2.13,-5.87,7.67
-2.13,-5.87,7.67
-1.82,-5.78,7.47
-1.82,-5.78,7.47
-1.89,-5.09,7.23
-0.78,-6.2,8.53
-0.78,-6.2,8.53
-0.78,-6.2,8.53
-1.37,-6.18,8.23
-1.37,-6.18,8.23
-1.37,-6.18,8.23
-1.85,-5.85,7.62
-1.85,-5.85,7.62
-1.85,-5.85,7.62
-1.49,-7.22,7.37
-1.49,-7.22,7.37
-1.49,-7.22,7.37
-1.56,-6.88,6.84
-1.56,-6.88,6.84
-1.6,-7.86,6.69
-0.96,-7.02,7.26
-0.96,-7.02,7.26
-0.96,-7.02,7.26
-0.39,-6.86,6.82
-0.39,-6.86,6.82
-0.39,-6.86,6.82
-0.43,-7.82,6.89
-0.43,-7.82,6.89
-0.43,-7.82,6.89
-0.77,-7.11,6.6
-0.77,-7.11,6.6
-0.69,-7.11,6.66
-1.09,-8.38,7.08
-1.09,-8.38,7.08
-1.09,-8.38,7.08
-0.98,-7.65,6.71
-0.98,-7.65,6.71
-0.98,-7.65,6.71
-1.06,-8.16,6.73
-1.06,-8.16,6.73
-1.06,-8.16,6.73
-0.79,-8.45,5.79
-0.79,-8.45,5.79
-0.79,-8.45,5.79
-0.57,-9.5,6.16
-0.57,-9.5,6.16
-0.57,-9.5,6.16
-0.82,-8.61,5.82
-0.82,-8.61,5.82
-0.82,-8.61,5.82
-0.9,-9.27,5.25
-0.9,-9.27,5.25
-0.9,-9.27,5.25
-0.98,-9.2,4.73
-0.98,-9.2,4.73
-0.76,-9.43,4.65
-0.79,-9.53,4.04
-0.79,-9.53,4.04
-0.79,-9.53,4.04
-0.42,-9.12,3.79
-0.42,-9.12,3.79
-0.42,-9.12,3.79
-0.48,-9.21,3.46
-0.48,-9.21,3.46
-0.48,-9.21,3.46
-0.15,-9.81,2.76
-0.15,-9.81,2.76
-0.15,-9.81,2.76
-0.18,-8.95,2.15
-0.18,-8.95,2.15
-0.18,-8.95,2.15
0.01,-9.75,1.83
0.01,-9.75,1.83
0.01,-9.75,1.83
0.2,-9.51,1.39
0.2,-9.51,1.39
0.2,-9.51,1.39
0.29,-9.08,0.75
0.29,-9.08,0.75
0.29,-9.08,0.75
0.22,-9.06,0.4
0.22,-9.06,0.4
0.22,-9.06,0.4
0.86,-8.79,-0.18
0.86,-8.79,-0.18
0.86,-8.79,-0.18
0.49,-9.29,0.46
0.49,-9.29,0.46
1.53,-8.86,-0.08
1.77,-8.04,-0.62
1.68,-7.19,-3.86
1.71,-9.29,-1.78
1.71,-9.29,-1.78
1.71,-9.29,-1.78
1.7,-9.08,-1.92
1.7,-9.08,-1.92
1.7,-9.08,-1.92
1.78,-9.33,-2.35
1.78,-9.33,-2.35
2.08,-8.66,-2.15
2.28,-8.16,-2.29
2.67,-8.62,-2.43
2.67,-8.62,-2.43
3.1,-8.61,-2.82
3.1,-8.61,-2.82
3.1,-8.61,-2.82
2.74,-9.07,-3.34
2.74,-9.07,-3.34
2.74,-9.07,-3.34
2.65,-7.41,-3.63
2.65,-7.41,-3.63
2.79,-7.41,-3.6
2.49,-7.64,-3.86
2.38,-7.54,-4.29
2.38,-7.54,-4.29
2.53,-6.73,-3.96
2.53,-6.73,-3.96
2.53,-6.73,-3.96
3.03,-7.91,-4.15
3.03,-7.91,-4.15
3.03,-7.91,-4.15
3.18,-7.27,-3.97
3.18,-7.27,-3.97
3.29,-6.77,-4.36
3.06,-6.6,-4.05
3.06,-6.6,-4.05
3.06,-6.6,-4.05
2.7,-6.39,-4.76
2.7,-6.39,-4.76
2.7,-6.39,-4.76
3.2,-6.88,-5.07
3.2,-6.88,-5.07
3.2,-6.88,-5.07
2.9,-7.81,-4.08
2.9,-7.81,-4.08
2.9,-7.81,-4.08
3.25,-7.4,-4.25
3.25,-7.4,-4.25
3.25,-7.4,-4.25
3.67,-8.3,-4.19
3.67,-8.3,-4.19
3.67,-8.3,-4.19
2.95,-7.87,-4.2
2.95,-7.87,-4.2
2.95,-7.87,-4.2
3.07,-7.37,-5.01
3.07,-7.37,-5.01
3.07,-7.37,-5.01
3.03,-7.7,-4.42
3.03,-7.7,-4.42
3.03,-7.7,-4.42
2.99,-8.25,-4.68
2.99,-8.25,-4.68
2.99,-8.25,-4.68
3.35,-8.12,-4.87
3.35,-8.12,-4.87
3.35,-8.12,-4.87
2.56,-7.79,-5.43
2.5,-7.54,-5.21
2.5,-7.54,-5.21
2.92,-7.23,-5.04
2.57,-7.15,-5.17
2.57,-7.15,-5.17
3.19,-7.62,-4.87
3.19,-7.62,-4.87
3.19,-7.62,-4.87
3.07,-7.22,-5.03
3.07,-7.22,-5.03
3.07,-7.22,-5.03
2.84,-8.0,-4.88
2.84,-8.0,-4.88
2.84,-8.0,-4.88
2.89,-8.31,-5.27
2.89,-8.31,-5.27
2.89,-8.31,-5.27
2.6,-7.58,-5.09
2.6,-7.58,-5.09
2.6,-7.58,-5.09
2.56,-7.54,-5.24
2.77,-8.3,-4.93
2.77,-8.3,-4.93
2.54,-7.87,-4.9
2.46,-7.14,-4.93
2.46,-7.14,-4.93
2.46,-7.14,-4.93
2.41,-7.63,-5.14
2.41,-7.63,-5.14
2.41,-7.63,-5.14
2.27,-7.52,-5.08
2.27,-7.52,-5.08
2.27,-7.52,-5.08
2.83,-7.42,-4.75
2.83,-7.42,-4.75
2.83,-7.42,-4.75
2.84,-8.01,-4.77
2.84,-8.01,-4.77
2.84,-8.01,-4.77
2.68,-8.07,-4.86
2.68,-8.07,-4.86
2.68,-8.07,-4.86
2.38,-7.57,-5.08
2.38,-7.57,-5.08
2.38,-7.57,-5.08
2.38,-7.9,-5.16
2.38,-7.9,-5.16
2.39,-7.92,-5.1
2.18,-7.6,-5.11
2.22,-7.91,-5.02
2.32,-7.59,-4.96
2.32,-7.59,-4.96
2.32,-7.59,-4.96
2.48,-7.66,-5.06
2.48,-7.66,-5.06
2.48,-7.66,-5.06
2.52,-7.5,-5.11
2.52,-7.5,-5.11
2.52,-7.5,-5.11
2.13,-7.71,-4.94
2.13,-7.71,-4.94
2.13,-7.71,-4.94
2.06,-7.73,-5.1
2.06,-7.73,-5.1
2.06,-7.73,-5.1
2.33,-7.84,-5.0
2.33,-7.84,-5.0
2.33,-7.84,-5.0
2.3,-7.94,-4.68
2.3,-7.94,-4.68
2.3,-7.94,-4.68
1.81,-7.88,-4.91
1.81,-7.88,-4.91
1.81,-7.88,-4.91
1.85,-8.09,-4.79
1.85,-8.09,-4.79
1.85,-8.09,-4.79
2.1,-7.9,-4.84
2.1,-7.9,-4.84
2.1,-7.9,-4.84
2.14,-8.31,-4.76
2.14,-8.31,-4.76
2.15,-8.16,-4.73
2.07,-7.94,-4.75
1.93,-8.54,-4.71
1.93,-8.54,-4.71
1.64,-8.3,-4.99
1.64,-8.3,-4.99
1.64,-8.3,-4.99
1.76,-7.72,-4.77
1.76,-7.72,-4.77
1.76,-7.72,-4.77
1.72,-7.64,-4.68
1.72,-7.64,-4.68
1.72,-7.64,-4.68
1.71,-8.14,-4.76
1.71,-8.14,-4.76
1.71,-8.14,-4.76
1.6,-7.79,-4.8
1.6,-7.79,-4.8
1.6,-7.79,-4.8
1.57,-7.92,-4.76
1.57,-7.92,-4.76
1.57,-7.92,-4.76
1.69,-8.5,-4.83
1.69,-8.5,-4.83
1.86,-8.18,-4.64
1.78,-7.96,-4.65
1.78,-7.96,-4.65
1.78,-7.96,-4.65
1.62,-8.07,-4.86
1.62,-8.07,-4.86
1.62,-8.07,-4.86
1.69,-7.95,-5.02
1.69,-7.95,-5.02
1.5,-8.06,-4.82
1.37,-8.0,-4.58
1.37,-8.0,-4.58
1.35,-8.09,-4.58
1.52,-7.95,-4.75
1.52,-7.95,-4.75
1.52,-7.95,-4.75
1.77,-8.2,-4.64
1.77,-8.2,-4.64
1.77,-8.2,-4.64
1.5,-8.08,-4.72
1.5,-8.08,-4.72
1.44,-8.14,-4.64
1.47,-8.03,-4.67
1.47,-8.03,-4.67
1.51,-8.01,-4.67
1.33,-8.13,-4.88
1.33,-8.13,-4.88
1.33,-8.13,-4.88
1.35,-8.21,-4.65
1.35,-8.21,-4.65
1.35,-8.21,-4.65
1.4,-8.23,-4.55
1.4,-8.23,-4.55
1.4,-8.23,-4.55
1.46,-8.28,-4.64
1.46,-8.28,-4.64
1.46,-8.28,-4.64
1.39,-8.25,-4.77
1.39,-8.25,-4.77
1.28,-8.05,-4.76
1.28,-8.05,-4.76
1.28,-8.05,-4.76
1.19,-8.04,-4.71
1.19,-8.04,-4.71
1.19,-8.04,-4.71
1.39,-8.22,-4.91
1.39,-8.22,-4.91
1.39,-8.22,-4.91
1.69,-8.27,-4.43
1.69,-8.27,-4.43
1.69,-8.27,-4.43
1.77,-7.8,-4.27
1.77,-7.8,-4.27
1.77,-7.8,-4.27
1.63,-8.42,-4.66
1.63,-8.42,-4.66
1.63,-8.42,-4.66
1.22,-8.29,-4.76
1.25,-8.56,-4.68
1.25,-8.56,-4.68
1.11,-8.45,-4.47
1.11,-8.45,-4.47
1.11,-8.45,-4.47
1.15,-8.11,-4.41
1.15,-8.11,-4.41
1.15,-8.11,-4.41
1.41,-7.52,-4.52
1.41,-7.52,-4.52
1.53,-7.84,-4.53
1.46,-7.72,-4.56
1.42,-7.79,-4.54
1.42,-7.79,-4.54
1.34,-8.43,-4.55
1.34,-8.43,-4.55
1.34,-8.43,-4.55
1.79,-7.92,-4.28
1.79,-7.92,-4.28
1.79,-7.92,-4.28
1.72,-7.99,-4.48
1.72,-7.99,-4.48
1.72,-7.99,-4.48
1.7,-7.53,-4.62
1.7,-7.53,-4.62
1.7,-8.15,-4.35
1.41,-8.42,-4.33
1.41,-8.42,-4.33
1.41,-8.42,-4.33
1.53,-8.41,-4.36
1.53,-8.41,-4.36
1.53,-8.41,-4.36
1.18,-8.53,-4.34
1.18,-8.53,-4.34
1.18,-8.53,-4.34
1.69,-7.9,-4.26
1.67,-8.54,-4.02
1.67,-9.52,-3.89
1.67,-8.16,-4.32
1.67,-8.16,-4.32
1.67,-8.16,-4.32
1.21,-8.0,-4.31
1.21,-8.0,-4.31
1.21,-8.0,-4.31
0.79,-8.48,-3.67
0.79,-8.48,-3.67
0.79,-8.48,-3.67
2.14,-8.64,-4.14
2.14,-8.64,-4.14
2.14,-8.64,-4.14
2.52,-7.94,-3.65
2.52,-7.94,-3.65
2.52,-7.94,-3.65
0.93,-8.11,-3.94
0.93,-8.11,-3.94
0.93,-8.11,-3.94
0.55,-8.27,-4.27
0.55,-8.27,-4.27
0.55,-8.27,-4.27
0.8,-8.3,-3.44
0.8,-8.3,-3.44
0.8,-8.3,-3.44
1.02,-8.9,-2.96
1.02,-8.9,-2.96
1.02,-8.9,-2.96
1.54,-8.54,-3.56
1.54,-8.54,-3.56
1.54,-8.54,-3.56
1.61,-9.06,-2.81
1.61,-9.06,-2.81
1.61,-9.06,-2.81
0.85,-9.18,-3.1
0.85,-9.18,-3.1
0.85,-9.18,-3.1
1.32,-9.59,-3.64
1.32,-9.59,-3.64
1.32,-9.59,-3.64
1.2,-8.77,-2.82
1.45,-9.61,-2.85
1.45,-9.61,-2.85
2.89,-9.46,-2.99
2.89,-9.46,-2.99
2.89,-9.46,-2.99
2.84,-8.68,-3.32
2.84,-8.68,-3.32
2.84,-8.68,-3.32
1.69,-8.62,-3.22
1.69,-8.62,-3.22
1.69,-8.62,-3.22
1.03,-9.51,-2.92
1.63,-8.29,-3.23
1.73,-7.67,-3.44
1.73,-7.67,-3.44
3.22,-9.87,-3.36
3.22,-9.87,-3.36
3.22,-9.87,-3.36
1.68,-10.14,-3.38
1.68,-10.14,-3.38
1.68,-10.14,-3.38
1.12,-9.61,-4.07
1.12,-9.61,-4.07
1.12,-9.61,-4.07
1.12,-9.54,-3.17
1.47,-10.2,-2.61
1.47,-10.2,-2.61
1.3,-9.09,-3.37
1.3,-9.09,-3.37
1.3,-9.09,-3.37
0.91,-8.94,-3.72
0.91,-8.94,-3.72
0.91,-8.94,-3.72
0.74,-8.14,-3.76
0.74,-8.14,-3.76
0.74,-8.14,-3.76
0.85,-8.85,-2.75
0.85,-8.85,-2.75
0.97,-7.96,-2.86
0.03,-8.76,-3.79
0.03,-8.76,-3.79
0.03,-8.76,-3.79
0.24,-9.45,-3.46
0.24,-9.45,-3.46
0.24,-9.45,-3.46
-0.14,-8.7,-3.76
-0.14,-8.7,-3.76
-0.14,-9.18,-3.65
0.91,-8.61,-3.68
0.91,-8.61,-3.68
0.91,-8.61,-3.68
0.04,-8.37,-4.63
0.04,-8.37,-4.63
0.04,-8.37,-4.63
1.02,-7.67,-5.68
1.02,-7.67,-5.68
1.02,-7.67,-5.68
1.03,-8.56,-5.11
1.03,-8.56,-5.11
1.37,-8.46,-5.08
0.78,-7.96,-5.26
0.78,-7.96,-5.26
0.78,-7.96,-5.26
0.59,-7.59,-5.29
0.59,-7.59,-5.29
0.59,-7.59,-5.29
-0.94,-8.04,-5.12
-0.94,-8.04,-5.12
-0.94,-8.04,-5.12
-0.18,-6.91,-4.87
-0.18,-6.91,-4.87
0.58,-7.37,-5.02
0.11,-6.5,-5.67
0.11,-6.5,-5.67
0.11,-6.5,-5.67
-0.0,-6.51,-5.1
-0.0,-6.51,-5.1
-0.0,-6.51,-5.1
-1.72,-8.27,-5.39
-1.72,-8.27,-5.39
-1.72,-8.27,-5.39
-1.56,-7.62,-5.73
-1.56,-7.62,-5.73
-1.56,-7.62,-5.73
0.51,-7.61,-4.81
0.51,-7.61,-4.81
0.51,-7.61,-4.81
-1.27,-6.44,-6.43
-1.27,-6.44,-6.43
-1.27,-6.44,-6.43
-0.45,-8.39,-5.86
-0.45,-8.39,-5.86
-0.45,-8.39,-5.86
-0.86,-7.54,-5.99
-1.73,-8.39,-5.95
-1.73,-8.39,-5.95
-0.42,-6.95,-5.46
-0.42,-6.95,-5.46
-0.42,-6.95,-5.46
-1.16,-7.28,-5.66
-1.16,-7.28,-5.66
-1.16,-7.28,-5.66
-0.4,-7.09,-5.24
-0.4,-7.09,-5.24
-0.4,-7.09,-5.24
-1.44,-7.21,-6.01
-1.01,-6.54,-5.72
-1.01,-6.54,-5.72
-0.82,-6.5,-5.66
-0.82,-6.5,-5.66
-0.82,-6.5,-5.66
-0.93,-6.39,-5.74
-0.93,-6.39,-5.74
-0.93,-6.39,-5.74
-0.24,-5.98,-5.95
-0.24,-5.98,-5.95
-0.24,-5.98,-5.95
0.11,-6.05,-5.47
0.11,-6.05,-5.47
0.11,-6.05,-5.47
-1.72,-8.54,-6.02
-1.72,-8.54,-6.02
-1.72,-8.54,-6.02
-0.05,-6.98,-6.14
-0.05,-6.98,-6.14
-0.05,-6.98,-6.14
-1.39,-7.93,-5.98
-1.39,-7.93,-5.98
-1.39,-7.93,-5.98
-0.34,-7.48,-6.68
-0.34,-7.48,-6.68
-0.34,-7.48,-6.68
-0.73,-8.03,-5.89
-0.73,-8.03,-5.89
-0.73,-8.03,-5.89
-1.07,-6.98,-6.39
-1.07,-6.98,-6.39
-1.07,-6.98,-6.39
-0.84,-7.13,-5.27
-0.84,-7.13,-5.27
-0.84,-7.13,-5.27
-1.24,-7.33,-5.94
-1.24,-7.33,-5.94
-1.24,-7.33,-5.94
-0.37,-6.74,-6.39
-0.37,-6.74,-6.39
-0.37,-6.74,-6.39
-1.1,-7.35,-5.91
-1.1,-7.35,-5.91
-1.1,-7.35,-5.91
-1.02,-6.23,-5.89
-1.02,-6.23,-5.89
-1.02,-6.23,-5.89
-1.09,-6.64,-5.72
-1.09,-6.64,-5.72
-1.09,-6.64,-5.72
-0.92,-6.79,-5.93
-0.92,-6.79,-5.93
-0.92,-6.79,-5.93
-1.24,-7.54,-6.24
-1.24,-7.54,-6.24
-1.24,-7.54,-6.24
-0.89,-7.23,-6.12
-0.89,-7.23,-6.12
-0.89,-7.23,-6.12
-0.93,-6.33,-6.35
-0.91,-6.63,-6.23
-0.91,-6.63,-6.23
-0.77,-6.46,-6.27
-0.77,-6.46,-6.27
-0.77,-6.46,-6.27
-0.69,-7.25,-6.34
-0.69,-7.25,-6.34
-0.69,-7.25,-6.34
-0.53,-6.77,-6.34
-0.53,-6.77,-6.34
-0.53,-6.77,-6.34
-0.81,-7.12,-6.14
-0.81,-7.12,-6.14
-0.51,-6.73,-6.13
-0.96,-6.6,-6.36
-0.96,-6.6,-6.36
-0.96,-6.6,-6.36
-0.65,-6.48,-6.08
-0.65,-6.48,-6.08
-0.65,-6.48,-6.08
-0.92,-7.09,-6.23
-0.92,-7.09,-6.23
-0.92,-7.09,-6.23
-1.0,-6.82,-6.2
-1.0,-6.82,-6.2
-0.97,-7.15,-6.23
-1.11,-6.83,-6.27
-1.11,-6.83,-6.27
-1.11,-6.83,-6.27
-0.56,-6.85,-6.17
-0.56,-6.85,-6.17
-0.56,-6.85,-6.17
-0.79,-6.69,-6.26
-0.79,-6.69,-6.26
-0.98,-6.95,-6.47
-0.28,-7.01,-6.04
-0.28,-7.01,-6.04
-0.22,-6.67,-5.87
-1.12,-7.05,-6.35
-1.12,-7.05,-6.35
-1.12,-7.05,-6.35
-0.62,-7.02,-5.98
-0.62,-7.02,-5.98
-0.62,-7.02,-5.98
-0.57,-6.93,-6.29
-0.57,-6.93,-6.29
-0.57,-6.93,-6.29
-0.98,-7.14,-6.12
-0.98,-7.14,-6.12
-0.89,-6.74,-6.31
-0.25,-6.61,-6.16
-0.25,-6.61,-6.16
-0.25,-6.61,-6.16
-0.63,-6.64,-6.11
-0.63,-6.64,-6.11
-0.63,-6.64,-6.11
-0.97,-7.07,-6.24
-0.97,-7.07,-6.24
-0.97,-7.07,-6.24
-0.6,-6.58,-6.11
-0.87,-6.97,-6.25
-0.87,-6.97,-6.25
-0.58,-7.09,-6.4
-0.58,-7.09,-6.4
-0.58,-7.09,-6.4
-0.89,-6.9,-6.35
-0.89,-6.9,-6.35
-0.89,-6.9,-6.35
-0.36,-6.8,-6.25
-0.36,-6.8,-6.25
-0.36,-6.8,-6.25
-0.68,-6.37,-5.91
-0.68,-6.37,-5.91
-0.68,-6.37,-5.91
-1.23,-7.28,-6.36
-1.23,-7.28,-6.36
-1.23,-7.28,-6.36
-0.44,-6.85,-6.02
-0.44,-6.85,-6.02
-0.44,-6.85,-6.02
-0.55,-6.83,-6.3
-0.55,-6.83,-6.3
-0.68,-6.52,-6.22
-0.78,-7.31,-6.17
-0.78,-7.31,-6.17
-0.78,-7.31,-6.17
-0.89,-6.78,-6.1
-0.89,-6.78,-6.1
-0.89,-6.78,-6.1
-0.65,-6.62,-6.26
-0.65,-6.62,-6.26
-0.65,-6.62,-6.26
-0.73,-7.04,-6.26
-0.73,-7.04,-6.26
-0.73,-7.04,-6.26
-0.76,-6.62,-6.38
-0.7,-6.87,-6.29
-0.7,-6.87,-6.29
-0.92,-6.8,-6.11
-0.92,-6.8,-6.11
-0.92,-6.8,-6.11
-0.75,-6.68,-6.36
-0.75,-6.68,-6.36
-0.75,-6.68,-6.36
-0.61,-7.17,-6.1
-0.61,-7.17,-6.1
-0.89,-6.7,-6.32
-0.55,-6.91,-6.24
-0.55,-6.91,-6.24
-0.55,-6.91,-6.24
-0.49,-6.79,-6.39
-0.49,-6.79,-6.39
-0.49,-6.79,-6.39
-0.57,-6.8,-6.24
-0.57,-6.8,-6.24
-0.57,-6.8,-6.24
-0.48,-6.53,-6.12
-0.35,-5.85,-6.02
-1.28,-7.57,-6.25
-1.28,-7.57,-6.25
-1.28,-7.57,-6.25
-0.49,-6.72,-6.38
-0.49,-6.72,-6.38
-0.49,-6.72,-6.38
-0.16,-6.63,-6.59
-0.16,-6.63,-6.59
-0.16,-6.63,-6.59
-0.78,-7.01,-6.23
-0.49,-7.1,-6.13
-0.49,-7.1,-6.13
-0.53,-6.98,-6.43
-0.53,-6.98,-6.43
-0.53,-6.98,-6.43
0.03,-6.71,-6.43
0.03,-6.71,-6.43
0.03,-6.71,-6.43
-0.38,-7.69,-6.4
-0.38,-7.69,-6.4
-0.38,-7.69,-6.4
0.27,-6.13,-6.66
0.52,-7.05,-6.11
0.52,-7.05,-6.11
-0.91,-6.42,-6.35
-0.91,-6.42,-6.35
-0.91,-6.42,-6.35
0.07,-7.38,-6.15
0.07,-7.38,-6.15
0.07,-7.38,-6.15
-0.75,-6.01,-6.48
-0.75,-6.01,-6.48
-0.75,-6.01,-6.48
-0.13,-7.19,-6.07
-0.13,-7.19,-6.07
-0.79,-6.65,-6.56
-0.39,-7.02,-6.09
-0.39,-7.02,-6.09
-0.39,-7.02,-6.09
-0.6,-7.01,-6.5
-0.6,-7.01,-6.5
-0.6,-7.01,-6.5
0.21,-5.56,-6.01
0.21,-5.56,-6.01
0.21,-5.56,-6.01
-0.68,-7.09,-6.77
-0.68,-7.09,-6.77
-0.68,-7.09,-6.77
-0.22,-7.05,-6.23
-0.22,-7.05,-6.23
-0.22,-7.05,-6.23
-0.87,-7.4,-6.38
-0.87,-7.4,-6.38
-0.87,-7.4,-6.38
0.14,-6.17,-6.31
0.14,-6.17,-6.31
0.14,-6.17,-6.31
-0.6,-7.48,-6.43
-0.6,-7.48,-6.43
0.13,-6.4,-5.99
-0.77,-7.2,-6.69
-0.77,-7.2,-6.69
-0.77,-7.2,-6.69
-0.12,-6.73,-5.98
-0.12,-6.73,-5.98
-0.12,-6.73,-5.98
-0.74,-6.72,-6.52
-0.74,-6.72,-6.52
-0.74,-6.72,-6.52
0.25,-6.47,-6.1
0.25,-6.47,-6.1
0.25,-6.47,-6.1
-1.09,-7.37,-6.68
-1.09,-7.37,-6.68
-1.09,-7.37,-6.68
0.01,-6.66,-6.0
0.01,-6.66,-6.0
0.01,-6.66,-6.0
-0.56,-6.84,-6.8
-0.56,-6.84,-6.8
-0.56,-6.84,-6.8
0.06,-6.49,-5.79
0.06,-6.49,-5.79
-0.37,-5.64,-6.37
-0.93,-6.91,-6.55
-0.53,-7.55,-6.04
-0.53,-7.55,-6.04
-0.03,-6.45,-6.45
-0.03,-6.45,-6.45
-0.03,-6.45,-6.45
-0.47,-7.24,-6.28
-0.47,-7.24,-6.28
-0.47,-7.24,-6.28
-0.42,-6.73,-6.47
-0.42,-6.73,-6.47
-0.34,-7.05,-6.53
0.15,-6.36,-6.27
0.15,-6.36,-6.27
0.15,-6.36,-6.27
-0.63,-6.89,-6.32
-0.63,-6.89,-6.32
-0.63,-6.89,-6.32
-0.29,-6.69,-6.34
-0.29,-6.69,-6.34
-0.29,-6.69,-6.34
-0.3,-6.91,-6.23
-0.51,-6.97,-6.27
-0.51,-6.97,-6.27
-0.23,-6.6,-6.39
-0.23,-6.6,-6.39
-0.23,-6.6,-6.39
-0.15,-6.94,-6.38
-0.15,-6.94,-6.38
-0.15,-6.94,-6.38
-0.64,-6.51,-6.16
-0.64,-6.51,-6.16
-0.64,-6.51,-6.16
-0.11,-7.01,-6.18
-0.11,-7.01,-6.18
-0.11,-7.01,-6.18
-0.25,-6.68,-6.45
-0.25,-6.68,-6.45
-0.25,-6.68,-6.45
-0.6,-7.05,-6.17
-0.6,-7.05,-6.17
-0.31,-6.8,-6.3
-0.31,-6.8,-6.3
-0.31,-6.8,-6.3
-0.46,-6.83,-6.25
-0.46,-6.83,-6.25
-0.83,-6.94,-6.68
0.16,-6.76,-6.14
0.16,-6.76,-6.14
0.16,-6.76,-6.14
-0.25,-6.75,-6.49
-0.25,-6.75,-6.49
-0.25,-6.75,-6.49
-0.45,-7.2,-6.03
-0.45,-7.2,-6.03
-0.45,-7.2,-6.03
-0.21,-6.71,-6.38
-0.49,-7.24,-6.15
-0.49,-7.24,-6.15
-0.32,-7.06,-6.34
-0.32,-7.06,-6.34
-0.32,-7.06,-6.34
-0.59,-6.33,-6.32
-0.59,-6.33,-6.32
-0.59,-6.33,-6.32
-0.31,-6.85,-6.11
-0.31,-6.85,-6.11
-0.34,-6.82,-6.36
-0.2,-6.65,-6.37
-0.22,-6.95,-6.25
-0.22,-6.95,-6.25
-0.45,-6.86,-6.37
-0.45,-6.86,-6.37
-0.45,-6.86,-6.37
-0.03,-7.09,-6.28
-0.03,-7.09,-6.28
-0.03,-7.09,-6.28
-0.44,-6.41,-6.47
-0.44,-6.41,-6.47
-0.44,-6.41,-6.47
-0.1,-6.97,-6.26
-0.25,-6.95,-6.18
-0.25,-6.95,-6.18
-0.34,-6.91,-6.3
-0.34,-6.91,-6.3
-0.34,-6.91,-6.3
-0.69,-6.99,-6.46
-0.69,-6.99,-6.46
-0.69,-6.99,-6.46
0.23,-6.5,-6.15
0.23,-6.5,-6.15
0.23,-6.5,-6.15
-0.96,-7.32,-6.55
-0.28,-6.92,-6.34
-0.28,-6.92,-6.34
-0.21,-6.81,-6.28
-0.21,-6.81,-6.28
-0.21,-6.81,-6.28
-0.56,-6.91,-6.29
-0.56,-6.91,-6.29
-0.56,-6.91,-6.29
-0.18,-6.89,-6.16
-0.18,-6.89,-6.16
-0.4,-7.09,-6.5
-0.34,-6.82,-6.29
-0.41,-6.75,-6.01
-0.41,-6.75,-6.01
-0.21,-6.74,-6.46
-0.21,-6.74,-6.46
-0.21,-6.74,-6.46
-0.29,-6.88,-6.22
-0.29,-6.88,-6.22
-0.29,-6.88,-6.22
-0.12,-6.93,-6.43
-0.12,-6.93,-6.43
-0.42,-6.86,-6.34
-0.19,-6.59,-6.14
-0.19,-6.59,-6.14
-0.19,-6.59,-6.14
-0.69,-7.25,-6.41
-0.69,-7.25,-6.41
-0.69,-7.25,-6.41
-0.09,-6.24,-6.16
-0.09,-6.24,-6.16
-0.09,-6.24,-6.16
-0.51,-7.48,-6.42
-0.51,-7.48,-6.42
-0.51,-7.48,-6.42
-0.07,-6.39,-6.42
-0.07,-6.39,-6.42
-0.3,-7.17,-6.59
-0.49,-6.51,-5.97
-0.49,-6.51,-5.97
-0.49,-6.51,-5.97
-0.21,-6.74,-6.49
-0.21,-6.74,-6.49
-0.21,-6.74,-6.49
-0.52,-7.26,-6.32
-0.52,-7.26,-6.32
-0.52,-7.26,-6.32
-0.34,-7.1,-6.23
-0.34,-7.1,-6.23
-0.34,-7.1,-6.23
-0.26,-6.49,-6.39
-0.26,-6.49,-6.39
-0.28,-7.25,-6.21
-0.28,-7.25,-6.21
-0.28,-7.25,-6.21
-0.39,-6.66,-6.7
-0.39,-6.66,-6.7
-0.39,-6.66,-6.7
0.09,-6.82,-5.85
-0.11,-6.43,-6.28
-0.11,-6.43,-6.28
-0.31,-7.31,-6.22
-0.31,-7.31,-6.22
-0.31,-7.31,-6.22
-0.23,-6.32,-6.37
-0.23,-6.32,-6.37
-0.23,-6.32,-6.37
-0.28,-7.3,-6.14
0.24,-6.67,-5.93
0.24,-6.67,-5.93
-0.53,-7.32,-6.48
-0.53,-7.32,-6.48
-0.53,-7.32,-6.48
0.17,-6.85,-6.17
0.17,-6.85,-6.17
0.17,-6.85,-6.17
-0.72,-7.1,-6.37
-0.72,-7.1,-6.37
-0.72,-7.1,-6.37
-0.03,-6.55,-6.17
-0.03,-6.55,-6.17
-0.03,-6.55,-6.17
-0.08,-7.0,-6.19
-0.08,-7.0,-6.19
-0.08,-7.0,-6.19
-0.53,-7.04,-6.39
-0.53,-7.04,-6.39
-0.53,-7.04,-6.39
-0.07,-6.99,-5.88
-0.07,-6.99,-5.88
-0.07,-6.99,-5.88
-0.44,-6.65,-6.48
-0.44,-6.65,-6.48
-0.44,-6.65,-6.48
-0.02,-6.68,-6.1
-0.02,-6.68,-6.1
-0.02,-6.68,-6.1
-0.25,-7.38,-6.45
-0.25,-7.38,-6.45
-0.25,-7.38,-6.45
-0.09,-7.07,-6.23
-0.09,-7.07,-6.23
-0.09,-7.07,-6.23
-0.32,-6.86,-6.38
-0.32,-6.86,-6.38
-0.34,-6.54,-6.17
-0.28,-6.53,-6.36
-0.28,-6.53,-6.36
-0.28,-6.53,-6.36
-0.11,-6.99,-6.03
-0.11,-6.99,-6.03
-0.11,-6.99,-6.03
-0.38,-6.83,-6.35
-0.38,-6.83,-6.35
-0.38,-6.83,-6.35
-0.27,-6.67,-6.17
-0.27,-6.67,-6.17
0.09,-6.85,-6.35
-0.38,-7.26,-6.28
-0.38,-7.26,-6.28
-0.38,-7.26,-6.28
-0.29,-6.73,-6.27
-0.29,-6.73,-6.27
-0.29,-6.73,-6.27
-0.4,-6.99,-6.43
-0.4,-6.99,-6.43
-0.4,-6.99,-6.43
-0.1,-6.49,-6.37
-0.1,-6.49,-6.37
-0.1,-6.49,-6.37
-0.35,-6.83,-6.17
-0.35,-6.83,-6.17
-0.35,-6.83,-6.17
-0.29,-6.88,-6.4
-0.29,-6.88,-6.4
-0.29,-6.88,-6.4
-0.07,-6.95,-6.27
-0.07,-6.95,-6.27
-0.07,-6.95,-6.27
-0.54,-7.25,-6.63
-0.54,-7.25,-6.63
-0.54,-7.25,-6.63
0.24,-6.39,-5.95
0.24,-6.39,-5.95
0.24,-6.39,-5.95
-0.68,-7.38,-6.52
-0.68,-7.38,-6.52
-0.68,-7.38,-6.52
-0.07,-6.0,-6.08
-0.07,-6.0,-6.08
-0.07,-6.0,-6.08
-0.53,-7.75,-6.31
-0.53,-7.75,-6.31
-0.05,-6.68,-6.01
-0.7,-7.2,-6.44
-0.7,-7.2,-6.44
-0.7,-7.2,-6.44
0.06,-6.57,-6.13
0.06,-6.57,-6.13
0.06,-6.57,-6.13
-0.52,-7.23,-6.56
-0.52,-7.23,-6.56
-0.52,-7.23,-6.56
0.11,-7.09,-5.95
0.11,-7.09,-5.95
-0.16,-6.46,-6.05
-0.09,-7.04,-6.5
-0.09,-7.04,-6.5
-0.09,-7.04,-6.5
-0.21,-6.5,-6.06
-0.21,-6.5,-6.06
-0.21,-6.5,-6.06
-0.11,-7.54,-6.49
-0.11,-7.54,-6.49
-0.11,-7.54,-6.49
-0.34,-6.86,-6.0
-0.34,-6.86,-6.0
-0.26,-6.61,-6.56
-0.34,-6.77,-6.12
-0.34,-6.77,-6.12
-0.34,-6.77,-6.12
-0.05,-6.91,-6.32
-0.05,-6.91,-6.32
-0.05,-6.91,-6.32
-0.52,-7.29,-6.13
-0.52,-7.29,-6.13
-0.28,-6.71,-6.1
-0.32,-6.59,-6.47
-0.32,-6.59,-6.47
0.06,-7.08,-6.28
-0.19,-6.55,-6.3
-0.19,-6.55,-6.3
-0.19,-6.55,-6.3
-0.09,-7.3,-6.17
-0.09,-7.3,-6.17
-0.09,-7.3,-6.17
-0.45,-6.59,-6.26
-0.45,-6.59,-6.26
-0.45,-6.59,-6.26
0.03,-6.78,-6.04
0.03,-6.78,-6.04
0.03,-6.78,-6.04
-0.33,-6.65,-6.36
-0.33,-6.65,-6.36
-0.33,-6.65,-6.36
-0.5,-7.0,-5.94
-0.5,-7.0,-5.94
-0.5,-7.0,-5.94
-0.23,-7.1,-6.34
-0.23,-7.1,-6.34
-0.23,-7.1,-6.34
-0.35,-7.13,-5.98
-0.31,-6.59,-6.5
-0.31,-6.59,-6.5
0.33,-7.29,-5.94
0.33,-7.29,-5.94
0.33,-7.29,-5.94
-0.09,-6.49,-6.48
-0.09,-6.49,-6.48
-0.09,-6.49,-6.48
-0.18,-7.32,-6.05
-0.18,-7.32,-6.05
-0.18,-7.32,-6.05
0.2,-6.9,-6.38
0.2,-6.9,-6.38
0.2,-6.9,-6.38
-0.16,-6.93,-6.12
-0.16,-6.93,-6.12
-0.16,-6.93,-6.12
0.05,-6.8,-6.15
0.05,-6.8,-6.15
-0.54,-7.28,-5.87
-0.54,-7.28,-5.87
-0.37,-7.02,-6.09
0.05,-7.28,-6.31
-0.18,-7.59,-6.24
0.45,-6.52,-6.28
0.45,-6.52,-6.28
0.45,-6.52,-6.28
-0.46,-7.27,-6.08
-0.46,-7.27,-6.08
-0.46,-7.27,-6.08
0.0,-6.29,-6.3
0.0,-6.29,-6.3
0.0,-6.29,-6.3
-0.17,-6.87,-6.31
-0.17,-6.87,-6.31
-0.17,-6.87,-6.31
-0.13,-7.29,-6.41
-0.13,-7.29,-6.41
-0.13,-7.29,-6.41
0.17,-6.28,-6.25
0.17,-6.28,-6.25
0.17,-6.28,-6.25
-0.19,-7.16,-6.09
-0.19,-7.16,-6.09
-0.19,-7.16,-6.09
0.07,-6.91,-6.48
0.07,-6.91,-6.48
0.07,-6.91,-6.48
-0.19,-7.14,-5.97
-0.19,-7.14,-5.97
-0.19,-7.14,-5.97
-0.08,-7.04,-6.39
-0.08,-7.04,-6.39
-0.08,-7.04,-6.39
-0.05,-6.77,-6.13
-0.05,-6.77,-6.13
-0.05,-6.77,-6.13
0.01,-7.36,-6.24
0.01,-7.36,-6.24
0.01,-7.36,-6.24
-0.18,-6.56,-6.04
-0.18,-6.56,-6.04
-0.18,-6.56,-6.04
0.11,-7.08,-6.44
0.11,-7.08,-6.44
0.11,-7.08,-6.44
-0.17,-6.66,-6.13
-0.17,-6.66,-6.13
-0.15,-6.71,-6.74
-0.16,-7.0,-5.87
-0.16,-7.0,-5.87
-0.16,-7.0,-5.87
-0.28,-6.62,-6.52
-0.28,-6.62,-6.52
-0.28,-6.62,-6.52
0.11,-6.93,-5.77
0.11,-6.93,-5.77
0.11,-6.93,-5.77
-0.36,-6.8,-6.52
-0.36,-6.8,-6.52
-0.36,-6.8,-6.52
0.17,-6.82,-5.96
0.17,-6.82,-5.96
0.2,-5.87,-6.1
-0.54,-8.01,-6.51
-0.54,-8.01,-6.51
-0.54,-8.01,-6.51
0.37,-6.21,-5.74
0.37,-6.21,-5.74
0.37,-6.21,-5.74
-0.31,-7.35,-6.33
-0.31,-7.35,-6.33
-0.31,-7.35,-6.33
0.29,-6.27,-6.13
0.29,-6.27,-6.13
0.06,-6.91,-6.54
0.88,-5.75,-6.48
0.88,-5.75,-6.48
0.88,-5.75,-6.48
-15.32,3.35,-2.02
-15.32,3.35,-2.02
