aX,aY,aZ
-20.25,-2.42,-4.73
-2.91,-4.56,0.29
4.75,-2.48,-12.86
4.75,-2.48,-12.86
4.75,-2.48,-12.86
0.81,-9.46,-10.06
0.81,-9.46,-10.06
0.81,-9.46,-10.06
4.62,-6.26,-7.72
4.62,-6.26,-7.72
4.62,-6.26,-7.72
0.43,-7.81,-7.19
0.43,-7.81,-7.19
0.43,-7.81,-7.19
0.95,-4.74,-7.69
0.95,-4.74,-7.69
0.95,-4.74,-7.69
2.12,-6.0,-6.79
2.12,-6.0,-6.79
2.12,-6.0,-6.79
2.26,-4.94,-8.16
2.26,-4.94,-8.16
2.01,-5.31,-8.12
2.57,-5.87,-7.18
2.57,-5.87,-7.18
2.57,-5.87,-7.18
1.36,-5.55,-7.68
1.36,-5.55,-7.68
1.36,-5.55,-7.68
1.14,-5.75,-6.94
1.14,-5.75,-6.94
1.14,-5.75,-6.94
1.95,-5.82,-6.63
1.95,-5.82,-6.63
1.75,-5.98,-7.56
1.75,-5.98,-7.56
1.75,-5.98,-7.56
2.19,-6.4,-7.05
2.19,-6.4,-7.05
2.19,-6.4,-7.05
2.18,-5.77,-7.48
2.18,-5.77,-7.48
2.18,-5.77,-7.48
1.93,-6.28,-7.21
1.79,-6.03,-7.13
1.79,-6.03,-7.13
1.8,-5.81,-6.95
1.8,-5.81,-6.95
1.99,-5.99,-6.9
1.91,-5.91,-7.19
1.91,-5.91,-7.19
1.91,-5.91,-7.19
2.26,-6.11,-7.0
2.26,-6.11,-7.0
2.26,-6.11,-7.0
1.85,-5.91,-7.32
1.85,-5.91,-7.32
1.85,-5.91,-7.32
2.04,-5.88,-7.25
2.04,-5.88,-7.25
1.88,-6.17,-7.2
1.93,-5.88,-7.05
1.93,-5.88,-7.05
1.93,-5.88,-7.05
2.13,-5.77,-6.89
2.13,-5.77,-6.89
2.13,-5.77,-6.89
2.3,-5.86,-6.95
2.3,-5.86,-6.95
2.15,-6.12,-7.01
2.11,-6.4,-6.96
2.11,-6.4,-6.96
2.09,-6.65,-6.91
2.11,-5.84,-7.16
2.11,-5.84,-7.16
2.11,-5.84,-7.16
2.11,-6.21,-7.07
2.11,-6.21,-7.07
2.11,-6.21,-7.07
2.13,-6.0,-6.83
2.13,-6.0,-6.83
2.13,-6.0,-6.83
1.96,-5.91,-6.89
1.96,-5.91,-6.89
2.27,-6.24,-6.93
2.27,-6.24,-6.93
2.27,-6.24,-6.93
2.77,-5.8,-7.1
2.77,-5.8,-7.1
2.77,-5.8,-7.1
2.53,-6.06,-7.07
2.53,-6.06,-7.07
2.53,-6.06,-7.07
2.59,-6.29,-6.93
2.59,-6.29,-6.93
2.59,-6.29,-6.93
2.41,-5.7,-6.98
2.41,-5.7,-6.98
2.41,-5.7,-6.98
2.31,-5.73,-6.91
2.31,-5.73,-6.91
2.31,-5.73,-6.91
2.45,-6.29,-6.81
2.45,-6.29,-6.81
2.45,-6.29,-6.81
2.36,-5.75,-6.86
2.36,-5.75,-6.86
2.46,-5.91,-6.83
2.55,-5.95,-6.67
2.55,-5.95,-6.67
2.55,-5.95,-6.67
2.59,-5.83,-6.79
2.59,-5.83,-6.79
2.59,-5.83,-6.79
2.71,-5.5,-6.86
2.71,-5.5,-6.86
2.71,-5.5,-6.86
2.8,-5.61,-6.67
2.8,-5.61,-6.67
2.89,-6.07,-6.57
2.89,-6.07,-6.57
2.89,-6.07,-6.57
2.63,-6.32,-6.16
2.63,-6.32,-6.16
2.63,-6.32,-6.16
2.36,-6.29,-5.92
2.21,-6.2,-5.78
2.21,-6.2,-5.78
2.12,-6.52,-5.32
1.99,-6.66,-4.98
1.99,-6.66,-4.98
2.07,-6.12,-5.0
2.07,-6.12,-5.0
2.07,-6.12,-5.0
2.55,-7.63,-5.81
2.55,-7.63,-5.81
2.55,-7.63,-5.81
2.83,-8.12,-5.41
2.83,-8.12,-5.41
3.29,-7.97,-5.4
3.17,-7.86,-4.31
3.17,-7.86,-4.31
3.17,-7.86,-4.31
2.62,-7.06,-3.81
2.62,-7.06,-3.81
2.62,-7.06,-3.81
2.27,-8.21,-3.57
2.27,-8.21,-3.57
2.27,-8.21,-3.57
3.27,-6.69,-3.0
3.27,-6.69,-3.0
3.27,-6.69,-3.0
3.21,-7.86,-2.37
3.21,-7.86,-2.37
3.21,-7.86,-2.37
3.49,-8.1,-1.7
3.49,-8.1,-1.7
3.49,-8.1,-1.7
4.1,-8.44,-1.1
4.1,-8.44,-1.1
4.1,-8.44,-1.1
3.65,-9.12,-1.56
3.65,-9.12,-1.56
3.81,-10.07,-1.51
3.78,-9.88,-1.14
3.78,-9.88,-1.14
3.78,-9.88,-1.14
4.03,-9.94,-1.31
4.03,-9.94,-1.31
4.03,-9.94,-1.31
4.23,-10.32,-0.81
4.23,-10.32,-0.81
3.98,-10.82,-0.38
3.58,-11.56,0.33
3.58,-11.56,0.33
3.46,-11.9,0.87
3.5,-8.88,-0.23
3.5,-8.88,-0.23
3.5,-8.88,-0.23
2.81,-9.66,0.32
2.81,-9.66,0.32
2.81,-9.66,0.32
2.96,-9.54,0.91
2.96,-9.54,0.91
2.66,-9.36,0.83
2.21,-9.42,0.56
2.21,-9.42,0.56
2.18,-9.63,1.88
0.83,-10.07,2.83
0.83,-10.07,2.83
0.83,-10.07,2.83
1.07,-9.58,2.33
1.07,-9.58,2.33
1.07,-9.58,2.33
0.42,-8.31,1.72
0.42,-8.31,1.72
0.12,-8.2,1.45
-0.42,-8.85,1.64
-0.42,-8.85,1.64
-0.7,-9.56,1.73
0.31,-9.9,1.81
0.31,-9.9,1.81
0.82,-8.9,1.46
0.82,-8.9,1.46
0.82,-8.9,1.46
0.72,-8.31,0.98
0.72,-8.31,0.98
0.72,-8.31,0.98
-0.34,-9.78,1.99
-0.34,-9.78,1.99
-0.34,-9.78,1.99
-1.19,-9.74,2.15
-1.19,-9.74,2.15
-1.19,-9.74,2.15
-2.08,-10.71,2.14
-2.08,-10.71,2.14
-2.08,-10.71,2.14
-2.26,-10.33,1.52
-2.26,-10.33,1.52
-2.26,-10.33,1.52
-1.6,-9.71,2.15
-1.6,-9.71,2.15
-1.6,-9.71,2.15
-1.26,-10.81,3.63
-1.26,-10.81,3.63
-1.26,-10.81,3.63
-1.87,-9.5,3.1
-1.87,-9.5,3.1
-1.87,-9.5,3.1
-2.04,-9.16,3.2
-2.04,-9.16,3.2
-1.55,-8.67,3.62
-1.93,-8.42,3.49
-2.5,-8.25,3.56
-2.5,-8.25,3.56
-2.37,-8.41,3.89
-2.37,-8.41,3.89
-2.37,-8.41,3.89
-2.52,-8.44,3.33
-2.52,-8.44,3.33
-2.52,-8.44,3.33
-2.37,-7.9,2.15
-2.37,-7.9,2.15
-2.37,-7.9,2.15
-1.28,-8.33,2.49
-1.28,-8.33,2.49
-1.28,-8.33,2.49
-2.76,-9.73,1.63
-2.76,-9.73,1.63
-2.76,-9.73,1.63
-0.73,-10.11,2.38
-0.73,-10.11,2.38
-0.73,-10.11,2.38
-1.38,-9.24,2.5
-1.38,-9.24,2.5
-1.38,-9.24,2.5
-0.67,-8.18,2.74
-0.67,-8.18,2.74
-0.58,-8.58,3.15
-1.14,-9.45,3.81
-1.14,-9.45,3.81
-1.14,-9.45,3.81
-1.27,-8.38,3.4
-1.27,-8.38,3.4
-1.27,-8.38,3.4
-1.55,-8.43,3.23
-1.55,-8.43,3.23
-1.55,-8.43,3.23
-1.99,-9.11,3.17
-1.99,-9.11,3.17
-1.99,-9.11,3.17
-2.67,-9.38,2.69
-2.67,-9.38,2.69
-2.67,-9.38,2.69
-2.72,-8.99,2.62
-2.72,-8.99,2.62
-2.72,-8.99,2.62
-2.77,-8.95,2.49
-2.77,-8.95,2.49
-2.77,-8.95,2.49
-3.13,-9.32,2.59
-3.13,-9.32,2.59
-2.78,-9.58,2.76
-2.12,-9.22,2.96
-2.12,-9.22,2.96
-2.12,-9.22,2.96
-1.81,-8.84,3.14
-1.81,-8.84,3.14
-1.81,-8.84,3.14
-2.12,-8.72,3.38
-2.12,-8.72,3.38
-2.12,-8.72,3.38
-2.01,-8.49,3.28
-2.01,-8.49,3.28
-1.82,-8.46,3.1
-1.39,-8.67,3.12
-1.39,-8.67,3.12
-1.39,-8.67,3.12
-1.46,-8.91,3.53
-1.46,-8.91,3.53
-1.46,-8.91,3.53
-1.59,-9.6,3.87
-1.59,-9.6,3.87
-1.59,-9.6,3.87
-2.72,-8.49,2.04
-2.72,-8.49,2.04
-2.72,-8.49,2.04
-2.67,-9.78,2.37
-2.67,-9.78,2.37
-2.67,-9.78,2.37
-2.52,-9.68,2.41
-2.52,-9.68,2.41
-2.52,-9.68,2.41
-1.39,-8.4,2.83
-1.39,-8.4,2.83
-1.39,-8.4,2.83
-2.07,-8.71,2.58
-2.07,-8.71,2.58
-2.22,-9.6,2.72
-2.06,-10.0,2.96
-2.06,-10.0,2.96
-2.06,-10.0,2.96
-2.15,-8.72,2.36
-2.15,-8.72,2.36
-2.15,-8.72,2.36
-1.96,-8.85,2.75
-1.96,-8.85,2.75
-1.96,-8.85,2.75
-2.09,-9.27,2.62
-2.09,-9.27,2.62
-2.09,-9.27,2.62
-1.94,-8.61,1.9
-1.94,-8.61,1.9
-1.94,-8.61,1.9
-2.16,-8.16,1.34
-2.16,-8.16,1.34
-2.16,-8.16,1.34
-1.87,-8.09,1.31
-1.87,-8.09,1.31
-1.87,-8.09,1.31
-2.24,-8.16,1.1
-2.24,-8.16,1.1
-2.24,-8.16,1.1
-2.13,-8.74,1.4
-2.13,-8.74,1.4
-2.13,-8.74,1.4
-2.2,-9.12,1.65
-2.2,-9.12,1.65
-2.2,-9.12,1.65
-2.46,-8.91,1.7
-2.46,-8.91,1.7
-2.46,-8.91,1.7
-2.41,-9.6,1.98
-2.41,-9.6,1.98
-2.41,-9.6,1.98
-2.61,-9.48,1.42
-2.61,-9.48,1.42
-2.61,-9.48,1.42
-2.71,-8.75,1.18
-2.71,-8.75,1.18
-3.0,-9.11,1.16
-3.0,-9.11,1.16
-3.0,-9.11,1.16
-3.27,-9.25,1.61
-3.27,-9.25,1.61
-3.27,-9.25,1.61
-3.96,-8.74,1.49
-3.96,-8.74,1.49
-3.96,-8.74,1.49
-3.91,-8.9,2.01
-3.91,-8.9,2.01
-3.58,-8.23,1.02
-3.58,-8.23,1.02
-3.16,-7.66,0.45
-3.02,-7.65,0.52
-2.54,-8.14,0.71
-2.54,-8.14,0.71
-1.84,-9.53,1.36
-1.84,-9.53,1.36
-1.84,-9.53,1.36
-1.4,-10.41,2.23
-1.4,-10.41,2.23
-1.4,-10.41,2.23
-0.91,-10.74,1.83
-0.91,-10.74,1.83
-0.6,-10.26,1.59
-1.18,-9.04,0.05
-1.18,-9.04,0.05
-1.18,-9.04,0.05
-1.12,-10.57,0.83
-1.12,-10.57,0.83
-1.12,-10.57,0.83
-1.55,-12.23,1.01
-1.55,-12.23,1.01
-1.55,-12.23,1.01
-2.08,-12.81,0.82
-2.08,-12.81,0.82
-2.24,-13.98,1.4
-2.74,-14.87,1.31
-2.4,-15.42,1.04
-2.4,-15.42,1.04
-1.29,-14.95,1.15
-1.29,-14.95,1.15
-1.29,-14.95,1.15
-0.57,-14.07,1.87
-0.57,-14.07,1.87
-0.57,-14.07,1.87
-0.8,-11.73,2.09
-0.8,-11.73,2.09
-1.02,-10.87,1.57
-1.47,-8.98,0.41
-1.47,-8.98,0.41
-1.47,-8.98,0.41
-1.53,-9.11,-0.3
-1.53,-9.11,-0.3
-1.53,-9.11,-0.3
-0.45,-9.01,0.56
-0.45,-9.01,0.56
-0.45,-9.01,0.56
0.54,-7.89,-1.61
0.54,-7.89,-1.61
1.18,-6.96,-4.64
1.15,-5.93,-3.7
1.08,-5.28,-3.7
1.08,-5.28,-3.7
1.9,-3.88,-3.15
1.9,-3.88,-3.15
1.9,-3.88,-3.15
1.1,-1.38,-3.46
1.1,-1.38,-3.46
1.1,-1.38,-3.46
3.59,0.73,-2.83
3.59,0.73,-2.83
3.59,0.73,-2.83
3.49,-0.57,-2.89
3.49,-0.57,-2.89
3.49,-0.57,-2.89
4.8,-2.66,-2.61
4.8,-2.66,-2.61
4.8,-2.66,-2.61
4.75,-4.19,-1.9
4.75,-4.19,-1.9
4.75,-4.19,-1.9
4.23,-6.13,-1.02
4.23,-6.13,-1.02
4.33,-7.52,0.0
2.9,-7.0,0.38
2.9,-7.0,0.38
2.9,-7.0,0.38
2.16,-7.63,0.39
2.16,-7.63,0.39
2.16,-7.63,0.39
1.6,-6.92,0.65
1.6,-6.92,0.65
1.6,-6.92,0.65
-0.04,-8.52,3.64
-0.04,-8.52,3.64
-0.04,-8.52,3.64
1.06,-9.63,4.15
1.06,-9.63,4.15
1.06,-9.63,4.15
0.49,-8.23,1.9
0.49,-8.23,1.9
0.49,-8.23,1.9
-0.5,-11.3,4.81
-0.5,-11.3,4.81
-0.5,-11.3,4.81
-1.08,-11.19,3.52
-1.08,-11.19,3.52
-2.95,-12.36,4.19
-2.02,-12.48,6.21
-2.02,-12.48,6.21
-2.02,-12.48,6.21
-4.16,-11.98,5.47
-4.16,-11.98,5.47
-4.16,-11.98,5.47
-3.57,-10.13,5.78
-3.57,-10.13,5.78
-3.46,-9.87,5.87
-3.76,-10.48,5.73
-3.77,-10.9,6.23
-3.77,-10.9,6.23
-3.27,-8.76,6.17
-3.27,-8.76,6.17
-3.27,-8.76,6.17
-3.38,-8.28,6.57
-3.38,-8.28,6.57
-3.38,-8.28,6.57
-3.1,-7.67,6.36
-3.1,-7.67,6.36
-3.01,-7.37,6.19
-2.83,-7.74,6.38
-2.83,-7.74,6.38
-2.83,-7.74,6.38
-2.73,-7.03,6.45
-2.73,-7.03,6.45
-2.73,-7.03,6.45
-2.92,-7.24,6.54
-2.92,-7.24,6.54
-2.92,-7.24,6.54
-2.87,-6.46,5.83
-2.87,-6.46,5.83
-2.87,-6.46,5.83
-2.81,-7.15,6.33
-2.81,-7.15,6.33
-2.3,-7.48,6.36
-2.18,-7.54,6.49
-2.18,-7.54,6.49
-2.18,-7.54,6.49
-1.94,-6.84,5.2
-1.94,-6.84,5.2
-1.94,-6.84,5.2
-2.22,-7.04,5.61
-2.22,-7.04,5.61
-2.22,-7.04,5.61
-2.96,-6.83,5.47
-2.96,-6.83,5.47
-3.42,-7.03,5.44
-4.47,-6.68,6.18
-4.47,-6.68,6.18
-4.47,-6.68,6.18
-7.29,-6.95,5.18
-7.29,-6.95,5.18
-7.29,-6.95,5.18
-4.3,-7.84,6.49
-4.3,-7.84,6.49
-4.3,-7.84,6.49
-3.52,-6.0,6.34
-3.52,-6.0,6.34
-4.41,-6.0,6.6
-4.13,-5.53,5.48
-4.13,-5.53,5.48
-4.13,-5.53,5.48
-4.68,-6.57,6.08
-4.68,-6.57,6.08
-4.68,-6.57,6.08
-5.44,-7.4,6.13
-5.44,-7.4,6.13
-5.44,-7.4,6.13
-4.28,-6.02,5.82
-4.24,-5.35,5.32
-4.1,-7.33,5.78
-4.1,-7.33,5.78
-4.1,-7.33,5.78
-3.67,-6.89,5.57
-3.67,-6.89,5.57
-4.0,-6.24,5.56
-4.0,-6.24,5.56
-4.34,-6.5,5.82
-4.17,-6.07,5.99
-4.17,-6.07,5.99
-3.94,-5.84,6.07
-4.97,-6.47,6.17
-4.97,-6.47,6.17
-4.97,-6.47,6.17
-3.96,-6.04,6.0
-3.96,-6.04,6.0
-3.96,-6.04,6.0
-4.72,-6.57,6.12
-4.72,-6.57,6.12
-4.72,-6.57,6.12
-4.26,-6.51,6.35
-4.26,-6.51,6.35
-4.26,-6.51,6.35
-4.34,-6.51,5.85
-4.34,-6.51,5.85
-4.34,-6.51,5.85
-4.28,-6.03,5.78
-4.28,-6.03,5.78
-4.28,-6.03,5.78
-4.18,-6.21,6.24
-4.18,-6.21,6.24
-4.18,-6.21,6.24
-4.49,-5.92,6.34
-4.37,-5.55,6.16
-4.48,-5.74,6.22
-4.48,-5.74,6.22
-4.48,-5.74,6.22
-4.7,-5.59,5.85
-4.7,-5.59,5.85
-4.7,-5.59,5.85
-4.19,-6.23,5.97
-4.19,-6.23,5.97
-4.24,-6.24,5.95
-4.3,-6.21,5.93
-4.3,-6.21,5.93
-4.3,-6.21,5.93
-4.55,-6.05,6.15
-4.55,-6.05,6.15
-4.55,-6.05,6.15
-4.56,-6.01,6.25
-4.56,-6.01,6.25
-4.56,-6.01,6.25
-4.42,-5.95,6.27
-4.35,-5.81,6.18
-4.35,-5.81,6.18
-4.53,-5.65,6.08
-4.53,-5.65,6.08
-4.53,-5.65,6.08
-4.42,-6.01,6.31
-4.42,-6.01,6.31
-4.42,-6.01,6.31
-4.59,-6.12,6.17
-4.59,-6.12,6.17
-4.59,-6.12,6.17
-4.89,-6.16,6.03
-4.89,-6.16,6.03
-4.89,-6.16,6.03
-4.91,-6.57,6.12
-4.91,-6.57,6.12
-4.91,-6.57,6.12
-5.33,-6.6,5.81
-5.33,-6.6,5.81
-5.33,-6.6,5.81
-4.85,-6.62,6.31
-4.85,-6.62,6.31
-4.85,-6.62,6.31
-4.8,-6.9,6.21
-4.01,-5.93,6.33
-4.01,-5.93,6.33
-3.31,-5.76,6.3
-3.46,-6.08,6.39
-3.46,-6.08,6.39
-3.25,-6.91,7.01
-3.25,-6.91,7.01
-3.25,-6.91,7.01
-1.86,-6.23,6.46
-1.86,-6.23,6.46
-1.86,-6.23,6.46
-2.87,-6.18,7.11
-2.87,-6.18,7.11
-2.52,-7.03,8.02
-1.57,-6.21,7.94
-1.57,-6.21,7.94
-1.57,-6.21,7.94
-1.99,-4.86,6.58
-1.99,-4.86,6.58
-1.99,-4.86,6.58
-2.39,-5.94,7.18
-2.39,-5.94,7.18
-2.39,-5.94,7.18
-1.77,-6.48,6.89
-1.77,-6.48,6.89
-1.42,-5.81,6.4
-1.6,-6.06,6.64
-1.6,-6.06,6.64
-1.6,-6.06,6.64
-1.39,-6.21,7.24
-1.39,-6.21,7.24
-1.39,-6.21,7.24
-1.6,-6.15,7.25
-1.6,-6.15,7.25
-1.6,-6.15,7.25
-1.36,-5.88,6.93
-1.36,-5.88,6.93
-1.36,-5.83,7.0
-1.81,-6.23,7.15
-1.81,-6.23,7.15
-1.81,-6.23,7.15
-2.27,-6.28,7.36
-2.27,-6.28,7.36
-2.27,-6.28,7.36
-2.16,-5.88,7.35
-2.16,-5.88,7.35
-2.16,-5.88,7.35
-2.31,-6.03,7.57
-2.31,-6.03,7.57
-2.31,-6.03,7.57
-2.17,-5.81,7.81
-2.17,-5.81,7.81
-2.17,-5.81,7.81
-2.52,-5.73,7.48
-2.52,-5.73,7.48
-2.52,-5.73,7.48
-3.4,-6.5,7.77
-3.4,-6.5,7.77
-3.4,-6.5,7.77
-3.05,-6.08,7.58
-3.05,-6.08,7.58
-3.05,-6.08,7.58
-2.46,-5.81,7.33
-2.46,-5.81,7.33
-2.46,-5.81,7.33
-2.52,-6.4,7.6
-2.52,-6.4,7.6
-2.52,-6.4,7.6
-2.98,-5.97,7.1
-2.98,-5.97,7.1
-3.33,-5.5,6.96
-3.05,-5.73,7.28
-3.05,-5.73,7.28
-3.05,-5.73,7.28
-3.18,-5.4,6.91
-3.18,-5.4,6.91
-3.18,-5.4,6.91
-2.86,-5.35,6.58
-2.86,-5.35,6.58
-2.86,-5.35,6.58
-2.9,-5.71,6.79
-2.9,-5.71,6.79
-2.9,-5.71,6.79
-3.11,-6.19,6.9
-3.11,-6.19,6.9
-3.15,-6.71,7.07
-3.29,-6.46,7.39
-3.29,-6.46,7.39
-3.29,-6.46,7.39
-3.12,-5.49,7.12
-3.12,-5.49,7.12
-2.96,-5.57,6.92
-2.96,-5.57,6.92
-2.96,-5.57,6.92
-2.6,-5.92,7.13
-2.6,-5.92,7.13
-2.27,-6.05,7.06
-2.11,-5.6,6.72
-2.11,-5.6,6.72
-2.11,-5.6,6.72
-2.81,-6.45,7.41
-2.81,-6.45,7.41
-3.08,-5.78,6.91
-3.08,-5.78,6.91
-3.08,-5.78,6.91
-3.43,-5.28,6.54
-3.43,-5.28,6.54
-3.21,-5.46,6.9
-2.95,-5.68,7.14
-2.95,-5.68,7.14
-2.95,-5.68,7.14
-3.19,-6.15,7.76
-3.19,-6.15,7.76
-3.19,-6.15,7.76
-2.38,-6.6,8.38
-2.38,-6.6,8.38
-2.38,-6.6,8.38
-2.53,-5.58,7.37
-2.6,-5.48,6.86
-2.6,-5.48,6.86
-3.09,-5.53,6.87
-3.09,-5.53,6.87
-3.09,-5.53,6.87
-3.42,-6.29,7.38
-3.42,-6.29,7.38
-3.42,-6.29,7.38
-3.32,-6.03,7.25
-3.32,-6.03,7.25
-3.32,-6.03,7.25
-3.14,-6.46,7.62
-3.14,-6.46,7.62
-3.14,-6.46,7.62
-3.25,-6.29,7.28
-3.25,-6.29,7.28
-3.25,-6.29,7.28
-3.01,-6.16,7.11
-3.01,-6.16,7.11
-3.01,-6.16,7.11
-2.76,-5.99,6.96
-2.76,-5.99,6.96
-2.75,-5.89,7.03
-2.95,-6.14,7.13
-2.95,-6.14,7.13
-3.0,-6.43,7.09
-2.82,-6.09,6.65
-2.82,-6.09,6.65
-2.82,-6.09,6.65
-2.93,-6.31,6.74
-2.93,-6.31,6.74
-2.93,-6.31,6.74
-3.1,-6.96,7.21
-3.1,-6.96,7.21
-3.1,-6.96,7.21
-3.06,-6.46,7.09
-3.06,-6.46,7.09
-2.97,-6.15,6.81
-2.71,-6.14,6.65
-2.71,-6.14,6.65
-2.71,-6.14,6.65
-2.65,-5.88,6.85
-2.65,-5.88,6.85
-2.65,-5.88,6.85
-3.23,-6.24,7.18
-3.23,-6.24,7.18
-3.2,-6.24,7.01
-3.17,-5.97,6.6
-3.17,-5.97,6.6
-3.2,-5.99,6.34
-2.83,-6.63,6.6
-2.83,-6.63,6.6
-2.83,-6.63,6.6
-2.94,-7.31,6.88
-2.94,-7.31,6.88
-2.94,-7.31,6.88
-3.01,-6.75,6.59
-3.01,-6.75,6.59
-3.17,-6.34,6.36
-2.81,-6.19,6.36
-2.81,-6.19,6.36
-2.81,-6.19,6.36
-2.62,-6.17,6.21
-2.62,-6.17,6.21
-2.62,-6.17,6.21
-2.91,-6.55,6.34
-2.91,-6.55,6.34
-2.91,-6.55,6.34
-3.13,-7.19,6.82
-3.13,-7.19,6.82
-3.13,-7.19,6.82
-3.18,-5.58,6.47
-3.18,-5.58,6.47
-3.18,-5.58,6.47
-3.17,-6.45,6.64
-3.17,-6.45,6.64
-3.17,-6.45,6.64
-3.35,-6.17,6.41
-3.35,-6.17,6.41
-3.35,-6.17,6.41
-3.21,-5.98,6.08
-3.21,-5.98,6.08
-3.21,-5.98,6.08
-3.24,-6.33,6.88
-3.24,-6.33,6.88
-3.24,-6.33,6.88
-3.5,-6.76,7.23
-3.5,-6.76,7.23
-3.5,-6.76,7.23
-3.19,-6.3,7.18
-3.19,-6.3,7.18
-3.19,-6.3,7.18
-3.48,-6.45,6.62
-3.48,-6.45,6.62
-3.48,-6.45,6.62
-3.39,-6.5,6.82
-3.39,-6.5,6.82
-3.39,-6.5,6.82
-3.21,-6.03,6.71
-3.21,-6.03,6.71
-3.21,-6.03,6.71
-3.37,-6.55,6.87
-3.37,-6.55,6.87
-3.37,-6.55,6.87
-3.24,-6.4,6.97
-3.24,-6.4,6.97
-3.24,-6.4,6.97
-3.39,-5.91,6.66
-3.39,-5.91,6.66
-3.39,-5.91,6.66
-3.06,-6.27,6.58
-3.06,-6.27,6.58
-3.06,-6.27,6.58
-3.13,-7.14,6.88
-3.13,-7.14,6.88
-3.13,-7.14,6.88
-3.17,-6.23,6.91
-3.17,-6.23,6.91
-3.4,-5.67,6.71
-3.4,-5.98,6.85
-3.4,-5.98,6.85
-3.55,-7.29,7.61
-3.55,-7.29,7.61
-3.55,-7.29,7.61
-3.19,-6.66,7.11
-3.19,-6.66,7.11
-3.19,-6.66,7.11
-2.93,-6.38,7.16
-2.72,-6.68,7.56
-2.72,-6.68,7.56
-2.14,-7.11,7.06
-2.14,-7.11,7.06
-2.14,-7.11,7.06
-2.77,-7.52,6.6
-2.77,-7.52,6.6
-2.77,-7.52,6.6
-2.66,-5.81,6.55
-2.66,-5.81,6.55
-2.66,-5.81,6.55
-1.84,-7.95,7.83
-1.64,-7.46,8.0
-2.47,-6.19,6.83
-2.47,-6.19,6.83
-2.47,-6.19,6.83
-2.87,-5.98,5.63
-2.87,-5.98,5.63
-2.87,-5.98,5.63
-3.11,-6.53,6.43
-3.11,-6.53,6.43
-3.11,-6.53,6.43
-2.68,-7.37,6.79
-2.68,-7.37,6.79
-2.68,-7.37,6.79
-1.73,-7.19,6.57
-1.73,-7.19,6.57
-1.73,-7.19,6.57
-1.57,-6.59,6.05
-1.57,-6.59,6.05
-1.57,-6.59,6.05
-1.16,-8.0,6.41
-1.16,-8.0,6.41
-1.16,-8.0,6.41
-1.64,-7.72,6.21
-1.64,-7.72,6.21
-2.11,-7.36,5.73
-1.45,-7.72,5.53
-1.45,-7.72,5.53
-1.45,-7.72,5.53
-1.91,-7.07,6.28
-1.91,-7.07,6.28
-1.91,-7.07,6.28
-0.86,-7.99,5.66
-0.86,-7.99,5.66
-0.86,-7.99,5.66
-1.52,-6.95,5.15
-1.69,-7.62,5.01
-1.69,-7.62,5.01
-2.15,-8.36,4.71
-2.15,-8.36,4.71
-2.15,-8.36,4.71
-1.79,-9.49,5.71
-1.79,-9.49,5.71
-1.79,-9.49,5.71
-1.17,-8.93,5.03
-1.17,-8.93,5.03
-1.17,-8.93,5.03
-0.8,-9.02,5.49
-0.8,-9.02,5.49
-1.11,-9.64,5.15
-1.36,-9.77,4.73
-1.12,-9.74,4.61
-1.12,-9.74,4.61
-2.0,-9.5,4.12
-2.0,-9.5,4.12
-2.0,-9.5,4.12
-1.7,-9.52,4.19
-1.7,-9.52,4.19
-1.7,-9.52,4.19
-1.46,-9.44,3.77
-1.46,-9.44,3.77
-1.46,-9.44,3.77
-1.08,-8.16,3.01
-1.08,-8.16,3.01
-1.08,-8.16,3.01
-0.14,-9.78,2.85
-0.14,-9.78,2.85
-0.14,-9.78,2.85
-0.44,-10.3,3.23
-0.44,-10.3,3.23
-0.61,-9.7,3.07
-0.68,-9.79,2.78
-0.68,-9.79,2.78
-0.75,-10.39,2.57
-0.54,-10.26,1.92
-0.54,-10.26,1.92
-0.54,-10.26,1.92
-0.57,-10.36,1.59
-0.57,-10.36,1.59
-0.57,-10.36,1.59
-0.4,-9.25,1.43
-0.4,-9.25,1.43
-0.4,-9.25,1.43
-0.08,-8.09,0.96
-0.25,-8.62,0.41
-0.25,-8.62,0.41
-0.21,-9.3,-0.47
-0.21,-9.3,-0.47
-0.21,-9.3,-0.47
0.02,-9.87,-0.17
0.02,-9.87,-0.17
0.02,-9.87,-0.17
0.47,-8.46,-0.4
0.47,-8.46,-0.4
0.47,-8.46,-0.4
1.7,-9.7,-0.63
1.7,-9.7,-0.63
1.7,-9.7,-0.63
1.13,-7.92,-3.34
1.13,-7.92,-3.34
1.13,-7.92,-3.34
2.08,-9.06,-2.13
2.08,-9.06,-2.13
2.08,-9.06,-2.13
1.45,-8.95,-2.56
1.45,-8.95,-2.56
1.47,-9.38,-2.7
1.45,-9.4,-2.41
1.45,-9.4,-2.41
1.47,-8.81,-2.73
1.62,-8.51,-3.52
1.62,-8.51,-3.52
1.62,-8.51,-3.52
2.43,-8.26,-3.61
2.43,-8.26,-3.61
2.43,-8.26,-3.61
2.52,-7.44,-3.94
2.52,-7.44,-3.94
2.52,-7.44,-3.94
2.56,-7.02,-4.65
2.56,-7.02,-4.65
2.56,-7.02,-4.65
2.43,-7.16,-4.69
2.43,-7.16,-4.69
2.43,-7.16,-4.69
2.64,-7.05,-5.11
2.64,-7.05,-5.11
2.64,-7.05,-5.11
2.01,-5.81,-5.25
2.01,-5.81,-5.25
2.52,-6.61,-5.12
2.91,-6.89,-5.07
2.67,-6.65,-5.14
2.67,-6.65,-5.14
2.66,-6.27,-5.63
2.66,-6.27,-5.63
2.66,-6.27,-5.63
2.64,-6.76,-4.83
2.64,-6.76,-4.83
2.64,-6.76,-4.83
2.7,-5.55,-5.52
2.7,-5.55,-5.52
2.7,-5.55,-5.52
3.48,-5.85,-5.4
3.48,-5.85,-5.4
3.48,-5.85,-5.4
3.11,-7.04,-6.01
3.11,-7.04,-6.01
3.11,-7.04,-6.01
2.8,-6.37,-5.64
2.8,-6.37,-5.64
2.8,-6.37,-5.64
3.0,-5.93,-5.59
3.0,-5.93,-5.59
2.94,-5.86,-6.09
3.24,-6.58,-6.55
3.24,-6.58,-6.55
3.24,-6.58,-6.55
3.08,-5.99,-5.93
3.08,-5.99,-5.93
3.08,-5.99,-5.93
2.93,-6.99,-6.68
2.93,-6.99,-6.68
2.93,-6.99,-6.68
2.67,-6.34,-6.03
2.67,-6.34,-6.03
2.67,-6.34,-6.03
2.55,-7.86,-6.19
2.55,-7.86,-6.19
2.61,-6.72,-6.37
2.83,-7.12,-6.14
2.83,-7.12,-6.14
2.83,-7.12,-6.14
2.34,-6.73,-6.0
2.34,-6.73,-6.0
2.34,-6.73,-6.0
2.39,-6.47,-6.01
2.39,-6.47,-6.01
2.39,-6.47,-6.01
2.36,-6.67,-5.89
2.36,-6.67,-5.89
2.3,-6.8,-6.11
2.73,-7.59,-6.42
2.73,-7.59,-6.42
2.73,-7.59,-6.42
2.83,-6.74,-6.55
2.83,-6.74,-6.55
2.83,-6.74,-6.55
2.06,-6.35,-6.44
2.06,-6.35,-6.44
2.06,-6.35,-6.44
1.89,-7.46,-6.42
1.89,-7.46,-6.42
1.84,-7.09,-6.18
1.71,-6.78,-6.33
1.71,-6.78,-6.33
1.71,-6.78,-6.33
2.18,-6.72,-6.16
2.18,-6.72,-6.16
2.18,-6.72,-6.16
2.07,-6.58,-5.85
2.07,-6.58,-5.85
2.41,-7.14,-5.64
1.99,-7.06,-6.04
1.99,-7.06,-6.04
1.99,-7.06,-6.04
2.48,-6.89,-5.86
2.48,-6.89,-5.86
2.48,-6.89,-5.86
1.83,-6.54,-6.62
1.83,-6.54,-6.62
1.83,-6.54,-6.62
1.66,-7.16,-6.34
1.53,-6.8,-6.21
1.53,-6.8,-6.21
1.78,-7.28,-6.21
1.78,-7.28,-6.21
1.78,-7.28,-6.21
1.89,-7.09,-6.2
1.89,-7.09,-6.2
1.89,-7.09,-6.2
2.18,-7.47,-5.88
2.18,-7.47,-5.88
2.18,-7.47,-5.88
1.85,-7.03,-6.38
1.85,-7.03,-6.38
1.79,-7.25,-6.38
1.56,-7.1,-6.34
1.43,-6.9,-6.32
1.43,-6.9,-6.32
1.74,-7.13,-6.04
1.74,-7.13,-6.04
1.74,-7.13,-6.04
1.57,-6.62,-5.91
1.57,-6.62,-5.91
1.57,-6.62,-5.91
1.89,-7.45,-6.14
1.89,-7.45,-6.14
1.84,-7.19,-6.15
2.11,-7.38,-6.1
2.11,-7.38,-6.1
2.11,-7.38,-6.1
1.51,-6.6,-6.17
1.51,-6.6,-6.17
1.51,-6.6,-6.17
1.67,-7.13,-6.06
1.67,-7.13,-6.06
1.67,-7.13,-6.06
1.94,-7.2,-6.07
1.94,-7.2,-6.07
1.94,-7.26,-6.19
1.63,-7.0,-6.29
1.63,-7.0,-6.29
1.63,-7.0,-6.29
1.6,-7.03,-6.1
1.6,-7.03,-6.1
1.6,-7.03,-6.1
1.67,-6.78,-6.3
1.67,-6.78,-6.3
1.67,-6.78,-6.3
1.58,-6.8,-6.23
1.58,-6.8,-6.23
1.65,-6.75,-6.19
1.69,-6.78,-6.15
1.75,-7.08,-6.06
1.75,-7.08,-6.06
1.63,-7.04,-6.21
1.63,-7.04,-6.21
1.63,-7.04,-6.21
1.78,-7.03,-6.22
1.78,-7.03,-6.22
1.78,-7.03,-6.22
1.52,-6.83,-6.07
1.36,-6.89,-6.34
1.36,-6.89,-6.34
1.6,-6.87,-6.24
1.47,-6.78,-6.21
1.47,-6.78,-6.21
1.56,-6.86,-6.42
1.56,-6.86,-6.42
1.56,-6.86,-6.42
1.58,-7.19,-6.26
1.58,-7.19,-6.26
1.58,-7.19,-6.26
1.57,-7.22,-6.04
1.57,-7.22,-6.04
1.57,-7.22,-6.04
1.3,-6.66,-6.25
1.3,-6.66,-6.25
1.3,-6.66,-6.25
1.67,-6.31,-6.24
1.67,-6.31,-6.24
1.67,-6.31,-6.24
1.24,-6.84,-6.36
1.24,-6.84,-6.36
1.24,-6.84,-6.36
1.58,-7.45,-6.24
1.58,-7.45,-6.24
1.31,-6.97,-6.21
1.65,-6.98,-6.05
1.65,-6.98,-6.05
1.65,-6.98,-6.05
1.34,-7.09,-6.12
1.34,-7.09,-6.12
1.34,-7.09,-6.12
1.42,-7.38,-6.1
1.42,-7.38,-6.1
1.42,-7.38,-6.1
1.78,-6.93,-5.95
1.78,-6.93,-5.95
1.68,-6.58,-6.18
1.48,-6.79,-6.17
1.48,-6.79,-6.17
1.48,-6.79,-6.17
1.47,-7.12,-6.16
1.47,-7.12,-6.16
1.47,-7.12,-6.16
1.16,-7.23,-6.15
1.16,-7.23,-6.15
1.16,-7.23,-6.15
1.53,-6.5,-6.34
1.53,-6.5,-6.34
1.53,-6.5,-6.34
1.52,-7.06,-5.95
1.52,-7.06,-5.95
1.52,-7.06,-5.95
1.35,-6.1,-6.29
1.35,-6.1,-6.29
1.35,-6.1,-6.29
1.65,-7.31,-6.22
1.65,-7.31,-6.22
1.65,-7.31,-6.22
1.58,-7.07,-6.23
1.58,-7.07,-6.23
1.58,-7.07,-6.23
1.33,-6.61,-6.12
1.33,-6.61,-6.12
1.33,-6.61,-6.12
1.02,-7.04,-5.93
1.02,-7.04,-5.93
1.02,-7.04,-5.93
1.23,-5.95,-6.14
1.23,-5.95,-6.14
1.23,-5.95,-6.14
1.86,-8.0,-6.16
1.86,-8.0,-6.16
1.41,-7.65,-6.48
1.3,-7.24,-6.17
1.52,-7.15,-5.63
1.52,-7.15,-5.63
1.08,-7.05,-5.66
1.08,-7.05,-5.66
1.08,-7.05,-5.66
0.69,-7.19,-6.21
0.69,-7.19,-6.21
0.69,-7.19,-6.21
1.35,-7.49,-5.73
1.35,-7.49,-5.73
1.35,-7.49,-5.73
1.57,-7.17,-5.68
1.57,-7.17,-5.68
1.57,-7.17,-5.68
1.15,-7.35,-5.3
1.15,-7.35,-5.3
1.15,-7.35,-5.3
1.13,-8.03,-5.86
1.13,-8.03,-5.86
1.13,-8.03,-5.86
1.17,-7.36,-5.82
1.17,-7.36,-5.82
1.23,-7.64,-5.02
0.51,-7.4,-5.24
0.51,-7.4,-5.24
0.51,-7.4,-5.24
-0.04,-7.25,-6.08
-0.04,-7.25,-6.08
-0.04,-7.25,-6.08
1.56,-7.96,-4.91
1.56,-7.96,-4.91
1.31,-7.52,-4.71
0.62,-7.25,-4.78
0.49,-7.19,-5.44
0.49,-7.19,-5.44
1.11,-7.87,-5.65
1.11,-7.87,-5.65
1.11,-7.87,-5.65
2.19,-7.49,-4.98
2.19,-7.49,-4.98
2.19,-7.49,-4.98
1.85,-8.76,-5.25
1.85,-8.76,-5.25
0.99,-8.83,-5.54
0.31,-7.72,-5.77
1.24,-7.17,-5.54
1.24,-7.17,-5.54
1.25,-7.49,-4.69
1.25,-7.49,-4.69
1.25,-7.49,-4.69
1.03,-7.97,-5.51
1.03,-7.97,-5.51
1.03,-7.97,-5.51
1.85,-8.18,-4.72
1.85,-8.18,-4.72
1.93,-7.56,-4.28
2.02,-7.59,-4.52
2.02,-7.59,-4.52
1.12,-8.35,-5.15
0.36,-7.91,-5.18
0.36,-7.91,-5.18
0.36,-7.91,-5.18
0.26,-7.25,-4.7
0.26,-7.25,-4.7
0.26,-7.25,-4.7
0.25,-8.39,-4.52
0.25,-8.39,-4.52
0.25,-8.39,-4.52
0.29,-9.35,-5.32
0.29,-9.35,-5.32
0.29,-9.35,-5.32
1.54,-9.96,-4.64
1.54,-9.96,-4.64
1.54,-9.96,-4.64
1.78,-9.63,-4.52
1.78,-9.63,-4.52
1.78,-9.63,-4.52
1.73,-7.09,-6.02
1.73,-7.09,-6.02
0.12,-9.0,-4.02
0.12,-9.0,-4.02
0.12,-9.0,-4.02
0.42,-8.13,-5.74
0.42,-8.13,-5.74
0.42,-8.13,-5.74
0.01,-8.78,-5.63
0.01,-8.78,-5.63
0.01,-8.78,-5.63
0.65,-9.41,-5.09
0.65,-9.41,-5.09
0.65,-9.41,-5.09
0.67,-6.07,-5.37
0.67,-6.07,-5.37
0.67,-6.07,-5.37
0.32,-7.34,-5.97
0.32,-7.34,-5.97
0.32,-7.34,-5.97
1.96,-7.48,-5.82
1.96,-7.48,-5.82
1.96,-7.48,-5.82
0.17,-5.15,-7.29
0.17,-5.15,-7.29
0.17,-5.15,-7.29
0.56,-6.72,-5.97
0.96,-4.99,-6.0
0.96,-4.99,-6.0
-1.42,-6.63,-7.11
-1.42,-6.63,-7.11
-1.42,-6.63,-7.11
-0.14,-6.08,-5.9
-0.14,-6.08,-5.9
-0.14,-6.08,-5.9
1.25,-5.28,-6.95
1.25,-5.28,-6.95
1.25,-5.28,-6.95
-0.09,-6.29,-7.03
-0.09,-6.29,-7.03
-0.09,-6.29,-7.03
0.49,-5.41,-6.6
0.49,-5.41,-6.6
0.49,-5.41,-6.6
-0.14,-6.69,-6.85
-0.14,-6.69,-6.85
-0.14,-6.69,-6.85
-1.47,-6.8,-7.39
-1.47,-6.8,-7.39
-1.47,-6.8,-7.39
1.5,-7.11,-6.54
1.5,-7.11,-6.54
1.5,-7.11,-6.54
-1.32,-6.21,-7.19
-1.32,-6.21,-7.19
-1.32,-6.21,-7.19
-0.07,-5.63,-6.52
-0.07,-5.63,-6.52
-0.07,-5.63,-6.52
-0.42,-6.09,-7.08
1.65,-5.55,-6.63
1.65,-5.55,-6.63
-2.34,-5.73,-7.77
-2.34,-5.73,-7.77
-2.34,-5.73,-7.77
1.18,-5.6,-6.65
1.18,-5.6,-6.65
1.18,-5.6,-6.65
-1.85,-5.53,-8.2
-1.85,-5.53,-8.2
-1.85,-5.53,-8.2
-0.16,-5.29,-5.79
-1.34,-3.51,-7.29
-1.34,-3.51,-7.29
0.67,-6.62,-6.65
0.67,-6.62,-6.65
0.67,-6.62,-6.65
-1.15,-4.31,-7.72
-1.15,-4.31,-7.72
-1.15,-4.31,-7.72
-0.15,-6.93,-7.74
-0.15,-6.93,-7.74
-0.15,-6.93,-7.74
-0.35,-5.16,-7.0
-0.35,-5.16,-7.0
-0.35,-5.16,-7.0
-0.68,-6.22,-7.36
-0.68,-6.22,-7.36
-0.68,-6.22,-7.36
1.49,-5.81,-7.87
1.49,-5.81,-7.87
1.49,-5.81,-7.87
-0.73,-6.2,-7.94
-0.73,-6.2,-7.94
-0.73,-6.2,-7.94
0.06,-6.48,-7.44
0.06,-6.48,-7.44
-1.79,-6.65,-7.79
0.08,-5.33,-7.33
0.08,-5.33,-7.33
0.92,-5.49,-6.98
-0.8,-5.63,-7.33
-0.8,-5.63,-7.33
-0.42,-5.92,-7.15
-0.42,-5.92,-7.15
-0.42,-5.92,-7.15
0.87,-5.53,-7.51
0.87,-5.53,-7.51
0.87,-5.53,-7.51
-0.41,-5.18,-6.89
-0.41,-5.18,-6.89
-0.41,-5.18,-6.89
-1.62,-6.36,-7.04
-1.62,-6.36,-7.04
-1.62,-6.36,-7.04
0.2,-6.21,-7.59
0.2,-6.21,-7.59
0.2,-6.21,-7.59
-0.62,-6.19,-7.29
-0.62,-6.19,-7.29
-0.62,-6.19,-7.29
-0.9,-6.19,-6.79
-0.9,-6.19,-6.79
-0.9,-6.19,-6.79
0.19,-4.74,-7.38
0.19,-4.74,-7.38
0.19,-4.74,-7.38
-0.63,-6.45,-7.62
-0.63,-6.45,-7.62
-0.63,-6.45,-7.62
0.22,-6.09,-7.31
0.22,-6.09,-7.31
-0.01,-6.37,-7.13
-0.84,-5.48,-7.32
-0.84,-5.48,-7.32
-0.84,-5.48,-7.32
-0.96,-5.74,-7.06
-0.96,-5.74,-7.06
-0.96,-5.74,-7.06
0.31,-5.09,-7.38
0.31,-5.09,-7.38
0.31,-5.09,-7.38
-0.33,-5.92,-7.51
-0.33,-5.92,-7.51
-0.33,-5.92,-7.51
-0.36,-6.33,-7.08
-0.36,-6.33,-7.08
-0.36,-6.33,-7.08
-0.38,-5.45,-7.37
-0.38,-5.45,-7.37
-0.38,-5.45,-7.37
0.02,-5.79,-7.27
0.02,-5.79,-7.27
0.02,-5.79,-7.27
-0.46,-5.74,-7.27
-0.46,-5.74,-7.27
-0.46,-5.74,-7.27
-0.54,-5.61,-7.37
-0.68,-5.64,-7.3
-0.68,-5.64,-7.3
0.37,-5.74,-7.46
0.37,-5.74,-7.46
0.37,-5.74,-7.46
-0.53,-5.36,-7.13
-0.53,-5.36,-7.13
-0.53,-5.36,-7.13
-0.94,-6.06,-7.51
-0.94,-6.06,-7.51
-0.85,-6.08,-7.26
-0.13,-5.35,-7.38
-0.13,-5.35,-7.38
-0.59,-5.61,-7.33
-0.59,-5.61,-7.33
-0.59,-5.61,-7.33
-0.51,-5.82,-7.39
-0.51,-5.82,-7.39
-0.51,-5.82,-7.39
-0.3,-5.42,-7.26
-0.3,-5.42,-7.26
-0.51,-5.19,-7.15
-0.22,-5.77,-7.59
-0.3,-5.71,-7.25
-0.3,-5.71,-7.25
-0.3,-5.71,-7.25
-0.62,-5.57,-7.75
-0.62,-5.57,-7.75
-0.62,-5.57,-7.75
-0.21,-5.78,-7.37
-0.21,-5.78,-7.37
-0.6,-5.83,-7.53
-0.57,-5.39,-7.0
-0.57,-5.39,-7.0
-0.57,-5.39,-7.0
-0.5,-5.51,-7.51
-0.5,-5.51,-7.51
-0.5,-5.51,-7.51
-0.06,-5.55,-7.43
-0.06,-5.55,-7.43
-0.06,-5.55,-7.43
-0.4,-5.59,-7.28
-0.4,-5.59,-7.28
-0.4,-5.59,-7.28
-0.44,-6.03,-7.26
-0.44,-6.03,-7.26
-0.44,-6.03,-7.26
-0.43,-5.17,-7.37
-0.43,-5.17,-7.37
-0.43,-5.17,-7.37
-0.56,-6.12,-7.53
-0.56,-6.12,-7.53
-0.56,-6.12,-7.53
-0.74,-5.7,-7.36
-0.74,-5.7,-7.36
-0.74,-5.7,-7.36
-0.57,-5.4,-7.48
-0.57,-5.4,-7.48
-0.57,-5.4,-7.48
-0.37,-5.71,-7.22
-0.37,-5.71,-7.22
-0.37,-5.71,-7.22
-0.33,-5.46,-7.31
-0.33,-5.46,-7.31
-0.68,-5.72,-7.42
-0.59,-5.8,-7.35
-0.38,-5.83,-7.26
-0.38,-5.83,-7.26
-0.53,-5.48,-7.43
-0.53,-5.48,-7.43
-0.53,-5.48,-7.43
-0.88,-5.7,-7.3
-0.88,-5.7,-7.3
-0.88,-5.7,-7.3
-0.58,-5.43,-7.29
-0.58,-5.43,-7.29
-0.37,-5.86,-7.36
-0.24,-5.86,-7.58
-0.42,-5.46,-7.4
-0.42,-5.46,-7.4
-0.72,-5.66,-7.49
-0.72,-5.66,-7.49
-0.72,-5.66,-7.49
-0.19,-5.39,-7.4
-0.19,-5.39,-7.4
-0.19,-5.39,-7.4
-0.05,-5.4,-7.22
-0.05,-5.4,-7.22
-0.05,-5.4,-7.22
-1.39,-6.29,-7.66
-1.39,-6.29,-7.66
-0.55,-6.01,-7.51
-0.34,-5.55,-7.28
-0.34,-5.55,-7.28
-0.34,-5.55,-7.28
-0.43,-5.78,-7.31
-0.43,-5.78,-7.31
-0.43,-5.78,-7.31
-0.62,-5.44,-7.05
-0.62,-5.44,-7.05
-0.62,-5.44,-7.05
-0.57,-5.79,-7.28
-0.57,-5.79,-7.28
-0.57,-5.79,-7.28
-0.13,-5.38,-7.64
-0.13,-5.38,-7.64
-0.13,-5.38,-7.64
-0.41,-5.62,-7.26
-0.41,-5.62,-7.26
-0.41,-5.62,-7.26
-0.41,-5.28,-7.54
-0.41,-5.28,-7.54
-0.41,-5.28,-7.54
-0.04,-5.59,-7.47
-0.04,-5.59,-7.47
-0.04,-5.59,-7.47
-0.54,-5.87,-7.25
-0.54,-5.87,-7.25
-0.54,-5.87,-7.25
0.01,-5.2,-7.63
0.01,-5.2,-7.63
0.01,-5.2,-7.63
-0.38,-5.93,-7.26
-0.38,-5.93,-7.26
-0.6,-5.37,-7.48
-0.42,-5.62,-7.3
-0.42,-5.62,-7.3
-0.42,-5.62,-7.3
-0.51,-5.23,-7.66
-0.51,-5.23,-7.66
-0.51,-5.23,-7.66
0.06,-5.12,-7.64
0.06,-5.12,-7.64
0.06,-5.12,-7.64
-1.11,-6.18,-7.53
-1.11,-6.18,-7.53
-1.11,-6.18,-7.53
-0.11,-5.29,-6.57
-0.69,-5.51,-7.07
-0.69,-5.51,-7.07
-0.45,-5.82,-7.15
-0.45,-5.82,-7.15
-0.45,-5.82,-7.15
0.16,-5.8,-7.77
0.16,-5.8,-7.77
0.16,-5.8,-7.77
-0.69,-5.97,-7.7
-0.69,-5.97,-7.7
0.17,-5.68,-7.03
-1.38,-5.49,-7.56
-1.38,-5.49,-7.56
-1.38,-5.49,-7.56
-0.08,-5.27,-6.72
-0.08,-5.27,-6.72
-0.08,-5.27,-6.72
-0.87,-6.09,-7.67
-0.87,-6.09,-7.67
-0.87,-6.09,-7.67
0.43,-5.16,-7.13
0.15,-5.72,-7.36
0.15,-5.72,-7.36
-0.48,-5.69,-7.61
-0.48,-5.69,-7.61
-0.48,-5.69,-7.61
-0.55,-5.78,-7.16
-0.55,-5.78,-7.16
-0.55,-5.78,-7.16
-0.19,-5.39,-7.53
-0.19,-5.39,-7.53
-0.19,-5.39,-7.53
-0.11,-6.11,-7.47
-0.11,-6.11,-7.47
-0.11,-6.11,-7.47
-0.4,-5.98,-7.14
-0.4,-5.98,-7.14
-0.4,-5.98,-7.14
-0.55,-5.12,-7.41
-0.55,-5.12,-7.41
-0.55,-5.12,-7.41
-0.24,-6.45,-7.74
-0.24,-6.45,-7.74
0.45,-4.77,-7.39
0.45,-4.77,-7.39
-0.41,-4.7,-7.55
-0.67,-6.0,-7.53
-0.67,-6.0,-7.53
-0.13,-5.84,-7.26
-0.86,-5.13,-7.75
-0.86,-5.13,-7.75
-0.86,-5.13,-7.75
0.0,-5.99,-7.46
0.0,-5.99,-7.46
0.0,-5.99,-7.46
-0.09,-5.16,-7.7
-0.09,-5.16,-7.7
-0.09,-5.16,-7.7
-1.03,-5.9,-7.22
-1.03,-5.9,-7.22
-0.43,-5.71,-7.08
-0.34,-5.57,-7.61
-0.34,-5.57,-7.61
-0.34,-5.57,-7.61
-0.45,-6.09,-7.25
-0.45,-6.09,-7.25
-0.45,-6.09,-7.25
-0.21,-5.22,-7.46
-0.21,-5.22,-7.46
-0.39,-6.16,-7.23
0.08,-4.71,-7.51
0.08,-4.71,-7.51
0.08,-4.71,-7.51
-0.56,-6.72,-7.23
-0.56,-6.72,-7.23
-0.56,-6.72,-7.23
-0.41,-4.75,-7.32
-0.41,-4.75,-7.32
-0.41,-4.75,-7.32
-0.16,-6.23,-7.59
-0.16,-6.23,-7.59
-0.16,-6.23,-7.59
-0.56,-5.16,-7.32
-0.21,-5.57,-7.34
-0.21,-5.57,-7.34
-0.55,-5.43,-7.32
-0.55,-5.43,-7.32
-0.55,-5.43,-7.32
0.11,-5.63,-7.59
0.11,-5.63,-7.59
0.11,-5.63,-7.59
-0.88,-6.16,-7.3
-0.88,-6.16,-7.3
-0.64,-5.7,-7.42
0.1,-5.03,-7.49
-0.22,-5.94,-7.25
-0.22,-5.94,-7.25
-0.5,-5.34,-7.56
-0.5,-5.34,-7.56
-0.5,-5.34,-7.56
-0.13,-5.66,-7.07
-0.13,-5.66,-7.07
-0.13,-5.66,-7.07
-0.3,-5.8,-7.2
-0.3,-5.8,-7.2
-0.3,-5.8,-7.2
-0.45,-5.55,-7.63
-0.45,-5.55,-7.63
-0.45,-5.55,-7.63
-0.06,-5.79,-7.35
-0.06,-5.79,-7.35
-0.06,-5.79,-7.35
-0.53,-5.78,-7.41
-0.53,-5.78,-7.41
-0.53,-5.78,-7.41
-0.01,-5.23,-7.74
-0.01,-5.23,-7.74
-0.54,-5.39,-7.59
-0.22,-5.28,-7.12
-0.22,-5.28,-7.12
-0.22,-5.28,-7.12
-0.63,-5.65,-7.4
-0.63,-5.65,-7.4
-0.63,-5.65,-7.4
-0.74,-5.51,-7.5
-0.74,-5.51,-7.5
-0.74,-5.51,-7.5
-0.92,-5.92,-7.49
-0.92,-5.92,-7.49
-0.4,-5.93,-7.19
0.05,-5.23,-7.6
0.05,-5.23,-7.6
0.05,-5.23,-7.6
-0.33,-5.83,-7.24
-0.33,-5.83,-7.24
-0.33,-5.83,-7.24
-0.59,-5.35,-7.51
-0.59,-5.35,-7.51
-0.86,-5.8,-7.55
0.37,-5.36,-7.39
0.37,-5.36,-7.39
0.33,-5.44,-7.14
-0.21,-5.42,-7.68
-0.21,-5.42,-7.68
-0.21,-5.42,-7.68
-0.41,-5.82,-7.35
-0.41,-5.82,-7.35
-0.41,-5.82,-7.35
-0.39,-5.83,-7.54
-0.39,-5.83,-7.54
0.64,-5.43,-6.84
-0.46,-5.35,-7.38
-0.46,-5.35,-7.38
-0.93,-5.43,-7.92
0.95,-5.2,-7.03
0.95,-5.2,-7.03
0.95,-5.2,-7.03
-0.87,-5.64,-7.84
-0.87,-5.64,-7.84
-0.87,-5.64,-7.84
-0.97,-6.07,-7.1
-0.97,-6.07,-7.1
-0.97,-6.07,-7.1
0.44,-5.82,-7.42
0.44,-5.82,-7.42
0.44,-5.82,-7.42
-0.6,-5.17,-7.71
-0.6,-5.17,-7.71
-0.6,-5.17,-7.71
-0.77,-5.78,-6.98
-0.77,-5.78,-6.98
-0.77,-5.78,-6.98
-0.31,-5.86,-7.52
-0.31,-5.86,-7.52
-0.31,-5.86,-7.52
0.03,-6.08,-7.09
-0.37,-5.21,-7.53
-0.37,-5.21,-7.53
-0.09,-5.85,-7.54
-0.09,-5.85,-7.54
-0.09,-5.85,-7.54
-0.59,-5.5,-7.6
-0.59,-5.5,-7.6
-0.59,-5.5,-7.6
-0.07,-6.25,-6.98
-0.07,-6.25,-6.98
-0.34,-5.06,-7.33
-0.41,-5.14,-7.63
-0.14,-5.9,-7.54
-0.14,-5.9,-7.54
0.21,-4.77,-7.55
0.21,-4.77,-7.55
0.21,-4.77,-7.55
-0.42,-6.28,-7.45
-0.42,-6.28,-7.45
-0.42,-6.28,-7.45
-0.64,-5.37,-7.26
-0.64,-5.37,-7.26
-0.64,-5.37,-7.26
0.37,-5.3,-7.49
0.37,-5.3,-7.49
0.37,-5.3,-7.49
-2.09,-5.83,-7.83
-2.09,-5.83,-7.83
-2.09,-5.83,-7.83
1.14,-5.51,-7.04
1.14,-5.51,-7.04
1.14,-5.51,-7.04
-1.29,-5.75,-7.65
-1.29,-5.75,-7.65
-1.32,-6.09,-7.58
0.5,-5.63,-7.03
0.64,-5.0,-7.15
-0.57,-6.34,-7.82
-0.57,-6.34,-7.82
-0.57,-6.34,-7.82
0.26,-5.51,-7.09
0.26,-5.51,-7.09
0.26,-5.51,-7.09
-0.24,-5.8,-7.37
-0.24,-5.8,-7.37
-0.24,-5.8,-7.37
-0.26,-5.52,-7.69
-0.26,-5.52,-7.69
-0.26,-5.52,-7.69
0.09,-5.84,-7.39
0.09,-5.84,-7.39
0.09,-5.84,-7.39
-0.58,-5.28,-7.48
-0.58,-5.28,-7.48
-0.58,-5.28,-7.48
0.37,-5.52,-7.24
0.37,-5.52,-7.24
0.37,-5.52,-7.24
0.29,-5.43,-7.44
0.29,-5.43,-7.44
0.29,-5.43,-7.44
-1.29,-5.59,-7.58
-1.29,-5.59,-7.58
-1.29,-5.59,-7.58
0.82,-5.74,-7.28
0.82,-5.74,-7.28
0.82,-5.74,-7.28
-0.56,-5.49,-7.46
-0.56,-5.49,-7.46
-0.56,-5.49,-7.46
-0.03,-5.77,-7.38
-0.03,-5.77,-7.38
-0.03,-5.77,-7.38
-0.35,-5.88,-7.48
-0.35,-5.88,-7.48
-0.35,-5.88,-7.48
-0.7,-5.95,-7.42
-0.7,-5.95,-7.42
-0.7,-5.95,-7.42
0.11,-4.98,-7.34
0.11,-4.98,-7.34
0.11,-4.98,-7.34
-0.94,-6.2,-7.25
-0.94,-6.2,-7.25
-0.33,-5.86,-7.66
0.04,-6.16,-7.35
0.04,-6.16,-7.35
0.04,-6.16,-7.35
-0.15,-5.07,-7.59
-0.15,-5.07,-7.59
-0.15,-5.07,-7.59
-0.87,-6.2,-7.08
-0.87,-6.2,-7.08
-0.44,-5.83,-7.04
-0.29,-5.74,-7.37
-0.29,-5.74,-7.37
-0.29,-5.74,-7.37
-0.46,-5.16,-7.34
-0.46,-5.16,-7.34
-0.46,-5.16,-7.34
-0.19,-5.93,-7.3
-0.19,-5.93,-7.3
-0.19,-5.93,-7.3
-0.33,-5.32,-7.31
-0.12,-5.37,-7.43
-0.12,-5.37,-7.43
0.75,-4.88,-7.61
1.84,-5.16,-8.4
1.84,-5.16,-8.4
-3.09,-7.39,-0.61
-3.09,-7.39,-0.61
-3.09,-7.39,-0.61
-4.67,-4.92,0.48
-4.67,-4.92,0.48
-4.67,-4.92,0.48
14.27,-2.4,-14.08
14.27,-2.4,-14.08
3.43,-5.96,-9.08
-0.47,-7.8,-10.67
3.89,-8.51,-8.84
3.89,-8.51,-8.84
2.48,-5.4,-7.97
2.48,-5.4,-7.97
2.48,-5.4,-7.97
0.88,-6.21,-7.58
0.88,-6.21,-7.58
0.88,-6.21,-7.58
1.1,-5.34,-7.31
1.1,-5.34,-7.31
1.87,-4.89,-7.36
1.64,-5.48,-7.58
1.64,-5.48,-7.58
1.64,-5.48,-7.58
2.34,-5.64,-7.99
2.34,-5.64,-7.99
2.34,-5.64,-7.99
2.02,-5.33,-7.55
2.02,-5.33,-7.55
2.02,-5.33,-7.55
1.58,-5.61,-7.44
1.58,-5.61,-7.44
1.68,-5.73,-7.53
1.64,-5.32,-7.49
1.64,-5.32,-7.49
1.64,-5.32,-7.49
1.67,-5.1,-7.43
1.67,-5.1,-7.43
1.67,-5.1,-7.43
1.56,-5.87,-7.39
1.56,-5.87,-7.39
1.56,-5.87,-7.39
1.81,-5.43,-7.28
1.81,-5.43,-7.28
1.54,-5.54,-7.37
1.82,-5.79,-7.43
1.82,-5.79,-7.43
1.82,-5.79,-7.43
2.06,-5.32,-7.34
2.06,-5.32,-7.34
2.06,-5.32,-7.34
2.22,-5.65,-7.56
2.22,-5.65,-7.56
2.22,-5.65,-7.56
1.87,-5.65,-7.11
1.87,-5.65,-7.11
1.87,-5.65,-7.11
1.88,-5.78,-7.45
1.88,-5.78,-7.45
1.88,-5.78,-7.45
1.38,-5.79,-7.27
1.38,-5.79,-7.27
1.38,-5.79,-7.27
2.48,-5.34,-7.04
2.48,-5.34,-7.04
2.15,-5.78,-7.09
1.72,-6.01,-7.14
1.72,-6.01,-7.14
1.63,-5.92,-7.21
1.65,-6.03,-7.06
1.65,-6.03,-7.06
1.65,-6.03,-7.06
1.34,-6.24,-7.04
1.34,-6.24,-7.04
1.34,-6.24,-7.04
1.88,-5.63,-7.17
1.88,-5.63,-7.17
2.14,-5.73,-7.21
2.36,-6.15,-7.26
2.36,-6.15,-7.26
2.47,-6.28,-7.31
2.2,-5.85,-7.32
2.2,-5.85,-7.32
2.2,-5.85,-7.32
2.33,-6.02,-7.03
2.33,-6.02,-7.03
2.33,-6.02,-7.03
2.33,-6.12,-7.18
2.33,-6.12,-7.18
2.33,-6.12,-7.18
2.49,-5.93,-7.24
2.49,-5.93,-7.24
2.49,-5.93,-7.24
2.64,-6.11,-7.15
2.64,-6.11,-7.15
2.64,-6.11,-7.15
2.29,-5.8,-7.16
2.29,-5.8,-7.16
2.49,-5.94,-7.16
2.49,-5.94,-7.16
2.49,-5.94,-7.16
2.19,-5.84,-7.02
2.19,-5.84,-7.02
2.19,-5.84,-7.02
2.15,-5.32,-6.87
2.15,-5.32,-6.87
2.15,-5.32,-6.87
2.08,-4.94,-6.8
2.08,-4.94,-6.8
2.08,-4.94,-6.8
2.38,-5.36,-6.79
2.38,-5.36,-6.79
2.38,-5.36,-6.79
2.55,-5.02,-6.44
2.55,-5.02,-6.44
2.55,-5.02,-6.44
2.04,-5.29,-6.36
2.04,-5.29,-6.36
2.04,-5.29,-6.36
1.49,-5.66,-5.87
1.49,-5.66,-5.87
1.49,-5.66,-5.87
2.46,-4.74,-6.13
2.46,-4.74,-6.13
2.46,-4.74,-6.13
4.28,-6.5,-6.8
4.28,-6.5,-6.8
4.28,-6.5,-6.8
5.47,-6.78,-6.85
5.47,-6.78,-6.85
5.47,-6.78,-6.85
6.17,-7.28,-7.11
6.17,-7.28,-7.11
6.17,-7.28,-7.11
5.9,-7.7,-6.87
5.9,-7.7,-6.87
5.9,-7.7,-6.87
4.97,-7.17,-6.35
4.97,-7.17,-6.35
4.97,-7.17,-6.35
3.59,-6.32,-5.34
3.59,-6.32,-5.34
3.59,-6.32,-5.34
3.24,-6.19,-4.52
3.24,-6.19,-4.52
3.24,-6.19,-4.52
2.2,-7.26,-3.29
2.2,-7.26,-3.29
2.2,-7.26,-3.29
1.37,-5.85,-2.94
1.37,-5.85,-2.94
1.37,-5.85,-2.94
0.96,-8.47,-1.33
0.96,-8.47,-1.33
0.96,-8.47,-1.33
-1.26,-7.92,-1.52
-1.26,-7.92,-1.52
-1.26,-7.92,-1.52
-1.11,-9.41,-0.92
-1.11,-9.41,-0.92
-1.11,-9.41,-0.92
-3.18,-8.78,-0.02
-3.18,-8.78,-0.02
-3.18,-8.78,-0.02
-1.12,-9.9,1.17
-1.12,-9.9,1.17
-1.12,-9.9,1.17
-0.2,-7.06,0.79
-0.2,-7.06,0.79
-0.2,-7.06,0.79
2.41,-8.59,1.83
2.41,-8.59,1.83
2.41,-8.59,1.83
4.08,-9.01,2.4
4.08,-9.01,2.4
4.67,-9.04,2.84
5.68,-9.4,3.5
5.68,-9.4,3.5
5.68,-9.4,3.5
5.44,-9.55,4.19
5.44,-9.55,4.19
6.01,-9.4,4.55
6.01,-9.4,4.55
6.01,-9.4,4.55
4.71,-10.02,5.25
4.71,-10.02,5.25
4.71,-10.02,5.25
5.22,-9.97,5.08
5.22,-9.97,5.08
5.22,-9.97,5.08
4.6,-9.59,5.14
4.6,-9.59,5.14
4.6,-9.59,5.14
4.03,-10.47,6.35
4.03,-10.47,6.35
4.03,-10.47,6.35
4.5,-8.81,5.25
4.5,-8.81,5.25
3.98,-8.29,4.61
2.82,-9.92,5.58
2.82,-9.92,5.58
2.82,-9.92,5.58
2.54,-8.9,3.8
2.54,-8.9,3.8
2.54,-8.9,3.8
0.41,-6.46,2.37
0.41,-6.46,2.37
0.41,-6.46,2.37
0.78,-10.29,4.98
0.78,-10.29,4.98
0.78,-10.29,4.98
0.63,-10.31,4.89
0.63,-10.31,4.89
0.63,-10.31,4.89
-0.1,-8.38,3.16
-0.1,-8.38,3.16
-0.1,-8.38,3.16
-0.33,-9.72,3.61
-0.33,-9.72,3.61
-0.36,-10.07,3.78
-0.71,-9.26,3.44
-0.56,-8.87,2.83
-0.56,-8.87,2.83
-1.22,-9.53,2.64
-1.22,-9.53,2.64
-1.22,-9.53,2.64
-2.41,-10.4,3.0
-2.41,-10.4,3.0
-2.41,-10.4,3.0
-2.25,-10.31,3.24
-2.25,-10.31,3.24
-2.02,-9.67,2.99
-1.49,-9.43,3.16
-1.49,-9.43,3.16
-1.3,-9.42,3.18
-0.95,-9.07,2.75
-0.95,-9.07,2.75
-0.95,-9.07,2.75
-0.61,-8.15,2.32
-0.61,-8.15,2.32
-0.61,-8.15,2.32
-0.89,-8.95,2.93
-0.89,-8.95,2.93
-0.96,-8.83,3.01
-0.89,-8.57,3.16
-0.89,-8.57,3.16
-0.89,-8.29,3.16
-1.31,-9.21,2.54
-1.31,-9.21,2.54
-1.31,-9.21,2.54
-1.31,-9.01,2.0
-1.31,-9.01,2.0
-1.31,-9.01,2.0
-1.16,-8.69,2.22
-1.16,-8.69,2.22
-1.1,-9.07,2.53
-1.2,-9.15,2.47
-1.47,-9.08,2.5
-1.47,-9.08,2.5
-1.72,-9.06,2.5
-1.72,-9.06,2.5
-1.72,-9.06,2.5
-1.35,-9.09,2.37
-1.35,-9.09,2.37
-1.35,-9.09,2.37
-1.62,-8.93,2.37
-1.62,-8.93,2.37
-1.76,-9.37,2.51
-1.83,-9.53,2.54
-1.83,-9.53,2.54
-1.83,-9.53,2.54
-1.62,-9.41,2.29
-1.62,-9.41,2.29
-1.62,-9.41,2.29
-1.64,-9.7,1.94
-1.64,-9.7,1.94
-1.64,-9.7,1.94
-1.3,-9.08,1.97
-1.3,-9.08,1.97
-1.3,-9.08,1.97
-1.44,-9.92,2.61
-1.28,-9.93,2.9
-1.28,-9.93,2.9
-1.41,-9.47,2.4
-1.41,-9.47,2.4
-1.41,-9.47,2.4
-1.72,-8.51,1.57
-1.72,-8.51,1.57
-1.72,-8.51,1.57
-1.39,-8.43,1.41
-1.39,-8.43,1.41
-1.39,-8.43,1.41
-1.38,-8.98,1.53
-1.38,-8.98,1.53
-1.38,-8.98,1.53
-1.47,-8.89,0.79
-1.47,-8.89,0.79
-1.47,-8.89,0.79
-1.13,-9.7,1.28
-1.13,-9.7,1.28
-1.13,-9.7,1.28
-0.44,-9.69,1.62
-0.44,-9.69,1.62
-0.44,-9.69,1.62
-0.57,-10.63,1.99
-0.57,-10.63,1.99
-0.57,-10.63,1.99
-0.91,-11.76,1.55
-0.91,-11.76,1.55
-0.91,-11.76,1.55
-0.02,-13.29,1.82
-0.02,-13.29,1.82
-0.02,-13.29,1.82
-1.25,-13.2,1.07
-1.25,-13.2,1.07
-0.32,-14.01,2.32
-0.32,-14.01,2.32
-0.32,-14.01,2.32
-0.33,-12.29,1.06
-0.33,-12.29,1.06
-0.33,-12.29,1.06
-0.01,-11.29,1.02
-0.01,-11.29,1.02
-0.01,-11.29,1.02
0.22,-11.66,1.02
0.22,-11.66,1.02
0.06,-11.39,0.95
0.42,-9.63,0.36
0.42,-9.63,0.36
0.42,-9.63,0.36
0.39,-9.68,0.02
0.39,-9.68,0.02
0.39,-9.68,0.02
0.24,-9.04,-0.12
0.24,-9.04,-0.12
0.24,-9.04,-0.12
1.53,-9.02,0.12
1.53,-9.02,0.12
1.64,-4.7,-9.93
2.09,-5.41,-2.96
2.09,-5.41,-2.96
2.09,-5.41,-2.96
1.4,-3.15,-3.75
1.4,-3.15,-3.75
1.4,-3.15,-3.75
1.93,-2.5,-3.5
1.93,-2.5,-3.5
1.93,-2.5,-3.5
2.49,-1.43,-3.16
2.49,-1.43,-3.16
3.6,-2.26,-2.29
3.6,-2.26,-2.29
3.6,-2.26,-2.29
3.77,-4.24,-1.55
3.77,-4.24,-1.55
3.77,-4.24,-1.55
5.36,-6.12,-1.43
5.36,-6.12,-1.43
5.36,-6.12,-1.43
4.08,-5.84,-1.66
4.08,-5.84,-1.66
4.08,-5.84,-1.66
3.51,-8.17,-0.84
3.51,-8.17,-0.84
3.51,-8.17,-0.84
3.24,-8.28,-0.91
3.24,-8.28,-0.91
3.24,-8.28,-0.91
1.75,-8.32,0.04
1.75,-8.32,0.04
1.75,-8.32,0.04
2.46,-8.0,0.4
2.46,-8.0,0.4
1.88,-6.84,0.41
1.83,-7.77,0.68
1.83,-7.77,0.68
1.83,-7.77,0.68
1.01,-7.79,3.92
1.01,-7.79,3.92
1.01,-7.79,3.92
-0.23,-9.44,5.32
-0.23,-9.44,5.32
-0.23,-9.44,5.32
-0.3,-7.4,4.2
-0.3,-7.4,4.2
-1.1,-9.81,4.56
-1.2,-11.65,6.75
-1.2,-11.65,6.75
-1.2,-11.65,6.75
-2.94,-10.59,5.24
-2.94,-10.59,5.24
-2.94,-10.59,5.24
-3.6,-11.41,6.47
-3.6,-11.41,6.47
-3.6,-11.41,6.47
-3.62,-9.93,6.37
-3.62,-9.93,6.37
-4.06,-10.89,6.99
-3.29,-8.64,6.91
-3.29,-8.64,6.91
-3.29,-8.64,6.91
-3.36,-8.14,6.92
-3.36,-8.14,6.92
-3.36,-8.14,6.92
-3.37,-8.38,6.95
-3.37,-8.38,6.95
-3.37,-8.38,6.95
-3.28,-6.81,6.41
-3.28,-6.81,6.41
-3.49,-6.69,6.4
-4.5,-7.66,6.77
-4.5,-7.66,6.77
-4.5,-7.66,6.77
-3.4,-6.75,6.56
-3.4,-6.75,6.56
-3.4,-6.75,6.56
-3.83,-6.43,6.6
-3.83,-6.43,6.6
-3.83,-6.43,6.6
-3.18,-6.43,6.55
-3.18,-6.43,6.55
-3.05,-6.37,6.66
-3.0,-6.39,6.32
-3.0,-6.39,6.32
-3.0,-6.39,6.32
-2.54,-6.49,6.09
-2.54,-6.49,6.09
-2.54,-6.49,6.09
-2.6,-6.49,6.0
-2.6,-6.49,6.0
-2.6,-6.49,6.0
-3.12,-6.35,5.94
-3.12,-6.35,5.94
-3.35,-6.62,6.3
-4.48,-6.14,5.5
-4.48,-6.14,5.5
-4.48,-6.14,5.5
-6.23,-6.72,5.22
-6.23,-6.72,5.22
-6.23,-6.72,5.22
-6.41,-6.84,5.66
-6.41,-6.84,5.66
-7.16,-6.1,4.81
-5.57,-7.42,5.69
-5.57,-7.42,5.69
-5.57,-7.42,5.69
-4.78,-6.6,5.78
-4.78,-6.6,5.78
-4.78,-6.6,5.78
-4.58,-5.82,5.58
-4.58,-5.82,5.58
-4.58,-5.82,5.58
-4.82,-5.46,5.51
-4.82,-5.46,5.51
-4.82,-5.46,5.51
-6.12,-5.13,5.26
-6.12,-5.13,5.26
-6.12,-5.13,5.26
-6.45,-5.39,5.17
-6.45,-5.39,5.17
-6.45,-5.39,5.17
-6.26,-5.14,4.58
-6.26,-5.14,4.58
-6.26,-5.14,4.58
-4.54,-6.7,5.84
-4.54,-6.7,5.84
-4.54,-6.7,5.84
-4.82,-6.02,5.34
-4.82,-6.02,5.34
-4.82,-6.02,5.34
-5.19,-6.47,6.05
-5.19,-6.47,6.05
-5.19,-6.47,6.05
-5.23,-5.75,5.32
-5.23,-5.75,5.32
-5.23,-5.75,5.32
-4.92,-6.57,5.92
-4.92,-6.57,5.92
-4.92,-6.57,5.92
-5.2,-5.45,5.23
-5.2,-5.45,5.23
-5.2,-5.45,5.23
-5.52,-5.93,5.51
-5.52,-5.93,5.51
-5.52,-5.93,5.51
-5.52,-6.23,5.51
-5.52,-6.23,5.51
-5.52,-6.23,5.51
-5.1,-5.38,5.1
-5.1,-5.38,5.1
-5.32,-5.17,5.03
-5.8,-5.53,5.14
-5.8,-5.53,5.14
-5.8,-5.53,5.14
-5.67,-5.61,5.21
-5.67,-5.61,5.21
-5.67,-5.61,5.21
-5.74,-5.47,5.1
-5.74,-5.47,5.1
-5.74,-5.47,5.1
-5.65,-5.14,5.02
-5.65,-5.14,5.02
-5.65,-5.14,5.02
-5.32,-5.5,5.09
-5.32,-5.5,5.09
-5.32,-5.5,5.09
-5.59,-6.26,5.55
-5.59,-6.26,5.55
-5.59,-6.26,5.55
-4.86,-6.1,5.76
-4.86,-6.1,5.76
-4.86,-6.1,5.76
-4.9,-5.6,5.8
-4.9,-5.6,5.8
-4.9,-5.6,5.8
-5.44,-5.28,5.64
-5.44,-5.28,5.64
-5.44,-5.28,5.64
-5.55,-5.6,5.88
-5.55,-5.6,5.88
-5.45,-5.09,5.99
-5.45,-5.09,5.99
-5.45,-5.09,5.99
-5.14,-5.8,5.87
-5.49,-5.74,5.94
-5.49,-5.74,5.94
-5.49,-5.35,5.7
-5.49,-5.35,5.7
-5.49,-5.35,5.7
-5.56,-5.35,5.64
-5.56,-5.35,5.64
-5.56,-5.35,5.64
-5.46,-5.24,5.68
-5.46,-5.24,5.68
-5.46,-5.24,5.68
-5.5,-5.39,5.91
-5.5,-5.39,5.91
-5.55,-5.13,5.77
-5.54,-5.28,5.76
-5.54,-5.28,5.76
-5.54,-5.28,5.76
-5.55,-5.47,5.71
-5.55,-5.47,5.71
-5.55,-5.47,5.71
-5.52,-5.21,5.65
-5.52,-5.21,5.65
-5.52,-5.21,5.65
-5.8,-5.21,5.3
-5.8,-5.21,5.3
-5.8,-5.21,5.3
-5.69,-5.36,5.48
-5.69,-5.36,5.48
-5.69,-5.36,5.48
-5.25,-5.6,6.0
-5.25,-5.6,6.0
-5.25,-5.6,6.0
-5.81,-4.78,5.32
-5.81,-4.78,5.32
-5.81,-4.78,5.32
-5.43,-5.57,5.86
-5.43,-5.57,5.86
-5.57,-5.0,5.56
-5.46,-4.89,5.49
-5.71,-5.3,5.64
-5.71,-5.3,5.64
-5.58,-5.51,5.62
-5.58,-5.51,5.62
-5.58,-5.51,5.62
-5.63,-5.19,5.44
-5.63,-5.19,5.44
-5.63,-5.19,5.44
-5.76,-5.44,5.59
-5.75,-5.41,5.55
-5.75,-5.41,5.55
-5.47,-5.26,5.51
-5.47,-5.26,5.51
-5.47,-5.26,5.51
-5.53,-5.52,5.72
-5.53,-5.52,5.72
-5.53,-5.52,5.72
-5.58,-4.95,5.86
-5.58,-4.95,5.86
-5.58,-4.95,5.86
-5.77,-5.49,5.76
-5.77,-5.49,5.76
-5.81,-6.34,5.72
-5.55,-4.65,4.95
-5.55,-4.65,4.95
-5.55,-4.65,4.95
-5.71,-6.0,6.01
-5.71,-6.0,6.01
-5.71,-6.0,6.01
-5.64,-6.23,5.16
-5.64,-6.23,5.16
-5.64,-6.23,5.16
-6.0,-5.75,4.7
-6.0,-5.75,4.7
-6.0,-5.75,4.7
-6.8,-4.81,4.84
-6.8,-4.81,4.84
-6.8,-4.81,4.84
-6.13,-5.95,5.43
-6.13,-5.95,5.43
-6.13,-5.95,5.43
-5.06,-6.33,6.18
-5.06,-6.33,6.18
-5.06,-6.33,6.18
-3.85,-5.88,5.68
-3.85,-5.88,5.68
-3.62,-6.18,5.6
-2.93,-6.8,7.05
-2.93,-6.8,7.05
-2.93,-6.8,7.05
-4.3,-6.19,6.46
-4.3,-6.19,6.46
-4.3,-6.19,6.46
-4.13,-6.57,7.05
-4.13,-6.57,7.05
-4.13,-6.57,7.05
-3.43,-6.44,6.84
-3.43,-6.44,6.84
-2.88,-5.97,6.61
-3.58,-4.1,6.78
-3.58,-4.1,6.78
-3.58,-4.1,6.78
-2.54,-6.44,7.06
-2.54,-6.44,7.06
-2.54,-6.44,7.06
-2.03,-7.56,7.2
-2.03,-7.56,7.2
-2.74,-6.31,6.19
-2.74,-6.31,6.19
-2.74,-6.31,6.19
-2.34,-5.62,6.68
-2.34,-5.62,6.68
-2.34,-5.62,6.68
-2.25,-6.75,7.38
-2.25,-6.75,7.38
-2.25,-6.75,7.38
-2.25,-6.32,7.17
-2.25,-6.32,7.17
-2.6,-6.0,7.04
-2.84,-5.44,7.07
-2.84,-5.44,7.07
-3.17,-5.52,7.38
-2.91,-5.99,7.01
-2.91,-5.99,7.01
-2.91,-5.99,7.01
-2.75,-5.03,6.28
-2.75,-5.03,6.28
-2.75,-5.03,6.28
-3.31,-5.55,6.54
-3.31,-5.55,6.54
-3.31,-5.55,6.54
-3.79,-6.36,6.56
-3.56,-5.78,6.71
-3.56,-5.78,6.71
-2.78,-6.26,7.08
-2.78,-6.26,7.08
-2.78,-6.26,7.08
-2.32,-6.6,7.2
-2.32,-6.6,7.2
-2.32,-6.6,7.2
-2.96,-6.69,7.08
-2.96,-6.69,7.08
-2.96,-6.69,7.08
-2.98,-6.93,7.48
-2.94,-6.52,7.24
-2.94,-6.52,7.24
-2.93,-6.2,6.87
-2.93,-6.2,6.87
-2.93,-6.2,6.87
-3.4,-6.36,7.34
-3.4,-6.36,7.34
-3.4,-6.36,7.34
-3.7,-6.24,7.63
-3.7,-6.24,7.63
-3.58,-6.15,7.63
-3.71,-6.3,7.64
-3.85,-6.06,7.59
-3.85,-6.06,7.59
-3.9,-5.98,7.02
-3.9,-5.98,7.02
-3.9,-5.98,7.02
-3.87,-5.33,6.68
-3.87,-5.33,6.68
-3.85,-4.59,6.66
-3.85,-4.59,6.66
-3.98,-5.83,6.77
-3.98,-5.83,6.77
-3.98,-5.83,6.77
-3.43,-5.39,7.14
-3.43,-5.39,7.14
-3.43,-5.39,7.14
-3.08,-5.5,7.14
-3.08,-5.5,7.14
-3.08,-5.5,7.14
-3.18,-5.23,6.35
-3.18,-5.23,6.35
-3.32,-5.67,6.41
-3.29,-6.03,6.62
-3.29,-6.03,6.62
-3.5,-6.03,6.41
-3.84,-5.51,5.93
-3.84,-5.51,5.93
-3.84,-5.51,5.93
-3.27,-4.79,6.0
-3.27,-4.79,6.0
-3.27,-4.79,6.0
-3.56,-5.36,6.51
-3.56,-5.36,6.51
-3.56,-5.36,6.51
-3.81,-4.96,6.07
-3.81,-4.96,6.07
-3.81,-4.96,6.07
-3.73,-6.44,7.45
-3.73,-6.44,7.45
-3.73,-6.44,7.45
-3.17,-6.12,7.89
-3.17,-6.12,7.89
-3.17,-6.12,7.89
-2.76,-6.17,7.82
-2.76,-6.17,7.82
-2.76,-6.17,7.82
-2.75,-5.21,7.49
-2.66,-5.43,7.84
-2.66,-5.43,7.84
-2.7,-6.25,7.53
-2.7,-6.25,7.53
-2.7,-6.25,7.53
-2.64,-5.91,6.61
-2.64,-5.91,6.61
-2.64,-5.91,6.61
-2.32,-5.34,7.43
-2.32,-5.34,7.43
-2.32,-5.34,7.43
-2.38,-5.66,8.44
-2.38,-5.66,8.44
-2.17,-5.62,8.53
-1.77,-5.75,8.91
-1.77,-5.75,8.91
-1.77,-5.75,8.91
-1.02,-4.86,8.3
-1.02,-4.86,8.3
-1.02,-4.86,8.3
-1.44,-5.45,7.89
-1.44,-5.45,7.89
-1.44,-5.45,7.89
-2.02,-5.04,7.89
-2.02,-5.04,7.89
-2.02,-5.04,7.89
-3.18,-5.68,8.77
-3.18,-5.68,8.77
-3.18,-5.68,8.77
-3.58,-6.2,8.45
-3.58,-6.2,8.45
-3.58,-6.2,8.45
-2.17,-5.92,7.54
-1.87,-5.55,7.14
-1.87,-5.55,7.14
-1.76,-5.2,6.94
-1.76,-5.2,6.94
-1.76,-5.2,6.94
-2.31,-5.76,7.37
-2.31,-5.76,7.37
-2.31,-5.76,7.37
-2.09,-5.99,7.86
-2.09,-5.99,7.86
-2.09,-5.99,7.86
-2.67,-5.92,7.48
-2.67,-5.92,7.48
-2.67,-5.92,7.48
-2.61,-5.83,7.51
-2.63,-6.12,7.69
-2.63,-6.12,7.69
-2.6,-5.94,7.73
-2.6,-5.94,7.73
-2.6,-5.94,7.73
-2.44,-5.79,7.93
-2.44,-5.79,7.93
-2.44,-5.79,7.93
-2.56,-5.68,8.04
-2.56,-5.68,8.04
-2.56,-5.68,8.04
-3.44,-5.85,8.14
-3.44,-5.85,8.14
-3.44,-5.85,8.14
-3.49,-6.02,7.37
-3.49,-6.02,7.37
-3.49,-6.02,7.37
-3.0,-5.26,6.85
-3.0,-5.26,6.85
-3.0,-5.26,6.85
-3.18,-5.84,7.5
-3.18,-5.84,7.5
-3.45,-5.98,7.6
-3.69,-4.85,7.08
-3.69,-4.85,7.08
-3.69,-4.85,7.08
-3.16,-4.6,6.68
-3.16,-4.6,6.68
-3.16,-4.6,6.68
-2.65,-4.9,6.55
-2.65,-4.9,6.55
-2.65,-4.9,6.55
-3.17,-5.24,7.15
-3.17,-5.24,7.15
-3.17,-5.24,7.15
-3.43,-5.75,7.52
-3.43,-5.75,7.52
-3.43,-5.75,7.52
-3.24,-5.8,7.44
-3.24,-5.8,7.44
-3.24,-5.8,7.44
-2.92,-5.44,6.79
-2.92,-5.44,6.79
-2.92,-5.44,6.79
-2.67,-5.85,7.52
-2.67,-5.85,7.52
-2.86,-6.14,7.76
-2.78,-5.85,7.88
-2.78,-5.85,7.88
-2.78,-5.85,7.88
-2.56,-5.78,7.81
-2.56,-5.78,7.81
-2.56,-5.78,7.81
-2.57,-5.64,7.68
-2.57,-5.64,7.68
-2.57,-5.64,7.68
-2.49,-6.15,7.5
-2.49,-6.15,7.5
-2.49,-6.15,7.5
-2.61,-6.07,7.13
-2.61,-6.07,7.13
-2.61,-6.07,7.13
-2.95,-6.36,7.47
-2.95,-6.36,7.47
-2.95,-6.36,7.47
-2.81,-6.66,7.99
-2.81,-6.66,7.99
-2.81,-6.66,7.99
-2.26,-6.48,8.21
-2.26,-6.48,8.21
-2.22,-6.37,8.17
-2.28,-6.39,7.8
-2.28,-6.39,7.8
-2.28,-6.39,7.8
-2.66,-5.61,6.87
-2.66,-5.61,6.87
-2.66,-5.61,6.87
-2.82,-5.7,6.94
-2.82,-5.7,6.94
-2.95,-5.96,7.15
-2.94,-6.05,7.16
-2.94,-6.05,7.16
-2.93,-6.0,6.97
-3.09,-5.66,6.48
-3.09,-5.66,6.48
-3.34,-6.09,6.48
-3.34,-6.09,6.48
-3.34,-6.09,6.48
-3.01,-5.79,6.41
-3.01,-5.79,6.41
-3.01,-5.79,6.41
-3.4,-5.28,6.44
-3.26,-5.71,6.74
-3.26,-5.71,6.74
-3.13,-6.37,7.06
-3.13,-6.37,7.06
-3.13,-6.37,7.06
-2.74,-5.76,6.98
-2.74,-5.76,6.98
-2.74,-5.76,6.98
-2.96,-6.41,7.64
-2.96,-6.41,7.64
-2.96,-6.41,7.64
-2.49,-6.39,7.51
-2.52,-6.24,7.12
-2.52,-6.24,7.12
-2.58,-6.47,6.96
-2.58,-6.47,6.96
-2.58,-6.47,6.96
-2.7,-6.72,7.42
-2.7,-6.72,7.42
-2.7,-6.72,7.42
-2.57,-6.72,7.35
-2.57,-6.72,7.35
-2.57,-6.72,7.35
-2.71,-5.78,6.35
-2.71,-5.78,6.35
-2.73,-6.05,6.47
-2.8,-6.89,7.28
-2.8,-6.89,7.28
-2.61,-6.1,7.09
-2.61,-6.1,7.09
-2.61,-6.1,7.09
-2.39,-5.73,6.84
-2.39,-5.73,6.84
-2.39,-5.73,6.84
-2.8,-6.16,7.21
-2.99,-6.29,7.36
-2.99,-6.29,7.36
-2.9,-5.78,7.12
-2.9,-5.78,7.12
-2.9,-5.78,7.12
-3.3,-5.48,6.77
-3.3,-5.48,6.77
-3.3,-5.48,6.77
-3.07,-6.23,7.58
-3.07,-6.23,7.58
-3.07,-6.23,7.58
-2.69,-5.35,7.25
-2.69,-5.35,7.25
-2.76,-5.23,6.86
-3.13,-6.59,7.15
-3.13,-6.59,7.15
-3.13,-6.59,7.15
-2.79,-6.49,7.43
-2.79,-6.49,7.43
-2.79,-6.49,7.43
-2.99,-6.14,7.25
-2.99,-6.14,7.25
-2.99,-6.14,7.25
-2.49,-6.38,7.04
-2.49,-6.38,7.04
-2.76,-6.28,6.99
-2.93,-6.1,6.95
-2.93,-6.1,6.95
-2.93,-6.1,6.95
-3.13,-6.1,6.98
-3.13,-6.1,6.98
-3.13,-6.1,6.98
-3.18,-6.23,7.1
-3.18,-6.23,7.1
-3.18,-6.23,7.1
-3.09,-6.14,6.84
-3.09,-6.14,6.84
-3.0,-6.12,6.82
-3.11,-6.66,7.14
-3.11,-6.66,7.14
-3.11,-6.66,7.14
-2.96,-6.22,7.06
-2.96,-6.22,7.06
-2.96,-6.22,7.06
-2.76,-6.13,6.92
-2.76,-6.13,6.92
-2.52,-6.42,6.82
-2.63,-6.51,6.74
-2.57,-6.53,6.82
-2.57,-6.53,6.82
-3.16,-6.86,7.23
-3.16,-6.86,7.23
-3.16,-6.86,7.23
-3.11,-6.64,7.15
-3.11,-6.64,7.15
-3.11,-6.64,7.15
-2.89,-6.41,7.47
-2.89,-6.41,7.47
-2.89,-6.41,7.47
-2.33,-7.01,7.8
-2.33,-7.01,7.8
-2.33,-7.01,7.8
-3.07,-6.25,6.74
-3.07,-6.25,6.74
-3.07,-6.25,6.74
-1.97,-7.03,7.15
-1.97,-7.03,7.15
-1.97,-7.03,7.15
-0.84,-7.2,7.61
-0.84,-7.2,7.61
-0.55,-7.86,7.77
-0.89,-7.78,7.35
-0.89,-7.78,7.35
-1.28,-6.66,6.94
-1.69,-6.53,7.23
-1.69,-6.53,7.23
-1.69,-6.53,7.23
-1.97,-7.12,7.2
-1.97,-7.12,7.2
-1.97,-7.12,7.2
-1.77,-7.04,7.13
-1.77,-7.04,7.13
-1.77,-7.04,7.13
-1.28,-7.41,7.18
-1.28,-7.41,7.18
-0.69,-7.47,7.0
-0.64,-6.61,6.07
-0.64,-6.61,6.07
-0.64,-6.61,6.07
-0.87,-7.85,6.06
-0.87,-7.85,6.06
-0.87,-7.85,6.06
-1.25,-8.65,6.64
-1.25,-8.65,6.64
-1.25,-8.65,6.64
-1.36,-7.87,5.55
-1.36,-7.87,5.55
-1.36,-7.87,5.55
-0.63,-8.86,5.95
-0.63,-8.86,5.95
-0.63,-8.86,5.95
-0.77,-7.64,5.68
-0.77,-7.64,5.68
-0.77,-7.64,5.68
-0.75,-8.54,5.72
-0.75,-8.54,5.72
-0.75,-8.54,5.72
-1.18,-8.35,4.91
-1.18,-8.35,4.91
-0.75,-9.09,5.34
-1.06,-9.39,5.24
-1.06,-9.39,5.24
-1.06,-9.39,5.24
-1.03,-8.67,4.71
-1.03,-8.67,4.71
-1.03,-8.67,4.71
-1.15,-8.74,4.71
-1.15,-8.74,4.71
-1.22,-8.74,4.57
-1.17,-9.1,4.27
-0.84,-9.52,3.83
-0.84,-9.52,3.83
-0.93,-8.96,3.57
-0.93,-8.96,3.57
-0.93,-8.96,3.57
-1.1,-9.9,3.05
-1.1,-9.9,3.05
-0.84,-9.23,2.34
-0.84,-9.23,2.34
-0.8,-9.42,2.16
-0.76,-9.92,2.19
-0.76,-9.92,2.19
-0.68,-9.73,2.02
-0.69,-8.8,1.6
-0.69,-8.8,1.6
-0.69,-8.8,1.6
-0.44,-10.22,1.2
-0.44,-10.22,1.2
-0.44,-10.22,1.2
-0.41,-9.18,1.13
-0.41,-9.18,1.13
-0.31,-8.97,0.77
-0.31,-9.32,0.73
-0.47,-9.4,0.8
-0.47,-9.4,0.8
0.09,-9.05,0.26
0.09,-9.05,0.26
0.09,-9.05,0.26
0.42,-9.26,-0.26
0.42,-9.26,-0.26
0.42,-9.26,-0.26
0.63,-9.11,-0.4
0.63,-9.11,-0.4
0.63,-9.11,-0.4
2.46,-8.98,0.54
2.46,-8.98,0.54
2.46,-8.98,0.54
1.58,-6.05,-8.44
1.58,-6.05,-8.44
1.58,-6.05,-8.44
1.52,-9.87,-1.84
1.52,-9.87,-1.84
1.52,-9.87,-1.84
1.5,-9.2,-2.48
1.5,-9.2,-2.48
1.5,-9.2,-2.48
1.39,-9.02,-2.98
1.39,-9.02,-2.98
1.39,-9.02,-2.98
1.88,-9.0,-3.18
1.88,-9.0,-3.18
1.88,-9.0,-3.18
1.78,-8.54,-3.28
1.78,-8.54,-3.28
1.66,-8.41,-3.18
1.66,-8.41,-3.18
1.91,-8.46,-3.68
2.03,-8.33,-4.25
2.03,-8.33,-4.25
2.03,-8.33,-4.25
1.96,-7.53,-4.04
1.96,-7.53,-4.04
1.96,-7.53,-4.04
1.52,-7.89,-3.99
1.52,-7.89,-3.99
1.52,-7.89,-3.99
2.05,-7.47,-4.14
2.05,-7.47,-4.14
2.05,-7.47,-4.14
2.14,-7.42,-4.33
2.14,-7.42,-4.33
2.14,-7.42,-4.33
2.36,-6.56,-5.24
2.36,-6.56,-5.24
2.36,-6.56,-5.24
2.23,-7.3,-4.99
2.23,-7.3,-4.99
2.23,-7.3,-4.99
2.23,-5.62,-4.52
2.23,-5.62,-4.52
2.23,-5.62,-4.52
2.15,-4.84,-4.98
2.15,-4.84,-4.98
2.15,-4.84,-4.98
2.21,-6.12,-5.76
2.21,-6.12,-5.76
2.21,-6.12,-5.76
2.14,-5.96,-5.9
2.14,-5.96,-5.9
2.14,-5.96,-5.9
1.81,-6.63,-6.23
1.81,-6.63,-6.23
1.81,-6.63,-6.23
2.34,-7.01,-5.95
2.34,-7.01,-5.95
2.34,-7.01,-5.95
2.5,-7.17,-5.89
2.5,-7.17,-5.89
2.5,-7.17,-5.89
2.06,-7.41,-6.03
2.06,-7.41,-6.03
2.06,-7.41,-6.03
2.03,-7.45,-6.26
2.03,-7.45,-6.26
2.03,-7.45,-6.26
1.75,-7.48,-6.06
1.75,-7.48,-6.06
1.75,-7.48,-6.06
1.45,-7.1,-6.22
1.45,-7.1,-6.22
1.45,-7.1,-6.22
2.1,-7.2,-5.77
2.1,-7.2,-5.77
2.1,-7.2,-5.77
1.42,-7.31,-6.12
1.42,-7.31,-6.12
1.42,-7.31,-6.12
1.48,-6.96,-6.03
1.48,-6.96,-6.03
1.48,-6.96,-6.03
1.37,-6.82,-6.08
1.37,-6.82,-6.08
1.89,-7.31,-5.72
1.89,-7.31,-5.72
1.89,-7.31,-5.72
1.79,-7.45,-5.97
1.79,-7.45,-5.97
1.79,-7.45,-5.97
1.67,-6.97,-6.03
1.67,-6.97,-6.03
1.67,-6.97,-6.03
1.5,-6.92,-6.34
1.5,-6.92,-6.34
1.5,-6.92,-6.34
1.04,-6.9,-6.07
1.04,-6.9,-6.07
1.04,-6.9,-6.07
1.56,-6.89,-5.93
1.56,-6.89,-5.93
1.42,-7.26,-5.9
1.08,-7.13,-6.23
1.08,-7.13,-6.23
1.08,-7.13,-6.23
1.48,-6.91,-6.12
1.48,-6.91,-6.12
1.48,-6.91,-6.12
1.41,-7.07,-6.12
1.41,-7.07,-6.12
1.41,-7.07,-6.12
1.32,-7.33,-6.11
1.32,-7.33,-6.11
1.32,-7.33,-6.11
1.39,-6.94,-6.11
1.39,-6.94,-6.11
1.39,-6.94,-6.11
1.11,-7.59,-6.19
1.11,-7.59,-6.19
1.11,-7.59,-6.19
1.18,-7.54,-5.99
1.18,-7.54,-5.99
1.18,-7.54,-5.99
1.24,-7.2,-6.26
1.24,-7.2,-6.26
1.24,-7.2,-6.26
1.19,-6.83,-6.04
1.19,-6.83,-6.04
1.19,-6.83,-6.04
1.24,-7.01,-6.0
1.24,-7.01,-6.0
1.24,-7.01,-6.0
1.06,-7.35,-6.16
1.06,-7.35,-6.16
1.06,-7.35,-6.16
1.26,-6.85,-5.92
1.19,-6.91,-5.89
1.04,-6.72,-6.32
1.04,-6.72,-6.32
1.04,-6.72,-6.32
0.92,-7.16,-5.98
0.92,-7.16,-5.98
0.92,-7.16,-5.98
1.2,-7.17,-6.03
1.2,-7.17,-6.03
1.2,-7.17,-6.03
1.06,-7.11,-6.23
1.06,-7.11,-6.23
1.06,-7.11,-6.23
1.33,-7.04,-5.97
1.33,-7.04,-5.97
1.33,-7.04,-5.97
0.86,-7.17,-6.2
0.86,-7.17,-6.2
0.86,-7.17,-6.2
1.05,-6.72,-6.13
1.05,-6.72,-6.13
1.05,-6.72,-6.13
1.26,-7.14,-6.09
1.11,-7.27,-6.12
1.11,-7.27,-6.12
1.25,-7.31,-5.93
1.25,-7.31,-5.93
1.25,-7.31,-5.93
1.3,-7.19,-6.02
1.3,-7.19,-6.02
1.3,-7.19,-6.02
1.15,-7.13,-6.06
1.15,-7.13,-6.06
1.15,-7.13,-6.06
0.96,-7.02,-6.19
0.96,-7.02,-6.19
0.96,-7.02,-6.19
1.21,-7.2,-6.01
1.21,-7.2,-6.01
0.81,-7.12,-6.33
0.81,-7.12,-6.33
0.81,-7.12,-6.33
1.29,-7.49,-5.96
1.29,-7.49,-5.96
1.29,-7.49,-5.96
0.81,-6.66,-6.25
0.81,-6.66,-6.25
0.81,-6.66,-6.25
1.13,-7.13,-5.92
1.13,-7.13,-5.92
1.13,-7.13,-5.92
1.16,-7.07,-6.25
1.16,-7.07,-6.25
1.16,-7.07,-6.25
1.0,-7.1,-6.03
1.0,-7.1,-6.03
1.09,-7.18,-6.04
1.25,-6.91,-5.96
1.25,-6.91,-5.96
1.25,-6.91,-5.96
1.0,-7.2,-6.04
1.0,-7.2,-6.04
1.0,-7.2,-6.04
1.25,-7.14,-5.98
1.25,-7.14,-5.98
1.25,-7.14,-5.98
1.03,-7.25,-5.99
1.03,-7.25,-5.99
0.96,-6.89,-5.99
1.06,-7.09,-5.97
1.06,-7.09,-5.97
1.06,-7.09,-5.97
1.19,-7.14,-5.87
1.19,-7.14,-5.87
1.19,-7.14,-5.87
0.95,-7.04,-6.02
0.95,-7.04,-6.02
0.95,-7.04,-6.02
0.91,-6.73,-5.74
0.91,-6.73,-5.74
0.91,-6.73,-5.74
0.71,-6.95,-6.13
0.71,-6.95,-6.13
0.71,-6.95,-6.13
0.98,-7.24,-5.83
0.98,-7.24,-5.83
0.98,-7.24,-5.83
1.2,-7.84,-5.81
1.2,-7.84,-5.81
1.2,-7.84,-5.81
1.26,-7.71,-6.06
1.26,-7.71,-6.06
1.26,-7.71,-6.06
1.37,-7.55,-5.72
1.37,-7.55,-5.72
1.37,-7.59,-5.58
1.03,-7.25,-5.63
1.03,-7.25,-5.63
1.03,-7.25,-5.63
0.86,-7.22,-5.89
0.86,-7.22,-5.89
0.86,-7.22,-5.89
1.04,-7.62,-5.95
1.04,-7.62,-5.95
1.04,-7.62,-5.95
0.77,-7.66,-5.49
0.77,-7.66,-5.49
0.77,-7.66,-5.49
0.58,-7.26,-5.85
0.58,-7.26,-5.85
0.58,-7.26,-5.85
0.96,-7.46,-5.7
0.96,-7.46,-5.7
0.96,-7.46,-5.7
0.76,-7.09,-5.73
0.76,-7.09,-5.73
0.76,-7.09,-5.73
0.91,-7.4,-5.57
0.91,-7.4,-5.57
0.91,-7.4,-5.57
1.14,-7.34,-5.53
1.14,-7.34,-5.53
1.14,-7.34,-5.53
1.03,-7.73,-5.63
1.03,-7.73,-5.63
1.03,-7.73,-5.63
0.91,-7.14,-5.68
0.91,-7.14,-5.68
0.91,-7.14,-5.68
0.82,-7.13,-5.9
0.79,-6.99,-5.91
0.79,-6.99,-5.91
0.74,-7.99,-5.8
0.74,-7.99,-5.8
0.74,-7.99,-5.8
1.02,-7.16,-5.51
1.02,-7.16,-5.51
1.02,-7.16,-5.51
1.29,-7.48,-5.67
0.94,-6.91,-5.88
0.94,-6.91,-5.88
0.59,-7.66,-5.04
0.59,-7.66,-5.04
0.59,-7.66,-5.04
0.55,-8.04,-5.41
0.55,-8.04,-5.41
0.55,-8.04,-5.41
0.87,-7.45,-5.66
0.87,-7.45,-5.66
0.87,-7.45,-5.66
0.61,-7.08,-5.15
0.61,-7.08,-5.15
0.88,-8.19,-5.1
1.12,-8.84,-5.24
1.08,-8.41,-5.44
1.08,-8.41,-5.44
1.07,-6.75,-5.03
1.07,-6.75,-5.03
1.07,-6.75,-5.03
1.29,-7.47,-5.25
1.29,-7.47,-5.25
1.29,-7.47,-5.25
0.14,-7.09,-6.13
0.14,-7.09,-6.13
-0.05,-7.02,-5.56
0.03,-7.37,-5.11
0.66,-7.62,-4.65
0.66,-7.62,-4.65
0.53,-8.05,-5.46
0.53,-8.05,-5.46
0.64,-7.39,-4.43
0.64,-7.39,-4.43
0.64,-7.39,-4.43
-0.43,-7.6,-4.88
-0.43,-7.6,-4.88
-0.06,-7.1,-5.46
1.3,-8.82,-5.08
1.3,-8.82,-5.08
0.83,-8.39,-4.66
0.83,-8.39,-4.66
0.83,-8.39,-4.66
-0.23,-7.06,-4.81
-0.23,-7.06,-4.81
-0.23,-7.06,-4.81
0.05,-7.5,-4.86
0.05,-7.5,-4.86
0.85,-7.71,-4.45
0.17,-9.64,-4.26
0.17,-9.64,-4.26
0.17,-9.64,-4.26
2.4,-8.0,-5.26
2.4,-8.0,-5.26
2.4,-8.0,-5.26
2.38,-8.75,-4.42
2.38,-8.75,-4.42
2.38,-8.75,-4.42
-1.18,-8.91,-5.07
-1.18,-8.91,-5.07
-0.53,-7.99,-5.01
1.47,-8.13,-4.36
1.47,-8.13,-4.36
1.47,-8.13,-4.36
0.71,-8.67,-4.39
0.71,-8.67,-4.39
0.71,-8.67,-4.39
2.14,-9.29,-4.34
2.14,-9.29,-4.34
2.14,-9.29,-4.34
0.09,-8.2,-4.96
0.09,-8.2,-4.96
0.09,-8.2,-4.96
0.45,-7.6,-4.52
0.45,-7.6,-4.52
0.45,-7.6,-4.52
0.64,-8.84,-3.82
0.64,-8.84,-3.82
0.64,-8.84,-3.82
-0.57,-8.59,-4.94
-0.57,-8.59,-4.94
-0.57,-8.59,-4.94
0.47,-9.19,-4.66
0.72,-8.9,-4.64
0.72,-8.9,-4.64
0.07,-9.72,-4.73
0.07,-9.72,-4.73
0.07,-9.72,-4.73
-0.19,-7.74,-5.13
-0.19,-7.74,-5.13
-0.19,-7.74,-5.13
-0.96,-8.2,-4.65
-0.96,-8.2,-4.65
-0.07,-7.48,-5.04
1.88,-8.37,-5.27
1.88,-8.37,-5.27
1.06,-8.54,-4.84
1.06,-8.54,-4.84
1.06,-8.54,-4.84
-2.21,-8.05,-5.25
-2.21,-8.05,-5.25
-1.91,-5.42,-4.57
-1.91,-5.42,-4.57
-2.65,-4.86,-5.38
-1.43,-7.07,-4.88
0.48,-8.36,-5.11
0.48,-8.36,-5.11
-1.13,-6.88,-5.91
-1.13,-6.88,-5.91
-1.13,-6.88,-5.91
-0.54,-7.08,-6.16
-0.54,-7.08,-6.16
0.98,-6.67,-6.06
0.98,-6.67,-6.06
0.98,-6.67,-6.06
-2.04,-4.43,-6.81
-2.04,-4.43,-6.81
-2.04,-4.43,-6.81
-0.15,-6.85,-6.03
-0.15,-6.85,-6.03
-0.15,-6.85,-6.03
-0.03,-6.9,-6.96
-0.03,-6.9,-6.96
-0.03,-6.9,-6.96
-3.01,-5.95,-6.73
-3.01,-5.95,-6.73
-3.01,-5.95,-6.73
2.61,-6.86,-6.58
2.61,-6.86,-6.58
2.61,-6.86,-6.58
-0.27,-7.68,-6.93
-0.27,-7.68,-6.93
-0.27,-7.68,-6.93
-0.55,-4.17,-7.42
-0.55,-4.17,-7.42
-0.55,-4.17,-7.42
-0.41,-8.72,-6.19
-0.41,-8.72,-6.19
-0.41,-8.72,-6.19
-1.2,-7.35,-7.7
-1.2,-7.35,-7.7
-1.2,-7.35,-7.7
0.98,-5.21,-6.19
0.98,-5.21,-6.19
0.98,-5.21,-6.19
-0.76,-6.58,-7.49
-0.76,-6.58,-7.49
-0.76,-6.58,-7.49
0.36,-5.17,-6.85
0.36,-5.17,-6.85
0.36,-5.17,-6.85
-0.03,-6.67,-6.85
-0.03,-6.67,-6.85
-0.03,-6.67,-6.85
0.11,-5.14,-7.4
0.11,-5.14,-7.4
0.11,-5.14,-7.4
0.44,-5.16,-6.66
0.44,-5.16,-6.66
0.44,-5.16,-6.66
-1.18,-5.64,-6.59
-1.18,-5.64,-6.59
-1.18,-5.64,-6.59
0.86,-4.85,-8.4
0.86,-4.85,-8.4
-1.4,-6.47,-8.17
0.96,-5.82,-7.79
0.96,-5.82,-7.79
0.96,-5.82,-7.79
-0.12,-6.68,-7.27
-0.12,-6.68,-7.27
-0.12,-6.68,-7.27
0.38,-4.5,-6.8
0.38,-4.5,-6.8
1.3,-5.33,-7.47
1.3,-5.33,-7.47
1.3,-5.33,-7.47
-0.98,-6.89,-7.02
-0.98,-6.89,-7.02
-0.98,-6.89,-7.02
-0.34,-4.53,-6.83
-0.34,-4.53,-6.83
-0.34,-4.53,-6.83
-0.79,-6.11,-6.94
-0.87,-5.9,-7.33
-0.87,-5.9,-7.33
0.46,-6.28,-7.01
0.46,-6.28,-7.01
0.46,-6.28,-7.01
-1.08,-6.03,-7.45
-1.08,-6.03,-7.45
-1.08,-6.03,-7.45
0.75,-6.15,-7.53
0.75,-6.15,-7.53
0.75,-6.15,-7.53
-1.05,-5.78,-7.15
-1.05,-5.78,-7.15
-1.05,-5.78,-7.15
-0.04,-5.94,-7.14
-0.04,-5.94,-7.14
0.25,-6.17,-6.91
-0.01,-5.48,-7.37
-0.01,-5.48,-7.37
-0.01,-5.48,-7.37
-0.47,-6.16,-7.17
-0.47,-6.16,-7.17
-0.47,-6.16,-7.17
-0.15,-5.29,-7.72
-0.15,-5.29,-7.72
-0.15,-5.29,-7.72
-0.71,-5.71,-7.17
-0.71,-5.71,-7.17
-0.71,-5.71,-7.17
-0.38,-5.64,-7.22
-0.38,-5.64,-7.22
-0.38,-5.64,-7.22
0.34,-5.67,-7.62
0.34,-5.67,-7.62
0.34,-5.67,-7.62
-0.47,-6.17,-7.15
-0.47,-6.17,-7.15
-0.47,-6.17,-7.15
-0.64,-5.19,-7.25
-1.1,-5.21,-6.99
-1.1,-5.21,-6.99
0.77,-5.73,-7.16
0.77,-5.73,-7.16
0.77,-5.73,-7.16
-0.77,-6.34,-7.82
-0.77,-6.34,-7.82
-0.77,-6.34,-7.82
0.3,-5.23,-7.21
0.3,-5.23,-7.21
-0.33,-4.98,-7.13
-0.38,-5.84,-7.06
-0.38,-5.84,-7.06
-0.38,-5.84,-7.06
-1.06,-6.61,-7.58
-1.06,-6.61,-7.58
-1.06,-6.61,-7.58
0.33,-5.43,-7.16
0.33,-5.43,-7.16
0.33,-5.43,-7.16
-1.2,-5.84,-7.06
-1.2,-5.84,-7.06
-1.2,-5.84,-7.06
0.0,-5.51,-7.11
-0.37,-5.53,-7.21
-0.37,-5.53,-7.21
-0.36,-6.49,-7.27
-0.36,-6.49,-7.27
-0.36,-6.49,-7.27
-0.0,-5.13,-7.32
-0.0,-5.13,-7.32
-0.0,-5.13,-7.32
-0.72,-5.86,-7.29
-0.72,-5.86,-7.29
0.23,-5.74,-7.16
-1.58,-6.31,-7.59
-1.58,-6.31,-7.59
-1.58,-6.31,-7.59
0.76,-5.83,-7.19
0.76,-5.83,-7.19
0.76,-5.83,-7.19
-0.77,-5.86,-7.34
-0.77,-5.86,-7.34
-0.77,-5.86,-7.34
0.0,-5.69,-7.16
0.0,-5.69,-7.16
-1.44,-5.55,-7.33
0.15,-5.94,-7.19
0.15,-5.94,-7.19
0.15,-5.94,-7.19
-0.63,-5.14,-7.05
-0.63,-5.14,-7.05
-0.63,-5.14,-7.05
-0.1,-5.68,-7.25
-0.1,-5.68,-7.25
-0.1,-5.68,-7.25
-0.82,-5.9,-7.67
-0.03,-6.43,-7.56
-0.81,-5.58,-7.03
-0.81,-5.58,-7.03
-0.81,-5.58,-7.03
-0.54,-5.95,-7.39
-0.54,-5.95,-7.39
-0.54,-5.95,-7.39
-0.09,-5.89,-7.4
-0.09,-5.89,-7.4
-0.09,-5.89,-7.4
-0.33,-5.7,-7.01
-0.11,-5.59,-6.98
-0.11,-5.59,-6.98
-0.8,-5.44,-7.51
-0.8,-5.44,-7.51
-0.8,-5.44,-7.51
-0.05,-6.29,-7.06
-0.05,-6.29,-7.06
-0.05,-6.29,-7.06
-0.4,-5.68,-7.42
-0.4,-5.68,-7.42
-0.4,-5.68,-7.42
-0.59,-5.87,-7.39
-0.1,-5.24,-7.45
-0.1,-5.24,-7.45
-0.77,-6.35,-7.32
-0.77,-6.35,-7.32
-0.77,-6.35,-7.32
0.34,-5.19,-7.0
0.34,-5.19,-7.0
0.34,-5.19,-7.0
-0.9,-6.38,-7.45
-0.9,-6.38,-7.45
-0.9,-6.38,-7.45
-0.04,-5.18,-7.02
-0.04,-5.18,-7.02
-0.08,-5.15,-7.24
0.0,-6.0,-7.41
0.0,-6.0,-7.41
0.0,-6.0,-7.41
-0.77,-5.65,-7.39
-0.77,-5.65,-7.39
-0.77,-5.65,-7.39
-0.42,-5.78,-7.07
-0.42,-5.78,-7.07
-0.42,-5.78,-7.07
0.09,-5.73,-7.14
0.09,-5.73,-7.14
0.09,-5.73,-7.14
-0.58,-5.35,-7.53
-0.58,-5.35,-7.53
-0.58,-5.35,-7.53
-0.19,-6.38,-7.28
-0.19,-6.38,-7.28
-0.19,-6.38,-7.28
0.13,-5.26,-7.01
0.13,-5.26,-7.01
-0.35,-5.67,-7.15
-0.41,-5.83,-7.33
-0.41,-5.83,-7.33
-0.41,-5.83,-7.33
-0.23,-5.6,-7.31
-0.23,-5.6,-7.31
-0.23,-5.6,-7.31
-0.04,-5.71,-7.43
-0.04,-5.71,-7.43
-0.04,-5.71,-7.43
-0.95,-6.33,-6.97
-0.95,-6.33,-6.97
-0.95,-6.33,-6.97
-0.01,-5.37,-7.3
-0.01,-5.37,-7.3
-0.01,-5.37,-7.3
0.05,-5.66,-7.4
0.05,-5.66,-7.4
0.05,-5.66,-7.4
-0.26,-6.42,-7.48
-0.26,-6.42,-7.48
-0.26,-6.42,-7.48
-0.43,-4.85,-7.06
-0.43,-4.85,-7.06
-0.43,-4.85,-7.06
-0.15,-6.01,-6.96
-0.15,-6.01,-6.96
-0.15,-6.01,-6.96
-0.57,-6.02,-7.71
-0.57,-6.02,-7.71
-0.57,-6.02,-7.71
-0.39,-6.11,-7.03
-0.39,-6.11,-7.03
-0.39,-6.11,-7.03
-0.37,-5.46,-7.35
-0.37,-5.46,-7.35
-0.37,-5.46,-7.35
0.34,-5.59,-7.27
0.34,-5.59,-7.27
0.34,-5.59,-7.27
-0.74,-6.34,-7.44
-0.74,-6.34,-7.44
-0.74,-6.34,-7.44
-0.32,-5.0,-7.05
-0.32,-5.0,-7.05
-0.32,-5.0,-7.05
-0.77,-6.0,-7.35
-0.77,-6.0,-7.35
0.32,-5.66,-6.88
-1.14,-6.16,-7.69
-1.14,-6.16,-7.69
-1.14,-6.16,-7.69
0.6,-5.79,-7.11
0.6,-5.79,-7.11
0.6,-5.79,-7.11
-0.96,-5.21,-7.59
-0.96,-5.21,-7.59
-0.96,-5.21,-7.59
-0.23,-6.46,-7.08
-0.23,-6.46,-7.08
-0.23,-6.46,-7.08
0.09,-6.19,-7.2
0.09,-6.19,-7.2
0.09,-6.19,-7.2
-0.65,-5.28,-7.42
-0.65,-5.28,-7.42
-0.65,-5.28,-7.42
0.03,-6.53,-7.27
0.03,-6.53,-7.27
0.03,-6.53,-7.27
-0.63,-5.1,-7.26
-0.63,-5.1,-7.26
-0.63,-5.1,-7.26
-0.79,-5.77,-7.01
-0.79,-5.77,-7.01
-0.79,-5.77,-7.01
0.27,-5.64,-7.37
0.27,-5.64,-7.37
0.27,-5.64,-7.37
-0.86,-6.6,-7.39
-0.86,-6.6,-7.39
-0.86,-6.6,-7.39
0.12,-5.74,-7.04
0.12,-5.74,-7.04
0.12,-5.74,-7.04
-0.38,-4.68,-7.44
-0.38,-4.68,-7.44
0.83,-4.95,-6.97
-0.46,-6.08,-7.76
-0.46,-6.08,-7.76
-0.46,-6.08,-7.76
-0.65,-6.56,-6.74
-0.65,-6.56,-6.74
-0.65,-6.56,-6.74
-0.14,-4.67,-7.57
-0.14,-4.67,-7.57
-0.14,-4.67,-7.57
-0.28,-5.54,-7.43
-0.28,-5.54,-7.43
-0.28,-5.54,-7.43
0.04,-5.57,-7.05
0.04,-5.57,-7.05
0.04,-5.57,-7.05
-0.13,-6.05,-7.45
-0.13,-6.05,-7.45
-0.13,-6.05,-7.45
-0.7,-6.32,-7.23
-0.7,-6.32,-7.23
-0.7,-6.32,-7.23
0.02,-5.0,-7.27
-1.31,-5.84,-7.46
-1.31,-5.84,-7.46
0.67,-5.3,-6.98
0.67,-5.3,-6.98
-1.33,-6.58,-7.74
-1.33,-6.58,-7.74
-1.33,-6.58,-7.74
0.56,-5.36,-6.7
0.56,-5.36,-6.7
-0.36,-5.49,-6.88
-0.72,-5.99,-7.46
-0.72,-5.99,-7.46
-0.72,-5.99,-7.46
0.01,-5.89,-7.06
0.01,-5.89,-7.06
0.01,-5.89,-7.06
0.26,-5.66,-7.64
0.26,-5.66,-7.64
0.26,-5.66,-7.64
-0.97,-5.84,-7.1
-1.3,-4.67,-7.69
-1.3,-4.67,-7.69
0.05,-6.46,-6.81
0.05,-6.46,-6.81
0.05,-6.46,-6.81
-0.51,-5.46,-7.74
-0.51,-5.46,-7.74
-0.51,-5.46,-7.74
0.14,-6.09,-6.93
0.14,-6.09,-6.93
0.14,-6.09,-6.93
-0.94,-5.75,-7.48
-0.94,-5.75,-7.48
-0.54,-6.74,-6.93
-0.15,-4.77,-7.51
-0.15,-4.77,-7.51
-0.15,-4.77,-7.51
-0.27,-6.45,-7.09
-0.27,-6.45,-7.09
-0.27,-6.45,-7.09
-0.91,-5.31,-7.38
-0.91,-5.31,-7.38
-0.91,-5.31,-7.38
0.74,-6.11,-7.25
0.64,-5.23,-7.16
0.64,-5.23,-7.16
-1.34,-6.31,-7.2
-1.34,-6.31,-7.2
-1.34,-6.31,-7.2
-0.09,-5.35,-7.09
-0.09,-5.35,-7.09
-0.09,-5.35,-7.09
0.0,-6.12,-7.35
0.0,-6.12,-7.35
0.0,-6.12,-7.35
-1.12,-6.06,-7.31
-1.12,-6.06,-7.31
-0.86,-5.45,-7.15
0.34,-5.9,-7.07
0.34,-5.9,-7.07
-0.73,-5.52,-7.46
-0.73,-5.52,-7.46
-0.73,-5.52,-7.46
0.11,-6.12,-7.05
0.11,-6.12,-7.05
0.11,-6.12,-7.05
-0.2,-5.79,-7.53
-0.2,-5.79,-7.53
-0.2,-5.79,-7.53
0.06,-5.71,-7.11
0.06,-5.71,-7.11
0.06,-5.71,-7.11
-1.12,-6.04,-7.11
-1.12,-6.04,-7.11
-1.12,-6.04,-7.11
0.82,-5.1,-7.36
0.82,-5.1,-7.36
0.82,-5.1,-7.36
-0.71,-6.93,-7.38
-0.11,-6.41,-7.14
-0.11,-6.41,-7.14
-0.47,-5.47,-7.27
-0.47,-5.47,-7.27
-0.47,-5.47,-7.27
-0.38,-5.58,-7.02
-0.38,-5.58,-7.02
-0.38,-5.58,-7.02
-0.29,-5.99,-7.22
-0.29,-5.99,-7.22
-0.29,-5.99,-7.22
0.44,-5.68,-7.2
0.44,-5.68,-7.2
0.44,-5.68,-7.2
-1.28,-5.94,-7.37
-1.28,-5.94,-7.37
-1.28,-5.94,-7.37
0.65,-5.57,-6.93
0.65,-5.57,-6.93
0.65,-5.57,-6.93
-1.31,-6.16,-7.72
-1.31,-6.16,-7.72
-1.31,-6.16,-7.72
0.4,-5.88,-7.26
0.4,-5.88,-7.26
0.4,-5.88,-7.26
-0.01,-5.24,-7.13
-0.01,-5.24,-7.13
-0.01,-5.24,-7.13
-0.47,-5.36,-7.37
-0.47,-5.36,-7.37
-0.47,-5.36,-7.37
-0.32,-6.6,-7.13
-0.32,-6.6,-7.13
-0.32,-6.6,-7.13
-0.05,-5.31,-7.36
-0.05,-5.31,-7.36
-1.07,-6.53,-7.52
0.68,-5.19,-6.91
0.68,-5.19,-6.91
0.68,-5.19,-6.91
-0.83,-5.92,-7.4
-0.83,-5.92,-7.4
-0.83,-5.92,-7.4
-0.09,-6.46,-7.2
-0.09,-6.46,-7.2
-0.79,-6.28,-7.41
0.31,-5.88,-6.97
0.31,-5.88,-6.97
0.31,-5.88,-6.97
-0.34,-5.69,-7.56
-0.34,-5.69,-7.56
-0.34,-5.69,-7.56
-0.06,-5.7,-6.86
-0.06,-5.7,-6.86
-0.06,-5.7,-6.86
-0.27,-5.37,-6.96
-0.27,-5.37,-6.96
0.81,-4.6,-7.01
1.46,-5.13,-7.55
1.46,-5.13,-7.55
3.31,-5.7,-8.78
0.86,-4.56,-1.07
0.86,-4.56,-1.07
0.86,-4.56,-1.07
-6.86,-4.07,2.02
-6.86,-4.07,2.02
-6.86,-4.07,2.02
14.61,4.55,-19.99
14.61,4.55,-19.99
4.45,-9.31,-7.02
4.57,-7.92,-9.08
4.57,-7.92,-9.08
4.57,-7.92,-9.08
3.7,-5.75,-7.75
3.7,-5.75,-7.75
3.7,-5.75,-7.75
1.55,-6.68,-7.87
1.55,-6.68,-7.87
1.55,-6.68,-7.87
1.51,-5.72,-7.86
1.51,-5.72,-7.86
1.51,-5.72,-7.86
2.27,-6.12,-6.77
2.27,-6.12,-6.77
1.73,-5.89,-7.09
1.49,-6.01,-7.75
1.49,-6.01,-7.75
1.49,-6.01,-7.75
1.58,-6.12,-7.02
1.58,-6.12,-7.02
1.58,-6.12,-7.02
1.51,-6.23,-6.96
1.51,-6.23,-6.96
1.44,-5.52,-7.24
1.17,-5.42,-7.25
1.17,-5.42,-7.25
2.27,-5.56,-6.74
2.27,-5.56,-6.74
2.27,-5.56,-6.74
2.34,-5.65,-7.15
2.34,-5.65,-7.15
2.34,-5.65,-7.15
2.21,-5.6,-7.58
2.21,-5.6,-7.58
2.21,-5.6,-7.58
2.12,-6.03,-7.5
2.12,-6.03,-7.5
1.88,-6.91,-7.02
2.24,-6.25,-7.33
2.24,-6.25,-7.33
2.24,-6.25,-7.33
1.87,-6.12,-7.35
1.87,-6.12,-7.35
1.87,-6.12,-7.35
2.15,-5.33,-7.18
2.15,-5.33,-7.18
2.46,-5.93,-6.82
1.86,-6.33,-6.96
1.86,-6.33,-6.96
1.86,-6.33,-6.96
1.75,-5.89,-6.99
1.75,-5.89,-6.99
1.75,-5.89,-6.99
1.86,-6.29,-7.12
1.86,-6.29,-7.12
1.86,-6.29,-7.12
1.66,-6.08,-7.02
1.66,-6.08,-7.02
1.66,-6.08,-7.02
2.73,-5.82,-6.9
2.73,-5.82,-6.9
2.73,-5.82,-6.9
2.43,-6.32,-7.29
2.43,-6.32,-7.29
2.43,-6.32,-7.29
2.62,-6.15,-7.06
2.62,-6.15,-7.06
2.62,-6.15,-7.06
2.22,-5.84,-7.14
2.22,-5.84,-7.14
2.36,-6.02,-7.04
2.61,-6.08,-7.07
2.61,-6.08,-7.07
2.51,-6.11,-7.08
2.77,-5.78,-7.12
2.77,-5.78,-7.12
2.77,-5.78,-7.12
2.54,-6.05,-7.12
2.54,-6.05,-7.12
2.54,-6.05,-7.12
2.27,-6.16,-6.92
2.27,-6.16,-6.92
2.27,-6.16,-6.92
1.91,-6.07,-7.01
1.91,-6.07,-7.01
1.91,-6.07,-7.01
2.03,-5.8,-6.91
2.03,-5.8,-6.91
2.03,-5.8,-6.91
2.42,-5.77,-6.92
2.42,-5.77,-6.92
2.42,-5.77,-6.92
2.55,-5.48,-7.13
2.55,-5.48,-7.13
2.55,-5.49,-7.14
2.67,-5.58,-7.17
2.89,-5.31,-7.25
2.85,-5.07,-6.83
2.85,-5.07,-6.83
2.85,-5.07,-6.83
2.64,-4.68,-6.59
2.64,-4.68,-6.59
2.64,-4.68,-6.59
2.69,-5.5,-6.57
2.69,-5.5,-6.57
2.69,-5.5,-6.57
2.92,-5.74,-6.9
2.92,-5.74,-6.9
2.92,-5.74,-6.9
2.87,-5.73,-7.31
2.87,-5.73,-7.31
2.87,-5.73,-7.31
3.8,-5.59,-7.12
3.8,-5.59,-7.12
3.8,-5.59,-7.12
3.66,-6.06,-6.46
3.66,-6.06,-6.46
3.66,-6.06,-6.46
2.72,-5.86,-6.14
2.72,-5.86,-6.14
2.72,-5.86,-6.14
2.08,-7.13,-5.49
2.08,-7.13,-5.49
2.08,-7.13,-5.49
2.5,-5.18,-4.57
2.5,-5.18,-4.57
2.5,-5.18,-4.57
2.43,-5.63,-4.39
2.43,-5.63,-4.39
2.43,-5.63,-4.39
2.75,-6.1,-3.89
2.75,-6.1,-3.89
2.75,-6.1,-3.89
2.46,-6.19,-3.96
2.46,-6.19,-3.96
2.46,-6.19,-3.96
2.28,-8.91,-2.95
2.28,-8.91,-2.95
2.28,-8.91,-2.95
2.98,-7.82,-2.69
2.98,-7.82,-2.69
2.98,-7.82,-2.69
2.68,-10.31,-1.05
2.68,-10.31,-1.05
2.68,-10.31,-1.05
3.0,-9.4,-1.05
3.0,-9.4,-1.05
3.0,-9.4,-1.05
1.49,-10.78,-0.34
1.49,-10.78,-0.34
1.49,-10.78,-0.34
2.54,-9.92,0.51
2.54,-9.92,0.51
2.18,-9.07,0.57
1.89,-9.45,2.22
1.89,-9.45,2.22
1.89,-9.45,2.22
1.21,-10.43,1.91
1.21,-10.43,1.91
1.21,-10.43,1.91
1.59,-10.92,3.61
1.59,-10.92,3.61
1.59,-10.92,3.61
1.27,-10.78,3.13
1.27,-10.78,3.13
1.27,-10.78,3.13
0.53,-10.12,2.2
0.53,-10.12,2.2
0.53,-10.12,2.2
0.45,-11.59,3.51
0.45,-11.59,3.51
0.45,-11.59,3.51
-0.02,-10.69,3.73
-0.02,-10.69,3.73
-0.02,-10.69,3.73
-0.35,-9.32,2.22
-0.35,-9.32,2.22
-0.46,-8.33,1.56
-0.7,-8.38,1.47
-1.26,-9.23,1.8
-1.26,-9.23,1.8
-0.87,-9.69,2.6
-0.87,-9.69,2.6
-0.87,-9.69,2.6
-0.87,-9.16,2.99
-0.87,-9.16,2.99
-0.87,-9.16,2.99
-1.06,-9.43,3.15
-1.06,-9.43,3.15
-1.37,-8.84,2.92
-0.31,-8.98,3.06
-0.31,-8.98,3.06
-0.08,-9.26,3.2
-0.08,-9.26,3.2
-0.08,-9.26,3.2
-0.67,-9.12,3.48
-0.67,-9.12,3.48
-0.67,-9.12,3.48
-1.94,-10.33,3.26
-1.94,-10.33,3.26
-1.93,-10.2,2.98
-1.17,-9.55,2.87
-1.17,-9.55,2.87
-1.17,-9.55,2.87
-1.16,-9.83,2.43
-1.16,-9.83,2.43
-1.16,-9.83,2.43
-1.97,-9.06,1.54
-1.97,-9.06,1.54
-1.97,-9.06,1.54
-1.43,-9.58,2.36
-1.43,-9.58,2.36
-3.15,-10.14,2.72
-5.16,-9.41,1.63
-5.16,-9.41,1.63
-5.16,-9.41,1.63
-2.77,-9.29,2.19
-2.77,-9.29,2.19
-2.77,-9.29,2.19
-2.47,-9.35,2.62
-2.47,-9.35,2.62
-2.47,-9.35,2.62
-1.56,-8.86,2.26
-1.56,-8.86,2.26
-1.56,-8.86,2.26
-0.9,-8.91,2.51
-0.9,-8.91,2.51
-0.9,-8.91,2.51
-1.9,-9.99,2.86
-1.9,-9.99,2.86
-1.9,-9.99,2.86
-0.82,-9.08,2.61
-0.82,-9.08,2.61
-0.82,-9.08,2.61
-1.25,-9.2,2.25
-1.25,-9.2,2.25
-1.51,-9.59,2.27
-0.99,-8.81,2.13
-0.99,-8.81,2.13
-0.99,-8.81,2.13
-0.99,-8.73,2.08
-0.99,-8.73,2.08
-0.99,-8.73,2.08
-1.06,-8.55,2.08
-1.06,-8.55,2.08
-1.06,-8.55,2.08
-1.25,-8.86,2.04
-1.25,-8.86,2.04
-1.25,-8.86,2.04
-1.16,-8.76,1.69
-1.16,-8.76,1.69
-1.16,-8.76,1.69
-1.23,-9.23,1.53
-1.23,-9.23,1.53
-1.23,-9.23,1.53
-1.09,-9.41,1.44
-1.09,-9.41,1.44
-1.09,-9.41,1.44
-1.26,-9.74,1.41
-1.32,-9.89,1.4
-1.32,-9.89,1.4
-1.23,-9.88,1.32
-1.23,-9.88,1.32
-1.23,-9.88,1.32
-1.32,-9.64,0.97
-1.32,-9.64,0.97
-1.32,-9.64,0.97
-0.8,-9.47,1.04
-0.8,-9.47,1.04
-0.8,-9.47,1.04
-0.4,-10.65,0.59
0.23,-12.68,0.97
0.23,-12.68,0.97
-1.82,-14.87,1.56
-1.82,-14.87,1.56
-1.82,-14.87,1.56
0.78,-14.45,1.12
0.78,-14.45,1.12
0.78,-14.45,1.12
0.13,-14.17,1.51
0.13,-14.17,1.51
0.36,-13.53,1.64
1.36,-12.79,2.42
1.36,-12.79,2.42
1.36,-12.79,2.42
2.08,-12.24,2.33
2.08,-12.24,2.33
2.08,-12.24,2.33
1.74,-10.25,1.34
1.74,-10.25,1.34
1.77,-9.26,0.85
1.77,-9.26,0.85
1.79,-8.98,0.51
2.73,-8.29,0.21
2.73,-8.29,0.21
2.73,-8.29,0.21
3.01,-8.04,-0.13
3.01,-8.04,-0.13
3.01,-8.04,-0.13
2.79,-6.92,0.35
2.79,-6.92,0.35
2.79,-6.92,0.35
1.23,-6.5,-6.6
1.23,-6.5,-6.6
1.23,-6.5,-6.6
1.71,-0.94,-3.56
1.71,-0.94,-3.56
1.71,-0.94,-3.56
1.96,0.03,-3.19
1.96,0.03,-3.19
1.96,0.03,-3.19
3.07,-0.24,-2.92
3.07,-0.24,-2.92
3.07,-0.24,-2.92
5.03,-1.81,-1.89
5.37,-2.15,-1.31
5.37,-2.15,-1.31
5.32,-2.73,-0.81
7.82,-3.66,-0.86
7.82,-3.66,-0.86
7.84,-3.9,0.44
7.84,-3.9,0.44
7.84,-3.9,0.44
8.55,-5.05,0.22
8.55,-5.05,0.22
8.55,-5.05,0.22
7.24,-6.0,1.39
7.24,-6.0,1.39
7.24,-6.0,1.39
6.3,-6.65,1.59
6.3,-6.65,1.59
6.3,-6.65,1.59
3.94,-5.15,1.06
3.94,-5.15,1.06
3.94,-5.15,1.06
2.0,-9.02,4.92
2.0,-9.02,4.92
2.0,-9.02,4.92
1.13,-7.39,5.55
1.13,-7.39,5.55
1.13,-7.39,5.55
1.34,-7.01,4.08
1.34,-7.01,4.08
1.34,-7.01,4.08
0.37,-11.07,6.18
0.37,-11.07,6.18
0.37,-11.07,6.18
0.23,-9.7,5.98
0.23,-9.7,5.98
0.23,-9.7,5.98
-0.48,-13.78,6.35
-0.65,-14.41,6.47
-0.65,-14.41,6.47
-0.6,-13.32,6.96
-0.6,-13.32,6.96
-0.65,-12.01,6.55
-2.06,-11.6,6.7
-2.06,-11.6,6.7
-2.06,-11.6,6.7
-2.63,-10.04,6.87
-2.63,-10.04,6.87
-3.11,-8.8,6.92
-3.11,-8.8,6.92
-3.55,-8.61,6.55
-3.27,-7.83,6.48
-3.27,-7.83,6.48
-3.27,-7.83,6.48
-2.96,-7.17,6.81
-2.96,-7.17,6.81
-2.96,-7.17,6.81
-3.53,-6.46,7.44
-3.53,-6.46,7.44
-3.53,-6.46,7.44
-3.47,-7.5,6.16
-3.47,-7.5,6.16
-3.47,-7.5,6.16
-3.05,-6.88,6.33
-3.05,-6.88,6.33
-3.05,-6.88,6.33
-2.78,-7.24,6.4
-2.78,-7.24,6.4
-2.78,-7.24,6.4
-2.09,-7.0,6.16
-2.09,-7.0,6.16
-2.09,-7.0,6.16
-2.15,-6.59,5.88
-2.15,-6.59,5.88
-2.15,-6.59,5.88
-2.15,-7.38,6.46
-2.15,-7.38,6.46
-2.15,-7.38,6.46
-2.4,-7.55,6.69
-2.4,-7.55,6.69
-2.4,-7.55,6.69
-2.42,-6.61,5.72
-2.42,-6.61,5.72
-2.42,-6.61,5.72
-2.73,-5.56,4.76
-2.73,-5.56,4.76
-2.73,-5.56,4.76
-6.22,-6.99,5.21
-6.22,-6.99,5.21
-6.22,-6.99,5.21
-6.72,-6.11,5.08
-6.72,-6.11,5.08
-6.72,-6.11,5.08
-7.75,-7.12,4.94
-7.75,-7.12,4.94
-7.75,-7.12,4.94
-5.91,-7.24,5.46
-5.91,-7.24,5.46
-5.91,-7.24,5.46
-4.59,-6.01,5.17
-4.59,-6.01,5.17
-4.59,-6.01,5.17
-6.04,-5.13,4.09
-6.04,-5.13,4.09
-6.04,-5.13,4.09
-6.07,-6.5,4.58
-6.07,-6.5,4.58
-6.07,-6.5,4.58
-6.06,-5.83,4.55
-5.64,-6.8,4.87
-5.64,-6.8,4.87
-5.58,-6.33,4.37
-5.58,-6.33,4.37
-5.58,-6.33,4.37
-5.25,-6.39,4.33
-5.25,-6.39,4.33
-5.25,-6.39,4.33
-5.55,-6.47,4.55
-5.55,-6.47,4.55
-5.55,-6.47,4.55
-5.74,-6.27,4.74
-5.74,-6.27,4.74
-5.75,-6.41,4.94
-5.22,-6.15,4.94
-5.22,-6.15,4.94
-5.22,-6.15,4.94
-5.08,-6.23,4.78
-5.08,-6.23,4.78
-5.08,-6.23,4.78
-5.35,-6.17,4.61
-5.35,-6.17,4.61
-5.35,-6.17,4.61
-5.53,-6.21,4.59
-5.53,-6.21,4.59
-5.77,-5.9,4.37
-6.3,-5.91,4.54
-6.3,-5.91,4.54
-6.3,-5.91,4.54
-5.88,-6.11,4.6
-5.88,-6.11,4.6
-5.88,-6.11,4.6
-5.66,-6.06,4.44
-5.66,-6.06,4.44
-5.66,-6.06,4.44
-5.12,-6.22,4.8
-5.12,-6.22,4.8
-5.12,-6.22,4.8
-4.97,-6.32,4.82
-4.97,-6.32,4.82
-4.97,-6.32,4.82
-5.42,-6.06,4.94
-5.42,-6.06,4.94
-5.42,-6.06,4.94
-5.44,-6.06,4.77
-5.44,-6.06,4.77
-5.44,-6.06,4.77
-5.97,-6.33,4.55
-5.97,-6.33,4.55
-5.97,-6.33,4.55
-5.9,-5.66,4.06
-5.9,-5.66,4.06
-5.9,-5.66,4.06
-5.47,-6.58,4.98
-5.47,-6.58,4.98
-5.47,-6.58,4.98
-5.76,-5.79,4.63
-5.76,-5.79,4.63
-5.76,-5.79,4.63
-5.28,-5.82,4.99
-5.28,-5.82,4.99
-5.28,-5.82,4.99
-5.5,-6.06,5.2
-5.5,-6.06,5.2
-5.5,-6.06,5.2
-5.81,-5.78,4.59
-5.81,-5.78,4.59
-5.81,-5.78,4.59
-5.81,-5.8,4.46
-5.81,-5.8,4.46
-5.6,-6.46,4.73
-5.53,-6.6,4.88
-5.44,-6.3,4.86
-5.44,-6.3,4.86
-5.39,-5.61,4.5
-5.39,-5.61,4.5
-5.39,-5.61,4.5
-6.07,-5.5,4.39
-6.07,-5.5,4.39
-6.07,-5.5,4.39
-5.89,-6.08,4.76
-5.89,-6.08,4.76
-5.71,-6.13,4.73
-5.6,-5.68,4.6
-5.6,-5.68,4.6
-5.49,-5.97,4.85
-5.38,-6.54,5.06
-5.38,-6.54,5.06
-5.38,-6.54,5.06
-5.5,-5.99,4.67
-5.5,-5.99,4.67
-5.5,-5.99,4.67
-5.62,-6.36,4.94
-5.62,-6.36,4.94
-5.18,-6.0,5.05
-5.77,-5.51,4.38
-5.77,-5.51,4.38
-5.77,-5.51,4.38
-5.65,-5.33,4.6
-5.65,-5.33,4.6
-5.65,-5.33,4.6
-5.72,-5.54,4.29
-5.72,-5.54,4.29
-5.72,-5.54,4.29
-5.62,-6.68,4.84
-5.62,-6.68,4.84
-5.62,-6.68,4.84
-5.66,-6.44,5.2
-5.66,-6.44,5.2
-5.3,-5.9,5.11
-5.3,-5.9,5.11
-5.3,-5.9,5.11
-5.26,-5.9,5.0
-5.26,-5.9,5.0
-5.26,-5.9,5.0
-5.47,-5.97,5.01
-5.47,-5.97,5.01
-5.47,-5.97,5.01
-5.53,-5.78,5.08
-5.53,-5.78,5.08
-5.53,-5.78,5.08
-5.62,-5.68,4.92
-5.62,-5.68,4.92
-5.62,-5.68,4.92
-5.73,-5.57,4.77
-5.73,-5.57,4.77
-5.73,-5.57,4.77
-5.89,-5.42,4.84
-5.89,-5.42,4.84
-5.89,-5.42,4.84
-5.66,-5.81,5.34
-5.66,-5.81,5.34
-5.66,-5.81,5.34
-5.81,-5.39,5.43
-5.81,-5.39,5.43
-5.81,-5.39,5.43
-5.78,-5.41,5.26
-5.78,-5.41,5.26
-5.78,-5.41,5.26
-5.43,-6.06,5.38
-5.43,-6.06,5.38
-5.43,-6.06,5.38
-5.72,-5.5,5.06
-5.72,-5.5,5.06
-5.72,-5.5,5.06
-5.97,-5.61,5.1
-5.97,-5.61,5.1
-5.97,-5.61,5.1
-5.96,-5.48,5.14
-5.96,-5.48,5.14
-5.96,-5.48,5.14
-5.84,-5.49,5.21
-5.84,-5.49,5.21
-5.82,-5.55,5.22
-5.75,-5.27,5.2
-5.75,-5.27,5.2
-5.75,-5.27,5.2
-5.82,-5.38,5.19
-5.82,-5.38,5.19
-5.82,-5.38,5.19
-5.78,-5.63,5.18
-5.78,-5.63,5.18
-5.78,-5.63,5.18
-5.97,-5.48,5.08
-5.97,-5.48,5.08
-5.97,-5.48,5.08
-5.78,-5.56,5.0
-5.78,-5.56,5.0
-5.78,-5.56,5.0
-5.89,-5.56,5.07
-5.89,-5.56,5.07
-5.89,-5.56,5.07
-5.77,-5.37,5.01
-5.77,-5.37,5.01
-5.77,-5.37,5.01
-5.99,-5.57,5.17
-5.99,-5.57,5.17
-5.99,-5.57,5.17
-5.99,-5.33,5.0
-5.99,-5.33,5.0
-5.87,-5.37,4.88
-5.85,-5.66,5.1
-5.85,-5.66,5.1
-5.85,-5.66,5.1
-5.74,-5.34,4.92
-5.74,-5.34,4.92
-5.74,-5.34,4.92
-5.75,-6.03,5.31
-5.75,-6.03,5.31
-5.75,-6.03,5.31
-6.23,-5.9,5.17
-6.17,-6.27,5.06
-6.17,-6.27,5.06
-6.3,-5.55,4.74
-6.3,-5.55,4.74
-6.3,-5.55,4.74
-5.84,-6.17,5.96
-5.84,-6.17,5.96
-5.84,-6.17,5.96
-5.4,-5.52,5.46
-5.4,-5.52,5.46
-5.4,-5.52,5.46
-4.31,-6.44,6.13
-4.42,-6.73,6.37
-4.42,-6.73,6.37
-3.9,-5.64,5.47
-3.9,-5.64,5.47
-3.9,-5.64,5.47
-4.32,-7.76,7.04
-4.32,-7.76,7.04
-4.32,-7.76,7.04
-3.98,-6.79,6.57
-3.98,-6.79,6.57
-3.98,-6.79,6.57
-3.32,-5.96,6.1
-3.32,-5.96,6.1
-3.32,-5.96,6.1
-3.22,-6.09,6.07
-3.22,-6.09,6.07
-3.22,-6.09,6.07
-2.92,-6.09,5.98
-2.92,-6.09,5.98
-2.92,-6.09,5.98
-2.54,-6.03,6.08
-2.54,-6.03,6.08
-2.54,-6.03,6.08
-1.55,-5.84,6.46
-1.7,-5.96,6.8
-1.7,-5.96,6.8
-1.93,-5.96,6.32
-1.93,-5.96,6.32
-1.93,-5.96,6.32
-2.19,-6.11,6.84
-2.19,-6.11,6.84
-2.19,-6.11,6.84
-2.71,-7.04,7.63
-2.89,-6.88,7.43
-2.89,-6.88,7.43
-3.02,-6.61,7.11
-3.0,-6.3,6.91
-3.0,-6.3,6.91
-3.24,-6.47,7.08
-3.24,-6.47,7.08
-3.24,-6.47,7.08
-3.31,-6.77,7.13
-3.31,-6.77,7.13
-3.31,-6.77,7.13
-3.17,-5.89,6.97
-3.17,-5.89,6.97
-3.24,-5.85,6.95
-3.37,-6.06,6.82
-3.37,-6.06,6.82
-3.37,-6.06,6.82
-3.33,-5.93,6.87
-3.33,-5.93,6.87
-3.33,-5.93,6.87
-3.95,-5.99,6.56
-3.95,-5.99,6.56
-3.95,-5.99,6.56
-3.72,-5.76,5.95
-3.72,-5.76,5.95
-3.85,-5.43,5.98
-4.13,-5.56,6.2
-4.2,-6.2,6.42
-4.2,-6.2,6.42
-3.51,-5.83,6.84
-3.51,-5.83,6.84
-3.51,-5.83,6.84
-2.76,-6.25,7.07
-2.76,-6.25,7.07
-2.76,-6.25,7.07
-2.7,-5.8,6.55
-2.78,-5.47,6.33
-2.78,-5.47,6.33
-3.07,-5.84,6.42
-3.07,-6.66,6.64
-3.07,-6.66,6.64
-2.78,-7.0,6.57
-2.78,-7.0,6.57
-3.41,-6.5,6.11
-3.41,-6.5,6.11
-3.41,-6.5,6.11
-3.46,-6.0,6.36
-3.46,-6.0,6.36
-3.46,-6.0,6.36
-2.55,-6.09,6.95
-2.55,-6.09,6.95
-2.55,-6.09,6.95
-3.06,-5.55,6.97
-3.06,-5.55,6.97
-3.06,-5.55,6.97
-3.05,-5.29,7.29
-3.05,-5.29,7.29
-3.05,-5.29,7.29
-3.38,-6.54,7.11
-3.38,-6.54,7.11
-3.38,-6.54,7.11
-3.46,-5.89,7.0
-3.46,-5.89,7.0
-3.46,-5.89,7.0
-3.1,-6.85,7.43
-3.1,-6.85,7.43
-3.1,-6.85,7.43
-2.7,-6.63,7.3
-2.7,-6.63,7.3
-2.59,-6.32,7.16
-2.28,-6.32,7.03
-2.28,-6.32,7.03
-2.28,-6.32,7.03
-2.69,-6.56,6.88
-2.69,-6.56,6.88
-2.69,-6.56,6.88
-3.1,-6.63,6.87
-3.1,-6.63,6.87
-3.1,-6.63,6.87
-3.29,-6.71,6.86
-3.29,-6.71,6.86
-3.29,-6.71,6.86
-2.66,-6.27,6.77
-2.66,-6.27,6.77
-2.66,-6.27,6.77
-2.65,-6.61,6.87
-2.65,-6.61,6.87
-2.65,-6.61,6.87
-2.53,-6.61,6.76
-2.53,-6.61,6.76
-2.53,-6.61,6.76
-2.96,-5.79,5.95
-2.96,-5.79,5.95
-2.96,-5.79,5.95
-3.12,-6.33,6.07
-3.15,-6.34,6.05
-3.15,-6.34,6.05
-3.3,-7.19,5.07
-3.3,-7.19,5.07
-3.3,-7.19,5.07
-3.15,-7.19,7.39
-3.15,-7.19,7.39
-3.15,-7.19,7.39
-2.99,-6.3,7.87
-2.99,-6.3,7.87
-3.18,-5.99,7.04
-2.55,-6.45,6.02
-2.55,-6.45,6.02
-2.55,-6.45,6.02
-2.1,-7.14,6.72
-2.1,-7.14,6.72
-2.1,-7.14,6.72
-2.61,-6.78,6.68
-2.61,-6.78,6.68
-2.61,-6.78,6.68
-2.86,-6.1,6.39
-2.86,-6.1,6.39
-2.89,-6.62,6.7
-3.05,-7.16,6.93
-3.05,-7.16,6.93
-3.08,-7.22,6.97
-2.83,-6.56,6.53
-2.83,-6.56,6.53
-2.83,-6.56,6.53
-2.69,-6.66,6.72
-2.69,-6.66,6.72
-2.69,-6.66,6.72
-2.94,-6.22,6.51
-2.94,-6.22,6.51
-2.94,-6.22,6.51
-3.01,-6.52,6.47
-2.97,-6.64,6.55
-2.97,-6.64,6.55
-2.97,-6.49,6.64
-2.97,-6.49,6.64
-2.97,-6.49,6.64
-2.97,-6.55,6.26
-2.97,-6.55,6.26
-2.97,-6.55,6.26
-2.87,-6.59,6.46
-2.87,-6.59,6.46
-2.87,-6.59,6.46
-3.1,-6.44,6.88
-3.1,-6.44,6.88
-3.1,-6.44,6.88
-3.29,-6.21,6.51
-3.29,-6.21,6.51
-3.29,-6.21,6.51
-3.11,-6.22,6.22
-3.11,-6.22,6.22
-3.11,-6.22,6.22
-2.96,-6.93,6.83
-2.96,-6.93,6.83
-3.11,-7.18,7.06
-3.09,-7.02,7.0
-3.09,-7.02,7.0
-2.89,-6.61,6.58
-2.97,-6.38,6.2
-2.97,-6.38,6.2
-2.97,-6.38,6.2
-3.29,-6.76,6.71
-3.29,-6.76,6.71
-3.29,-6.76,6.71
-3.22,-6.55,6.61
-3.22,-6.55,6.61
-3.36,-6.64,6.53
-3.36,-6.87,6.45
-3.13,-6.69,6.29
-3.13,-6.69,6.29
-3.31,-6.84,6.42
-3.31,-6.84,6.42
-3.31,-6.84,6.42
-3.29,-6.8,6.58
-3.29,-6.8,6.58
-3.29,-6.8,6.58
-3.64,-6.69,6.41
-3.64,-6.69,6.41
-3.64,-6.69,6.41
-3.48,-6.57,6.44
-3.33,-6.53,6.61
-3.33,-6.53,6.61
-3.0,-7.08,6.74
-3.0,-7.08,6.74
-3.0,-7.08,6.74
-2.87,-7.36,6.2
-2.87,-7.36,6.2
-2.87,-7.36,6.2
-2.7,-7.13,6.54
-2.7,-7.13,6.54
-2.7,-7.13,6.54
-2.32,-7.36,7.0
-2.32,-7.36,7.0
-2.32,-7.36,7.0
-2.62,-6.84,6.44
-2.62,-6.84,6.44
-2.62,-6.84,6.44
-2.46,-7.42,6.65
-2.46,-7.42,6.65
-2.47,-6.73,6.64
-2.47,-6.73,6.64
-2.77,-6.82,6.44
-2.77,-7.04,5.97
-2.67,-7.14,5.91
-2.67,-7.14,5.91
-2.21,-8.25,5.91
-2.21,-8.25,5.91
-2.21,-8.25,5.91
-1.84,-8.02,5.69
-1.84,-8.02,5.69
-1.84,-8.02,5.69
-2.01,-7.39,6.38
-2.01,-7.39,6.38
-2.16,-7.8,6.64
-2.16,-7.8,6.64
-1.93,-7.71,6.44
-2.69,-7.56,5.6
-2.69,-7.56,5.6
-2.69,-7.56,5.6
-2.5,-7.65,5.42
-2.5,-7.65,5.42
-2.5,-7.65,5.42
-1.86,-7.95,5.71
-1.86,-7.95,5.71
-1.86,-7.95,5.71
-2.23,-7.61,5.0
-2.23,-7.61,5.0
-2.23,-7.61,5.0
-1.86,-8.15,4.73
-1.86,-8.15,4.73
-1.86,-8.15,4.73
-2.0,-8.88,5.28
-2.0,-8.88,5.28
-2.0,-8.88,5.28
-2.21,-8.42,4.81
-2.21,-8.42,4.81
-2.29,-8.18,4.3
-1.42,-8.62,4.09
-1.42,-8.62,4.09
-1.42,-8.62,4.09
-1.11,-8.99,4.23
-1.11,-8.99,4.23
-1.11,-8.99,4.23
-0.94,-8.9,3.97
-0.94,-8.9,3.97
-0.94,-8.9,3.97
-0.46,-9.35,3.8
-0.46,-9.35,3.8
-0.88,-9.45,3.78
-1.59,-8.59,3.4
-1.59,-8.59,3.4
-1.59,-8.59,3.4
-1.52,-9.63,3.31
-1.52,-9.63,3.31
-1.52,-9.63,3.31
-1.39,-9.61,3.1
-1.39,-9.61,3.1
-1.39,-9.61,3.1
-1.8,-9.95,2.23
-1.8,-9.95,2.23
-1.8,-9.95,2.23
-1.83,-10.1,1.68
-1.81,-10.57,1.09
-1.81,-10.57,1.09
-1.72,-10.58,1.05
-1.72,-10.58,1.05
-1.72,-10.58,1.05
-1.52,-10.37,1.07
-1.52,-10.37,1.07
-1.52,-10.37,1.07
-1.01,-9.74,0.88
-1.01,-9.74,0.88
-0.59,-9.61,0.6
-0.31,-9.35,-0.23
-0.31,-9.35,-0.23
-0.31,-9.35,-0.23
0.46,-10.16,-0.5
0.46,-10.16,-0.5
0.46,-10.16,-0.5
-0.42,-8.03,-0.65
-0.42,-8.03,-0.65
-0.42,-8.03,-0.65
-1.09,-8.46,-0.77
-1.09,-8.46,-0.77
-0.91,-9.37,-0.83
-0.81,-7.01,-3.47
-0.81,-7.01,-3.47
-0.81,-7.01,-3.47
-0.53,-9.02,-3.39
-0.53,-9.02,-3.39
-0.53,-9.02,-3.39
-0.2,-8.62,-2.47
-0.2,-8.62,-2.47
-0.2,-8.62,-2.47
0.28,-8.3,-3.22
0.38,-8.35,-3.72
1.1,-7.95,-4.38
1.1,-7.95,-4.38
1.1,-7.95,-4.38
1.03,-8.22,-4.68
1.03,-8.22,-4.68
1.03,-8.22,-4.68
0.9,-7.17,-4.56
0.9,-7.17,-4.56
0.9,-7.17,-4.56
0.69,-7.15,-4.88
0.69,-7.15,-4.88
1.22,-6.37,-5.24
1.86,-7.69,-5.11
1.86,-7.69,-5.11
1.86,-7.69,-5.11
2.48,-7.95,-5.16
2.48,-7.95,-5.16
2.48,-7.95,-5.16
2.55,-8.34,-4.86
2.55,-8.34,-4.86
2.55,-8.34,-4.86
2.56,-7.28,-5.19
2.56,-7.28,-5.19
2.15,-6.98,-5.29
2.1,-6.12,-5.13
2.1,-6.12,-5.13
2.1,-6.12,-5.13
2.32,-5.85,-4.88
2.32,-5.85,-4.88
2.32,-5.85,-4.88
2.07,-5.46,-5.62
2.07,-5.46,-5.62
2.07,-5.46,-5.62
2.96,-6.41,-5.52
2.96,-6.41,-5.52
2.29,-6.0,-5.53
2.43,-5.95,-5.53
2.48,-5.57,-5.44
2.48,-5.57,-5.44
2.67,-6.0,-6.11
2.67,-6.0,-6.11
2.67,-6.0,-6.11
1.99,-5.53,-6.41
1.99,-5.53,-6.41
2.44,-6.1,-6.4
2.65,-6.76,-6.19
1.98,-6.38,-6.43
2.27,-6.46,-6.82
2.27,-6.46,-6.82
2.27,-6.46,-6.82
2.36,-6.32,-6.52
2.36,-6.32,-6.52
2.36,-6.32,-6.52
2.4,-6.55,-6.7
2.4,-6.55,-6.7
2.4,-6.55,-6.7
1.92,-6.42,-6.94
2.27,-6.5,-6.83
2.27,-6.5,-6.83
2.15,-6.74,-6.72
2.15,-6.74,-6.72
2.15,-6.74,-6.72
1.79,-6.8,-6.42
1.79,-6.8,-6.42
1.79,-6.8,-6.42
2.06,-6.83,-6.32
2.06,-6.83,-6.32
2.06,-6.83,-6.32
1.73,-6.5,-6.96
1.73,-6.5,-6.96
1.64,-6.42,-6.71
1.84,-6.57,-6.57
1.84,-6.57,-6.57
1.84,-6.57,-6.57
1.87,-6.73,-6.82
1.87,-6.73,-6.82
1.87,-6.73,-6.82
1.79,-6.8,-6.29
1.79,-6.8,-6.29
1.79,-6.8,-6.29
2.24,-6.95,-6.24
2.24,-6.95,-6.24
1.74,-6.48,-6.52
1.69,-6.66,-6.66
1.69,-6.66,-6.66
1.69,-6.66,-6.66
1.96,-6.33,-6.52
1.96,-6.33,-6.52
1.96,-6.33,-6.52
1.35,-6.4,-6.98
1.35,-6.4,-6.98
1.55,-6.49,-6.74
1.42,-6.46,-6.62
1.46,-6.15,-6.48
1.46,-6.15,-6.48
1.36,-6.81,-6.82
1.36,-6.81,-6.82
1.45,-6.45,-6.9
1.45,-6.45,-6.9
1.45,-6.45,-6.9
1.6,-6.63,-6.57
1.55,-6.45,-6.44
1.51,-6.67,-6.42
1.55,-6.77,-6.45
1.55,-6.77,-6.45
1.4,-6.39,-6.64
1.4,-6.39,-6.64
1.4,-6.39,-6.64
1.51,-6.68,-6.51
1.51,-6.68,-6.51
1.51,-6.68,-6.51
1.28,-6.89,-6.48
1.28,-6.89,-6.48
1.24,-6.83,-6.71
1.25,-6.56,-6.87
1.46,-6.66,-6.68
1.46,-6.66,-6.68
1.44,-7.08,-6.46
1.44,-7.08,-6.46
1.44,-7.08,-6.46
1.25,-6.41,-6.65
1.25,-6.41,-6.65
1.25,-6.41,-6.65
1.2,-6.85,-6.71
1.2,-6.85,-6.71
1.24,-6.78,-6.75
1.3,-6.7,-6.74
1.3,-6.7,-6.74
1.24,-6.67,-6.62
1.23,-6.44,-6.71
1.23,-6.44,-6.71
1.23,-6.44,-6.71
1.48,-6.3,-6.41
1.48,-6.3,-6.41
1.48,-6.3,-6.41
1.25,-6.44,-6.61
1.25,-6.44,-6.61
1.25,-6.44,-6.61
1.22,-6.91,-6.71
1.22,-6.91,-6.71
1.26,-6.81,-6.62
1.18,-6.43,-6.54
1.18,-6.43,-6.54
1.18,-6.43,-6.54
1.1,-6.35,-6.38
1.1,-6.35,-6.38
1.1,-6.35,-6.38
1.31,-6.88,-6.46
1.31,-6.88,-6.46
1.31,-6.88,-6.46
1.4,-7.0,-6.68
1.4,-7.0,-6.68
1.4,-7.0,-6.68
1.34,-6.7,-6.44
1.34,-6.7,-6.44
1.34,-6.7,-6.44
0.98,-6.8,-6.39
0.98,-6.8,-6.39
0.98,-6.8,-6.39
1.12,-6.8,-6.43
1.06,-6.77,-6.49
1.06,-6.77,-6.49
1.02,-6.69,-6.5
1.02,-6.69,-6.5
1.02,-6.69,-6.5
1.18,-6.98,-6.57
1.18,-6.98,-6.57
1.24,-6.97,-6.15
1.24,-6.97,-6.15
1.24,-6.97,-6.15
1.45,-6.82,-6.13
1.45,-6.82,-6.13
1.45,-6.82,-6.13
1.38,-6.63,-6.18
1.38,-6.63,-6.18
1.38,-6.63,-6.18
1.06,-7.29,-6.89
1.06,-7.29,-6.89
1.06,-7.29,-6.89
1.48,-7.04,-6.24
1.48,-7.04,-6.24
1.48,-7.04,-6.24
1.35,-6.72,-6.33
1.35,-6.72,-6.33
1.35,-6.72,-6.33
1.54,-6.48,-6.33
1.21,-6.95,-6.36
1.21,-6.95,-6.36
0.94,-6.49,-6.64
0.94,-6.49,-6.64
0.94,-6.49,-6.64
1.23,-7.38,-6.09
1.23,-7.38,-6.09
1.23,-7.38,-6.09
1.19,-6.96,-6.44
1.19,-6.96,-6.44
1.53,-6.54,-6.22
1.75,-6.93,-5.84
1.59,-7.22,-6.14
1.59,-7.22,-6.14
1.25,-6.44,-6.67
1.25,-6.44,-6.67
1.25,-6.44,-6.67
1.25,-5.92,-6.53
1.25,-5.92,-6.53
1.25,-5.92,-6.53
1.52,-8.0,-5.34
1.52,-8.0,-5.34
0.77,-7.92,-5.03
0.31,-5.48,-6.03
0.31,-5.48,-6.03
0.31,-5.48,-6.03
1.24,-7.41,-6.8
1.24,-7.41,-6.8
1.24,-7.41,-6.8
1.68,-7.12,-6.51
1.68,-7.12,-6.51
1.68,-7.12,-6.51
1.49,-8.18,-4.82
1.47,-7.84,-4.94
1.47,-7.84,-4.94
1.13,-7.11,-5.97
1.13,-7.11,-5.97
1.13,-7.11,-5.97
1.1,-6.73,-6.07
1.1,-6.73,-6.07
1.1,-6.73,-6.07
0.63,-7.41,-5.73
0.63,-7.41,-5.73
0.63,-7.41,-5.73
1.0,-7.09,-5.14
1.0,-7.09,-5.14
1.22,-6.96,-5.35
1.53,-8.03,-5.09
1.53,-8.03,-5.09
1.53,-8.03,-5.09
0.72,-7.7,-5.71
0.72,-7.7,-5.71
0.72,-7.7,-5.71
1.26,-7.74,-5.34
1.26,-7.74,-5.34
1.26,-7.74,-5.34
1.66,-7.42,-4.91
1.66,-7.42,-4.91
1.66,-7.42,-4.91
1.16,-7.7,-5.74
1.16,-7.7,-5.74
1.16,-7.7,-5.74
1.89,-8.41,-4.73
1.89,-8.41,-4.73
1.89,-8.41,-4.73
1.09,-7.48,-4.85
1.09,-7.48,-4.85
1.09,-7.48,-4.85
0.31,-8.3,-5.59
0.31,-8.3,-5.59
0.31,-8.3,-5.59
1.05,-8.13,-5.18
1.45,-8.01,-4.8
1.45,-8.01,-4.8
0.78,-8.07,-4.53
0.78,-8.07,-4.53
0.78,-8.07,-4.53
0.2,-7.36,-4.66
0.2,-7.36,-4.66
0.2,-7.36,-4.66
1.63,-7.93,-5.41
1.63,-7.93,-5.41
1.63,-7.93,-5.41
1.21,-9.84,-5.32
1.21,-9.84,-5.32
1.21,-9.84,-5.32
0.63,-10.17,-5.82
0.63,-10.17,-5.82
0.63,-10.17,-5.82
2.28,-6.66,-5.23
2.28,-6.66,-5.23
1.07,-7.14,-5.17
0.61,-6.53,-4.26
0.61,-6.53,-4.26
1.9,-6.52,-4.34
2.1,-6.99,-5.1
2.1,-6.99,-5.1
2.1,-6.99,-5.1
0.71,-7.68,-5.04
0.71,-7.68,-5.04
0.71,-7.68,-5.04
1.92,-7.17,-5.07
1.92,-7.17,-5.07
0.56,-8.97,-5.02
-1.19,-9.21,-5.35
-1.19,-9.21,-5.35
-0.69,-9.3,-6.48
-0.03,-10.52,-6.49
-0.03,-10.52,-6.49
-0.03,-10.52,-6.49
1.19,-9.01,-5.76
1.19,-9.01,-5.76
1.19,-9.01,-5.76
0.55,-9.42,-5.78
0.55,-9.42,-5.78
0.55,-9.42,-5.78
1.48,-4.49,-6.45
1.48,-4.49,-6.45
-0.66,-5.78,-6.08
2.96,-7.14,-5.13
2.96,-7.14,-5.13
2.96,-7.14,-5.13
-0.15,-2.87,-8.23
-0.15,-2.87,-8.23
-0.15,-2.87,-8.23
1.67,-8.18,-6.05
1.67,-8.18,-6.05
1.67,-8.18,-6.05
-0.22,-3.23,-7.52
-0.22,-3.23,-7.52
0.15,-5.72,-6.88
-0.34,-4.41,-6.89
-0.34,-4.41,-6.89
-0.34,-4.41,-6.89
0.34,-5.82,-7.21
0.34,-5.82,-7.21
0.34,-5.82,-7.21
-0.79,-5.98,-7.6
-0.79,-5.98,-7.6
-0.25,-5.78,-7.63
-0.28,-6.02,-7.46
-0.28,-6.02,-7.46
-0.28,-6.02,-7.46
-0.44,-6.76,-7.16
-0.44,-6.76,-7.16
-0.44,-6.76,-7.16
1.03,-4.2,-6.59
1.03,-4.2,-6.59
1.03,-4.2,-6.59
-1.53,-7.81,-7.98
-1.53,-7.81,-7.98
-1.99,-5.32,-7.26
-1.99,-5.32,-7.26
-1.99,-5.32,-7.26
-0.96,-6.75,-6.37
-0.96,-6.75,-6.37
-0.96,-6.75,-6.37
-1.89,-6.53,-7.56
-1.89,-6.53,-7.56
1.76,-5.91,-7.53
1.76,-5.91,-7.53
1.76,-5.91,-7.53
1.22,-5.55,-6.61
1.22,-5.55,-6.61
1.22,-5.55,-6.61
-1.98,-4.88,-7.48
-1.98,-4.88,-7.48
-1.98,-4.88,-7.48
0.74,-6.43,-6.3
0.74,-6.43,-6.3
0.74,-6.43,-6.3
-0.92,-5.01,-7.8
-0.92,-5.01,-7.8
-0.92,-5.01,-7.8
-0.16,-5.87,-7.19
-0.16,-5.87,-7.19
-1.24,-4.74,-7.99
-0.64,-7.65,-6.49
-0.64,-7.65,-6.49
-0.64,-7.65,-6.49
-1.14,-4.27,-7.16
-1.14,-4.27,-7.16
-1.14,-4.27,-7.16
-0.33,-7.11,-6.67
-0.33,-7.11,-6.67
-1.62,-5.03,-7.44
-0.12,-4.26,-7.61
-0.12,-4.26,-7.61
0.84,-5.93,-7.44
-1.17,-5.89,-7.72
-1.17,-5.89,-7.72
-1.17,-5.89,-7.72
0.52,-5.63,-7.2
0.52,-5.63,-7.2
0.52,-5.63,-7.2
-1.08,-5.6,-7.56
-1.08,-5.6,-7.56
-0.56,-6.31,-7.25
-0.04,-5.25,-7.48
-0.04,-5.25,-7.48
-0.04,-5.25,-7.48
-0.34,-5.67,-6.94
-0.34,-5.67,-6.94
-0.34,-5.67,-6.94
-0.3,-5.47,-7.51
-0.3,-5.47,-7.51
-0.3,-5.47,-7.51
-0.99,-6.03,-6.91
-0.99,-6.03,-6.91
0.09,-5.41,-7.11
-1.08,-6.35,-7.13
-1.08,-6.35,-7.13
-1.08,-6.35,-7.13
-0.09,-5.15,-7.4
-0.09,-5.15,-7.4
-0.09,-5.15,-7.4
-0.62,-6.33,-7.5
-0.62,-6.33,-7.5
-0.62,-6.33,-7.5
-0.03,-5.22,-7.42
-0.03,-5.22,-7.42
-1.27,-6.03,-7.44
0.29,-5.07,-7.13
0.29,-5.07,-7.13
0.29,-5.07,-7.13
-0.7,-5.71,-7.78
-0.7,-5.71,-7.78
-0.7,-5.71,-7.78
0.07,-5.87,-7.28
0.07,-5.87,-7.28
0.07,-5.87,-7.28
-0.86,-5.27,-7.48
-0.86,-5.27,-7.48
-0.79,-5.5,-6.98
-0.79,-5.5,-6.98
-0.79,-5.5,-6.98
0.14,-5.85,-7.47
0.14,-5.85,-7.47
0.14,-5.85,-7.47
-1.25,-5.07,-7.44
-1.25,-5.07,-7.44
-1.25,-5.07,-7.44
-0.29,-6.23,-7.35
-0.27,-5.97,-6.98
-0.27,-5.97,-6.98
-0.39,-4.88,-7.39
-0.39,-4.88,-7.39
-0.51,-4.78,-7.76
-1.01,-6.2,-7.25
-1.01,-6.2,-7.25
-1.01,-6.2,-7.25
0.13,-4.95,-7.41
0.13,-4.95,-7.41
0.13,-4.95,-7.41
-1.68,-5.78,-7.16
-0.37,-4.8,-7.22
-0.37,-4.8,-7.22
-0.98,-6.42,-7.86
-0.98,-6.42,-7.86
-0.98,-6.42,-7.86
0.52,-4.91,-7.41
0.52,-4.91,-7.41
0.52,-4.91,-7.41
-1.53,-5.72,-7.6
-1.53,-5.72,-7.6
-1.53,-5.72,-7.6
0.0,-4.97,-6.89
-0.58,-5.63,-7.32
-0.58,-5.63,-7.32
-0.61,-5.3,-7.14
-0.61,-5.3,-7.14
-0.61,-5.3,-7.14
-0.06,-5.49,-7.91
-0.06,-5.49,-7.91
-0.06,-5.49,-7.91
-0.55,-6.11,-7.61
-0.55,-6.11,-7.61
-0.55,-6.11,-7.61
-0.29,-5.03,-7.34
-0.29,-5.03,-7.34
-0.77,-5.38,-7.67
-0.02,-5.65,-7.12
-0.02,-5.65,-7.12
-0.02,-5.65,-7.12
-1.31,-5.74,-7.8
-1.31,-5.74,-7.8
-1.31,-5.74,-7.8
0.38,-5.23,-7.33
0.38,-5.23,-7.33
0.38,-5.23,-7.33
-0.56,-5.54,-7.85
0.03,-5.15,-7.55
0.03,-5.15,-7.55
-1.7,-5.98,-7.27
-1.7,-5.98,-7.27
-1.7,-5.98,-7.27
-0.41,-5.55,-7.47
-0.41,-5.55,-7.47
-0.41,-5.55,-7.47
-0.85,-5.56,-7.34
-0.85,-5.56,-7.34
-0.85,-5.56,-7.34
-0.64,-5.21,-7.16
-0.64,-5.21,-7.16
-1.34,-6.4,-6.92
0.15,-4.86,-7.61
0.15,-4.86,-7.61
0.15,-4.86,-7.61
-1.13,-6.79,-7.21
-1.13,-6.79,-7.21
-1.13,-6.79,-7.21
-0.03,-5.03,-7.48
-0.03,-5.03,-7.48
-0.03,-5.03,-7.48
-1.42,-6.46,-7.13
-0.44,-5.15,-7.12
-0.44,-5.15,-7.12
-1.16,-5.88,-7.36
-1.16,-5.88,-7.36
0.27,-5.24,-7.39
0.27,-5.24,-7.39
0.27,-5.24,-7.39
-1.21,-6.37,-7.34
-1.21,-6.37,-7.34
-1.21,-6.37,-7.34
-0.05,-5.03,-7.28
-0.05,-5.03,-7.28
-0.9,-5.9,-7.25
0.32,-5.27,-7.34
0.32,-5.27,-7.34
0.32,-5.27,-7.34
-1.37,-6.29,-7.53
-1.37,-6.29,-7.53
-1.37,-6.29,-7.53
-0.02,-5.02,-7.08
-0.02,-5.02,-7.08
-0.02,-5.02,-7.08
-0.16,-5.94,-7.44
-0.16,-5.94,-7.44
-0.16,-5.94,-7.44
-0.52,-5.47,-7.45
-0.52,-5.47,-7.45
-0.52,-5.47,-7.45
-0.4,-5.67,-7.17
-0.4,-5.67,-7.17
-0.4,-5.67,-7.17
-0.56,-5.53,-7.34
-0.56,-5.53,-7.34
-0.56,-5.53,-7.34
-0.93,-5.91,-7.6
-0.93,-5.91,-7.6
-0.37,-5.31,-7.15
-0.43,-5.87,-7.54
-0.43,-5.87,-7.54
-0.43,-5.87,-7.54
-0.62,-5.43,-7.28
-0.62,-5.43,-7.28
-0.62,-5.43,-7.28
-0.64,-6.03,-7.28
-0.64,-6.03,-7.28
-1.11,-5.89,-7.61
0.21,-5.42,-6.98
0.21,-5.42,-6.98
0.21,-5.42,-6.98
-1.42,-5.85,-7.99
-1.42,-5.85,-7.99
-1.42,-5.85,-7.99
0.21,-5.59,-6.96
0.21,-5.59,-6.96
0.21,-5.59,-6.96
-0.97,-5.48,-7.4
-0.97,-5.48,-7.4
-0.97,-5.48,-7.4
-0.89,-5.81,-7.55
-0.89,-5.81,-7.55
-0.89,-5.81,-7.55
-0.44,-5.87,-7.4
-0.44,-5.87,-7.4
-0.44,-5.87,-7.4
-0.24,-5.42,-7.39
-0.24,-5.42,-7.39
-0.24,-5.42,-7.39
-1.38,-5.78,-7.58
-1.38,-5.78,-7.58
-1.38,-5.78,-7.58
0.42,-5.52,-7.1
0.42,-5.52,-7.1
-0.74,-5.75,-7.57
-0.09,-5.6,-7.07
-0.09,-5.6,-7.07
-0.09,-5.6,-7.07
-0.65,-5.59,-7.82
-0.65,-5.59,-7.82
-0.65,-5.59,-7.82
-0.57,-6.1,-7.0
-0.57,-6.1,-7.0
-0.57,-6.1,-7.0
-1.54,-5.8,-7.56
-1.54,-5.8,-7.56
-1.54,-5.8,-7.56
0.24,-5.36,-7.02
0.24,-5.36,-7.02
0.24,-5.36,-7.02
-1.24,-5.78,-7.84
-1.24,-5.78,-7.84
-1.24,-5.78,-7.84
0.76,-5.29,-6.94
0.76,-5.29,-6.94
0.76,-5.29,-6.94
-1.87,-5.97,-7.88
-0.2,-5.7,-7.27
-0.2,-5.7,-7.27
-0.91,-5.02,-7.39
-0.91,-5.02,-7.39
-0.91,-5.02,-7.39
-0.33,-6.06,-7.16
-0.33,-6.06,-7.16
-0.33,-6.06,-7.16
-0.95,-5.22,-7.64
-0.95,-5.22,-7.64
-1.25,-5.41,-7.63
0.38,-5.37,-7.09
0.49,-5.2,-7.4
0.49,-5.2,-7.4
2.0,-4.71,-8.76
2.0,-4.71,-8.76
2.0,-4.71,-8.76
-29.13,-0.81,-7.26
-29.13,-0.81,-7.26
