aX,aY,aZ
-21.68,-6.86,-8.28
8.46,-5.21,1.74
8.46,-5.21,1.74
8.46,-5.21,1.74
7.07,-7.78,-12.75
7.07,-7.78,-12.75
7.07,-7.78,-12.75
4.09,-9.1,-7.77
4.09,-9.1,-7.77
4.41,-8.16,-7.93
1.29,-5.66,-7.71
1.29,-5.66,-7.71
1.29,-5.66,-7.71
0.33,-6.77,-7.37
0.33,-6.77,-7.37
0.33,-6.77,-7.37
1.26,-5.47,-6.85
1.26,-5.47,-6.85
1.66,-5.16,-7.26
1.9,-5.08,-7.72
1.9,-5.08,-7.72
1.8,-5.56,-7.9
2.24,-5.31,-7.52
2.24,-5.31,-7.52
2.24,-5.31,-7.52
1.76,-4.7,-8.06
1.76,-4.7,-8.06
1.76,-4.7,-8.06
1.62,-5.55,-7.58
1.62,-5.55,-7.58
1.64,-5.82,-7.25
1.15,-4.66,-7.57
1.15,-4.66,-7.57
1.15,-4.66,-7.57
1.86,-5.29,-7.39
1.86,-5.29,-7.39
1.86,-5.29,-7.39
1.76,-5.66,-7.51
1.76,-5.66,-7.51
1.76,-5.66,-7.51
1.84,-5.33,-7.77
1.84,-5.33,-7.77
1.84,-5.33,-7.77
1.42,-6.17,-7.41
1.42,-6.17,-7.41
1.54,-5.97,-7.36
1.57,-5.4,-7.43
1.57,-5.4,-7.43
1.7,-5.93,-7.33
1.7,-5.93,-7.33
1.7,-5.93,-7.33
1.91,-5.59,-7.28
1.91,-5.59,-7.28
1.91,-5.59,-7.28
1.56,-5.97,-7.53
1.56,-5.97,-7.53
1.56,-5.97,-7.53
1.72,-6.02,-7.21
1.72,-6.02,-7.21
1.72,-6.02,-7.21
1.56,-5.95,-7.4
1.56,-5.95,-7.4
1.56,-5.95,-7.4
1.3,-6.12,-7.41
1.3,-6.12,-7.41
1.3,-6.12,-7.41
1.38,-5.83,-7.13
1.38,-5.83,-7.13
1.38,-5.83,-7.13
1.3,-6.11,-7.32
1.3,-6.11,-7.32
1.3,-6.11,-7.32
1.7,-5.57,-7.38
1.7,-5.57,-7.38
1.7,-5.57,-7.38
1.76,-5.88,-7.36
1.76,-5.88,-7.36
1.76,-5.88,-7.36
1.72,-6.1,-7.26
1.76,-5.78,-7.13
1.76,-5.78,-7.13
1.81,-5.47,-7.38
1.81,-5.47,-7.38
1.81,-5.47,-7.38
1.77,-5.92,-7.21
1.77,-5.92,-7.21
1.77,-5.92,-7.21
1.83,-5.05,-7.38
1.83,-5.05,-7.38
1.83,-5.05,-7.38
1.57,-6.29,-7.32
1.57,-6.29,-7.32
1.57,-6.29,-7.32
1.37,-6.24,-7.35
1.37,-6.24,-7.35
1.37,-6.24,-7.35
1.53,-5.87,-7.2
1.53,-5.87,-7.2
1.53,-5.87,-7.2
1.22,-5.55,-6.87
1.22,-5.55,-6.87
1.22,-5.55,-6.87
1.29,-5.1,-6.66
1.29,-5.1,-6.66
1.52,-4.91,-6.67
1.54,-5.42,-6.22
1.54,-5.42,-6.22
1.54,-5.42,-6.22
1.55,-4.98,-6.36
1.55,-4.98,-6.36
1.55,-4.98,-6.36
1.7,-5.9,-6.83
1.7,-5.9,-6.83
1.61,-6.06,-6.91
2.31,-6.37,-7.12
2.31,-6.37,-7.12
2.43,-5.9,-7.66
2.46,-6.8,-6.8
2.46,-6.8,-6.8
2.46,-6.8,-6.8
3.04,-6.3,-6.63
3.04,-6.3,-6.63
3.04,-6.3,-6.63
2.41,-6.67,-6.37
2.41,-6.67,-6.37
2.41,-6.67,-6.37
2.66,-7.03,-6.7
2.66,-7.03,-6.7
2.66,-7.03,-6.7
3.2,-6.48,-6.4
3.2,-6.48,-6.4
3.2,-6.48,-6.4
2.73,-6.09,-5.82
2.73,-6.09,-5.82
2.73,-6.09,-5.82
1.69,-6.28,-5.29
1.69,-6.28,-5.29
1.69,-6.28,-5.29
1.38,-6.46,-4.24
1.4,-5.63,-4.08
1.4,-5.63,-4.08
1.25,-5.16,-3.81
1.25,-5.16,-3.81
1.25,-5.16,-3.81
2.25,-5.79,-2.87
2.25,-5.79,-2.87
2.25,-5.79,-2.87
2.81,-6.32,-2.66
2.81,-6.32,-2.66
2.81,-6.32,-2.66
3.61,-8.64,-1.7
3.61,-8.64,-1.7
3.61,-8.64,-1.7
4.31,-8.84,-1.32
4.31,-8.84,-1.32
4.31,-8.84,-1.32
4.88,-9.66,-0.9
4.88,-9.66,-0.9
4.88,-9.66,-0.9
5.44,-10.25,-0.21
5.44,-10.25,-0.21
5.26,-10.01,0.57
5.25,-9.91,1.07
5.25,-9.91,1.07
5.69,-10.28,0.98
5.32,-10.2,1.15
5.32,-10.2,1.15
5.32,-10.2,1.15
5.01,-10.48,1.29
5.01,-10.48,1.29
5.01,-10.48,1.29
5.11,-10.46,9.08
5.11,-10.46,9.08
5.11,-10.46,9.08
4.65,-10.2,4.04
4.01,-10.2,4.26
4.01,-10.2,4.26
3.42,-9.94,4.19
3.42,-9.94,4.19
3.42,-9.94,4.19
3.33,-9.11,3.37
3.33,-9.11,3.37
3.33,-9.11,3.37
2.55,-8.66,2.96
2.55,-8.66,2.96
2.27,-8.91,3.74
1.79,-9.48,4.36
1.79,-9.48,4.36
1.79,-9.48,4.36
1.0,-8.14,3.7
1.0,-8.14,3.7
1.0,-8.14,3.7
0.75,-8.17,3.77
0.75,-8.17,3.77
0.75,-8.17,3.77
0.65,-9.13,4.36
0.65,-9.13,4.36
0.65,-9.13,4.36
1.04,-8.65,3.63
1.04,-8.65,3.63
1.04,-8.65,3.63
0.74,-8.36,4.17
0.74,-8.36,4.17
0.74,-8.36,4.17
-0.4,-9.17,4.28
-0.4,-9.17,4.28
-0.4,-9.17,4.28
-1.03,-8.77,4.69
-1.03,-8.77,4.69
-1.2,-8.84,4.73
-2.65,-9.66,4.61
-2.65,-9.66,4.61
-2.65,-9.66,4.61
-2.98,-9.66,4.19
-2.98,-9.66,4.19
-2.98,-9.66,4.19
-2.06,-8.88,3.36
-2.06,-8.88,3.36
-5.03,-9.53,3.23
-5.03,-9.53,3.23
-5.03,-9.53,3.23
-3.92,-8.64,4.39
-3.92,-8.64,4.39
-3.92,-8.64,4.39
-3.23,-8.07,4.31
-3.23,-8.07,4.31
-3.23,-8.07,4.31
-2.82,-8.19,4.31
-2.82,-8.19,4.31
-2.82,-8.19,4.31
-2.85,-7.64,3.99
-2.85,-7.64,3.99
-2.85,-7.64,3.99
-2.62,-7.99,3.74
-2.62,-7.99,3.74
-2.62,-7.99,3.74
-2.13,-8.12,4.22
-2.13,-8.12,4.22
-2.13,-8.12,4.22
-2.32,-7.43,4.53
-2.32,-7.43,4.53
-2.32,-7.43,4.53
-2.54,-8.12,4.95
-2.54,-8.12,4.95
-2.54,-8.12,4.95
-2.35,-7.54,4.48
-2.35,-7.54,4.48
-2.35,-7.54,4.48
-2.49,-7.95,4.2
-2.49,-7.95,4.2
-2.49,-7.95,4.2
-2.77,-8.23,4.39
-2.77,-8.23,4.39
-2.77,-8.23,4.39
-2.7,-8.39,4.18
-2.7,-8.39,4.18
-2.88,-8.26,4.04
-2.82,-8.48,4.13
-2.82,-8.48,4.13
-2.82,-8.48,4.13
-3.0,-8.5,4.09
-3.0,-8.5,4.09
-3.0,-8.5,4.09
-2.81,-8.97,4.31
-2.81,-8.97,4.31
-2.81,-8.97,4.31
-2.92,-8.78,4.1
-2.92,-8.78,4.1
-2.73,-8.65,4.19
-2.88,-8.75,4.19
-2.88,-8.75,4.19
-2.88,-8.75,4.19
-2.83,-8.38,4.2
-2.83,-8.38,4.2
-2.83,-8.38,4.2
-2.73,-8.15,4.19
-2.73,-8.15,4.19
-2.67,-7.84,4.15
-2.71,-7.48,3.99
-2.7,-7.33,4.0
-2.7,-7.33,4.0
-2.71,-8.36,4.36
-2.71,-8.36,4.36
-2.71,-8.36,4.36
-2.35,-7.96,3.95
-2.35,-7.96,3.95
-2.35,-7.96,3.95
-2.12,-8.45,3.72
-2.12,-8.45,3.72
-2.01,-8.88,3.67
-2.04,-9.03,3.49
-2.04,-9.03,3.49
-1.96,-9.09,3.54
-1.99,-8.97,3.24
-1.99,-8.97,3.24
-1.99,-8.97,3.24
-2.06,-8.98,3.27
-2.06,-8.98,3.27
-2.06,-8.98,3.27
-1.81,-8.76,3.42
-1.81,-8.76,3.42
-1.81,-8.76,3.42
-1.94,-8.24,3.41
-1.94,-8.24,3.41
-1.99,-8.28,3.5
-1.8,-8.31,3.86
-1.8,-8.31,3.86
-1.8,-8.31,3.86
-1.81,-7.92,3.73
-1.81,-7.92,3.73
-1.81,-7.92,3.73
-2.02,-8.32,3.78
-2.02,-8.32,3.78
-2.02,-8.32,3.78
-1.8,-8.79,4.03
-1.8,-8.79,4.03
-1.8,-8.79,4.03
-1.82,-8.29,3.71
-1.82,-8.29,3.71
-1.82,-8.29,3.71
-1.7,-8.72,3.89
-1.7,-8.72,3.89
-1.7,-8.72,3.89
-1.99,-8.66,4.52
-1.99,-8.66,4.52
-1.99,-8.66,4.52
-2.2,-9.16,5.09
-2.2,-9.16,5.09
-2.41,-8.87,4.53
-2.16,-8.35,3.83
-2.16,-8.35,3.83
-2.16,-8.35,3.83
-2.08,-8.56,4.44
-2.08,-8.56,4.44
-2.08,-8.56,4.44
-2.3,-9.26,4.55
-2.3,-9.26,4.55
-2.3,-9.26,4.55
-1.66,-10.11,3.11
-1.66,-10.11,3.11
-1.66,-10.11,3.11
-0.31,-9.67,2.46
-0.31,-9.67,2.46
-0.37,-8.73,2.31
-0.37,-8.73,2.31
-0.37,-8.73,2.31
-0.71,-8.95,2.51
-0.71,-8.95,2.51
-0.71,-8.95,2.51
-0.82,-9.05,2.14
-0.82,-9.05,2.14
-0.82,-9.05,2.14
-0.8,-8.73,1.99
-0.8,-8.73,1.99
-0.8,-8.73,1.99
-0.56,-9.31,2.42
-0.56,-9.31,2.42
-0.56,-9.31,2.42
-0.79,-9.29,2.77
-0.79,-9.29,2.77
-0.79,-9.29,2.77
-0.92,-9.17,2.46
-0.92,-9.17,2.46
-1.07,-8.99,2.1
-0.93,-8.88,1.78
-0.93,-8.88,1.78
-0.93,-8.88,1.78
-0.71,-8.73,2.15
-0.71,-8.73,2.15
-0.71,-8.73,2.15
-1.17,-9.17,2.48
-1.17,-9.17,2.48
-1.17,-9.17,2.48
-0.96,-8.89,2.23
-0.96,-8.89,2.23
-0.96,-8.89,2.23
-0.94,-9.0,2.14
-0.94,-9.0,2.14
-0.94,-9.0,2.14
-1.14,-9.3,2.27
-1.14,-9.3,2.27
-1.14,-9.3,2.27
-1.19,-9.05,1.98
-1.19,-9.05,1.98
-1.35,-8.87,1.96
-1.8,-9.04,2.19
-1.8,-9.04,2.19
-1.46,-9.05,2.17
-1.46,-9.05,2.17
-1.46,-9.05,2.17
-0.81,-8.55,1.8
-0.81,-8.55,1.8
-0.81,-8.55,1.8
-1.02,-9.22,2.06
-0.91,-9.62,2.18
-0.91,-9.62,2.18
-0.69,-10.08,2.64
-0.69,-10.08,2.64
-0.96,-9.77,2.42
-0.96,-9.77,2.42
-0.96,-9.77,2.42
-0.93,-10.03,2.29
-0.93,-10.03,2.29
-0.93,-10.03,2.29
-0.97,-9.63,1.75
-1.15,-9.19,1.56
-1.15,-9.19,1.56
-1.5,-9.6,1.81
-1.44,-9.74,1.93
-1.44,-9.74,1.93
-1.48,-9.76,1.99
-1.48,-9.76,1.99
-1.48,-9.76,1.99
-1.42,-10.33,2.14
-1.42,-10.33,2.14
-1.42,-10.33,2.14
-1.85,-10.11,1.97
-1.93,-10.07,2.09
-1.93,-10.07,2.09
-2.79,-10.19,1.14
-2.79,-10.19,1.14
-2.79,-10.19,1.14
-2.21,-11.7,0.7
-2.21,-11.7,0.7
-2.21,-11.7,0.7
-3.09,-12.54,0.29
-3.09,-12.54,0.29
-3.09,-12.54,0.29
-2.33,-12.79,0.26
-2.01,-12.89,0.13
-2.01,-12.89,0.13
-1.75,-13.14,0.13
-1.44,-12.94,0.2
-1.44,-12.94,0.2
-0.78,-11.75,0.19
-0.78,-11.75,0.19
-0.78,-11.75,0.19
-0.77,-10.33,0.1
-0.77,-10.33,0.1
-0.77,-10.33,0.1
-0.56,-9.26,-0.18
-0.56,-9.26,-0.18
-0.56,-9.26,-0.18
0.6,-7.86,-0.06
0.6,-7.86,-0.06
0.6,-7.86,-0.06
4.31,-8.21,-7.45
4.31,-8.21,-7.45
4.31,-8.21,-7.45
2.9,-5.7,-3.4
2.9,-5.7,-3.4
2.9,-5.7,-3.4
3.17,-6.27,-3.61
3.17,-6.27,-3.61
3.17,-6.27,-3.61
3.59,-5.55,-3.84
3.59,-5.55,-3.84
3.59,-5.55,-3.84
3.82,-4.58,-3.92
3.82,-4.58,-3.92
3.82,-4.58,-3.92
4.03,-3.45,-3.63
4.03,-3.45,-3.63
4.03,-3.45,-3.63
4.24,-3.18,-3.81
4.24,-3.18,-3.81
4.24,-3.18,-3.81
5.1,-2.83,-3.61
5.23,-2.61,-3.33
5.23,-2.61,-3.33
5.76,-3.81,-2.79
5.76,-3.81,-2.79
5.76,-3.81,-2.79
6.25,-3.84,-2.71
6.25,-3.84,-2.71
6.25,-3.84,-2.71
6.15,-4.98,-2.08
6.15,-4.98,-2.08
5.92,-5.19,-1.82
5.09,-5.03,-1.59
5.09,-5.03,-1.59
5.09,-5.03,-1.59
5.82,-6.12,-0.86
5.82,-6.12,-0.86
5.82,-6.12,-0.86
4.1,-5.4,-0.02
4.1,-5.4,-0.02
4.1,-5.4,-0.02
4.28,-7.0,-0.75
4.28,-7.0,-0.75
4.51,-7.76,-1.17
3.03,-5.66,0.68
3.03,-5.66,0.68
3.03,-5.66,0.68
2.49,-9.2,0.72
2.49,-9.2,0.72
2.49,-9.2,0.72
1.43,-6.57,0.22
1.43,-6.57,0.22
1.06,-8.06,0.24
1.12,-10.15,0.36
1.12,-10.15,0.36
0.74,-13.27,9.33
0.16,-8.53,5.12
0.16,-8.53,5.12
0.16,-8.53,5.12
-0.21,-11.71,5.45
-0.21,-11.71,5.45
-0.21,-11.71,5.45
-1.44,-10.35,5.68
-1.44,-10.35,5.68
-1.44,-10.35,5.68
-1.41,-10.84,5.71
-1.41,-10.84,5.71
-1.92,-10.48,5.72
-1.64,-10.66,6.4
-1.64,-10.66,6.4
-1.64,-10.66,6.4
-2.33,-9.06,5.59
-2.33,-9.06,5.59
-2.33,-9.06,5.59
-3.04,-8.45,6.5
-3.04,-8.45,6.5
-3.04,-8.45,6.5
-3.36,-9.36,6.71
-3.36,-9.36,6.71
-3.36,-9.36,6.71
-3.28,-8.18,7.15
-3.28,-8.18,7.15
-3.28,-8.18,7.15
-3.47,-7.95,6.73
-3.47,-7.95,6.73
-3.47,-7.95,6.73
-4.47,-8.0,6.82
-4.47,-8.0,6.82
-4.47,-8.0,6.82
-3.51,-6.9,6.69
-3.51,-6.35,6.64
-3.51,-6.35,6.64
-3.38,-6.83,6.25
-3.38,-6.83,6.25
-3.38,-6.83,6.25
-4.08,-6.39,6.36
-4.08,-6.39,6.36
-4.08,-6.39,6.36
-4.24,-6.46,6.71
-4.24,-6.46,6.71
-4.24,-6.46,6.71
-4.07,-6.19,6.49
-4.07,-6.19,6.49
-3.99,-6.39,6.48
-4.07,-5.79,6.07
-4.07,-5.79,6.07
-4.07,-5.79,6.07
-4.18,-5.89,5.9
-4.18,-5.89,5.9
-4.01,-6.64,6.43
-4.01,-6.64,6.43
-4.01,-6.64,6.43
-3.73,-5.96,6.23
-3.91,-6.12,6.28
-3.91,-6.12,6.28
-4.01,-6.17,6.31
-4.01,-6.17,6.31
-4.01,-6.17,6.31
-3.89,-6.06,6.5
-3.89,-6.06,6.5
-3.89,-6.06,6.5
-3.96,-5.91,6.51
-3.96,-5.91,6.51
-4.04,-6.31,6.38
-4.14,-6.38,6.62
-4.14,-6.38,6.62
-4.14,-6.38,6.62
-4.01,-6.48,6.4
-4.01,-6.48,6.4
-4.01,-6.48,6.4
-3.83,-6.63,6.37
-3.83,-6.63,6.37
-3.83,-6.63,6.37
-4.02,-6.03,5.71
-4.02,-6.03,5.71
-3.75,-5.84,5.34
-4.17,-5.18,5.07
-4.63,-5.86,5.24
-4.63,-5.86,5.24
-5.14,-5.89,5.1
-5.14,-5.89,5.1
-5.14,-5.89,5.1
-5.42,-6.31,5.53
-5.42,-6.31,5.53
-5.42,-6.31,5.53
-6.95,-5.8,4.98
-6.95,-5.8,4.98
-6.95,-5.68,4.88
-6.41,-6.21,5.09
-5.93,-7.18,5.82
-5.93,-7.18,5.82
-6.7,-4.79,4.84
-6.7,-4.79,4.84
-6.7,-4.79,4.84
-6.4,-4.44,4.81
-6.4,-4.44,4.81
-6.4,-4.44,4.81
-6.76,-5.28,4.49
-6.76,-5.28,4.49
-6.15,-6.48,5.19
-5.38,-6.09,5.19
-5.38,-6.09,5.19
-5.38,-6.09,5.19
-5.31,-5.93,4.76
-5.31,-5.93,4.76
-5.31,-5.93,4.76
-5.06,-6.37,4.89
-5.06,-6.37,4.89
-5.06,-6.37,4.89
-5.87,-5.46,4.42
-5.87,-5.46,4.42
-5.87,-5.46,4.42
-5.97,-5.5,4.66
-5.97,-5.5,4.66
-5.97,-5.5,4.66
-6.0,-5.56,4.97
-6.0,-5.56,4.97
-6.0,-5.56,4.97
-5.63,-5.68,5.12
-5.63,-5.68,5.12
-5.63,-5.68,5.12
-5.67,-5.09,4.87
-5.67,-5.09,4.87
-5.67,-5.09,4.87
-5.66,-5.92,5.13
-5.66,-5.92,5.13
-5.66,-5.92,5.13
-5.64,-6.22,5.24
-5.64,-6.22,5.24
-5.64,-6.22,5.24
-5.76,-5.53,4.86
-5.76,-5.53,4.86
-5.76,-5.53,4.86
-6.23,-6.07,5.02
-5.75,-5.68,5.16
-5.75,-5.68,5.16
-5.81,-5.53,5.11
-5.81,-5.53,5.11
-5.81,-5.53,5.11
-5.9,-5.12,5.07
-5.9,-5.12,5.07
-5.9,-5.12,5.07
-5.78,-5.38,5.05
-5.78,-5.38,5.05
-5.78,-5.38,5.05
-5.91,-5.32,5.06
-5.91,-5.32,5.06
-5.91,-5.32,5.06
-6.05,-5.26,5.06
-6.05,-5.26,5.06
-6.09,-5.43,5.19
-6.14,-5.34,5.1
-6.14,-5.34,5.1
-6.14,-5.34,5.1
-5.96,-5.45,5.06
-5.96,-5.45,5.06
-5.96,-5.45,5.06
-5.79,-5.32,4.96
-5.79,-5.32,4.96
-5.79,-5.32,4.96
-6.03,-5.45,5.15
-6.03,-5.45,5.15
-6.03,-5.45,5.15
-5.97,-5.46,4.97
-5.97,-5.46,4.97
-5.97,-5.46,4.97
-5.95,-5.49,4.98
-5.95,-5.49,4.98
-5.95,-5.49,4.98
-5.84,-5.53,5.06
-5.84,-5.53,5.06
-5.84,-5.53,5.06
-6.02,-5.31,5.03
-6.02,-5.31,5.03
-6.02,-5.31,5.03
-6.09,-5.37,4.97
-6.09,-5.37,4.97
-6.09,-5.37,4.97
-5.95,-5.53,5.02
-5.95,-5.53,5.02
-5.95,-5.53,5.02
-6.0,-5.7,5.18
-5.87,-5.67,5.0
-5.87,-5.67,5.0
-5.86,-5.36,4.79
-5.86,-5.36,4.79
-5.86,-5.36,4.79
-5.85,-5.62,4.99
-5.85,-5.62,4.99
-5.85,-5.62,4.99
-5.92,-5.32,4.91
-5.92,-5.32,4.91
-5.92,-5.32,4.91
-5.97,-5.69,5.11
-5.97,-5.69,5.11
-5.97,-5.69,5.11
-5.65,-5.47,4.95
-5.65,-5.47,4.95
-5.65,-5.47,4.95
-5.99,-5.66,5.09
-5.99,-5.66,5.09
-5.99,-5.66,5.09
-5.81,-5.41,5.04
-5.81,-5.41,5.04
-5.81,-5.41,5.04
-6.01,-5.46,4.89
-6.01,-5.46,4.89
-6.01,-5.46,4.89
-5.85,-5.5,5.1
-6.11,-5.23,4.88
-6.11,-5.23,4.88
-5.78,-5.56,5.23
-5.78,-5.56,5.23
-5.78,-5.56,5.23
-6.11,-5.51,4.82
-6.11,-5.51,4.82
-6.11,-5.51,4.82
-6.12,-6.19,5.03
-6.39,-5.68,4.69
-6.68,-5.44,4.6
-6.68,-5.44,4.6
-6.68,-5.44,4.6
-6.39,-5.38,4.86
-6.39,-5.38,4.86
-6.39,-5.38,4.86
-6.61,-5.48,4.94
-6.61,-5.48,4.94
-6.61,-5.48,4.94
-4.71,-6.66,5.64
-4.71,-6.66,5.64
-4.71,-6.66,5.64
-4.96,-7.06,5.88
-4.66,-7.06,5.5
-4.66,-7.06,5.5
-3.81,-5.62,5.51
-3.81,-5.62,5.51
-3.81,-5.62,5.51
-5.27,-7.55,6.57
-5.27,-7.55,6.57
-5.27,-7.55,6.57
-4.4,-6.86,6.76
-4.4,-6.86,6.76
-3.77,-6.23,6.55
-3.47,-5.24,6.01
-3.47,-5.24,6.01
-3.47,-5.24,6.01
-3.53,-6.25,6.6
-3.53,-6.25,6.6
-3.53,-6.25,6.6
-3.2,-5.75,6.18
-3.2,-5.75,6.18
-3.01,-5.63,6.04
-2.56,-5.92,6.21
-2.56,-5.92,6.21
-2.33,-6.29,6.28
-2.58,-6.56,6.42
-2.58,-6.56,6.42
-2.58,-6.56,6.42
-2.46,-6.57,6.59
-2.46,-6.57,6.59
-2.46,-6.57,6.59
-3.15,-6.06,6.43
-3.15,-6.06,6.43
-3.15,-6.06,6.43
-3.0,-6.72,6.47
-3.0,-6.72,6.47
-3.0,-6.72,6.47
-2.82,-6.01,6.14
-2.82,-6.01,6.14
-2.82,-6.01,6.14
-3.35,-7.12,6.38
-3.35,-7.12,6.38
-3.35,-7.12,6.38
-3.84,-6.59,6.03
-3.84,-6.59,6.03
-3.84,-6.59,6.03
-3.95,-6.05,6.2
-3.95,-6.05,6.2
-3.8,-6.43,6.29
-3.81,-6.83,6.22
-3.81,-6.83,6.22
-3.81,-6.83,6.22
-3.55,-6.71,6.27
-3.55,-6.71,6.27
-3.55,-6.71,6.27
-3.46,-6.46,6.46
-3.46,-6.46,6.46
-3.46,-6.46,6.46
-3.78,-6.0,6.13
-4.1,-6.09,6.14
-4.1,-6.09,6.14
-4.95,-5.55,5.73
-4.95,-5.55,5.73
-4.95,-5.55,5.73
-5.09,-5.49,5.49
-5.09,-5.49,5.49
-5.09,-5.49,5.49
-4.32,-5.61,5.44
-4.32,-5.61,5.44
-4.32,-5.61,5.44
-4.23,-6.68,6.84
-4.23,-6.68,6.84
-4.23,-6.68,6.84
-4.32,-6.81,6.43
-4.32,-6.81,6.43
-4.32,-6.81,6.43
-3.33,-6.56,5.54
-3.33,-6.56,5.54
-3.33,-6.56,5.54
-3.31,-6.7,5.75
-3.31,-6.7,5.75
-3.31,-6.7,5.75
-2.84,-6.98,5.91
-2.84,-6.98,5.91
-2.84,-6.98,5.91
-2.78,-7.11,5.98
-2.78,-7.11,5.98
-2.78,-7.11,5.98
-2.76,-7.62,6.21
-2.76,-7.62,6.21
-2.76,-7.62,6.21
-2.99,-7.08,5.89
-2.99,-7.08,5.89
-2.99,-7.08,5.89
-3.4,-7.05,5.75
-3.4,-7.05,5.75
-3.4,-7.05,5.75
-3.29,-6.56,5.89
-3.29,-6.56,5.89
-3.29,-6.56,5.89
-3.26,-6.96,6.14
-3.26,-6.96,6.14
-3.26,-6.96,6.14
-2.99,-6.82,6.36
-2.99,-6.82,6.36
-2.99,-6.82,6.36
-2.95,-7.18,6.2
-2.95,-7.18,6.2
-2.95,-7.18,6.2
-3.41,-7.15,5.97
-3.41,-7.15,5.97
-3.41,-7.15,5.97
-3.47,-6.78,5.73
-3.47,-6.78,5.73
-3.47,-6.78,5.73
-3.16,-7.01,5.74
-3.16,-7.01,5.74
-3.16,-7.01,5.74
-3.08,-6.45,6.06
-3.08,-6.45,6.06
-3.14,-6.32,6.3
-3.37,-6.11,6.44
-3.37,-6.11,6.44
-3.37,-6.11,6.44
-3.42,-5.96,5.99
-3.42,-5.96,5.99
-3.42,-5.96,5.99
-3.11,-6.48,5.95
-3.11,-6.48,5.95
-3.11,-6.48,5.95
-2.96,-6.54,6.0
-2.96,-6.54,6.0
-3.06,-6.12,6.34
-3.06,-5.8,6.94
-3.06,-5.8,6.94
-3.06,-5.8,6.94
-3.47,-5.78,6.8
-3.47,-5.78,6.8
-3.47,-5.78,6.8
-3.65,-6.34,6.8
-3.65,-6.34,6.8
-3.65,-6.34,6.8
-3.48,-6.63,6.64
-3.48,-6.63,6.64
-3.73,-6.81,6.71
-3.17,-5.66,7.09
-3.17,-5.66,7.09
-3.17,-5.66,7.09
-2.84,-5.9,7.59
-2.84,-5.9,7.59
-2.84,-5.9,7.59
-3.24,-6.8,6.8
-3.24,-6.8,6.8
-3.5,-6.6,6.28
-3.51,-6.28,6.07
-3.51,-6.28,6.07
-3.59,-6.32,6.19
-3.29,-6.56,6.8
-3.29,-6.56,6.8
-3.39,-5.94,6.64
-3.39,-5.94,6.64
-3.39,-5.94,6.64
-3.41,-5.85,6.4
-3.52,-6.09,6.24
-3.52,-6.09,6.24
-3.81,-6.03,6.15
-3.81,-6.03,6.15
-3.81,-6.03,6.15
-3.48,-6.24,6.62
-3.48,-6.24,6.62
-3.48,-6.24,6.62
-3.38,-6.65,6.55
-3.38,-6.65,6.55
-3.38,-6.65,6.55
-3.5,-6.9,6.84
-3.55,-6.83,6.97
-3.55,-6.83,6.97
-3.58,-6.68,6.89
-3.49,-6.46,6.79
-3.49,-6.46,6.79
-2.97,-6.1,6.78
-2.97,-6.1,6.78
-2.97,-6.1,6.78
-3.11,-6.69,6.8
-3.11,-6.69,6.8
-3.11,-6.69,6.8
-3.29,-5.96,6.46
-3.29,-5.96,6.46
-3.39,-5.93,6.39
-3.44,-6.3,6.39
-3.39,-6.48,6.49
-3.39,-6.48,6.49
-3.51,-6.8,6.84
-3.51,-6.8,6.84
-3.51,-6.8,6.84
-3.15,-6.37,6.78
-3.15,-6.37,6.78
-3.15,-6.37,6.78
-3.14,-6.09,6.54
-3.23,-6.17,6.57
-3.23,-6.17,6.57
-3.42,-6.43,6.66
-3.65,-6.55,6.66
-3.65,-6.55,6.66
-3.66,-6.33,6.43
-3.66,-6.33,6.43
-3.66,-6.33,6.43
-3.54,-6.69,6.54
-3.54,-6.69,6.54
-3.54,-6.69,6.54
-3.34,-6.51,6.46
-3.34,-6.51,6.46
-3.42,-6.54,6.53
-3.53,-6.88,6.64
-3.53,-6.88,6.64
-3.53,-6.88,6.64
-3.39,-6.09,6.38
-3.39,-6.09,6.38
-3.39,-6.09,6.38
-3.48,-5.42,5.85
-3.48,-5.42,5.85
-3.48,-5.42,5.85
-3.35,-6.33,5.92
-3.35,-6.33,5.92
-3.35,-6.33,5.92
-3.53,-6.25,6.09
-3.53,-6.25,6.09
-3.53,-6.25,6.09
-3.47,-5.93,5.92
-3.47,-5.93,5.92
-3.47,-5.93,5.92
-3.7,-6.34,6.05
-3.7,-6.34,6.05
-3.7,-6.34,6.05
-4.11,-6.64,6.58
-4.11,-6.64,6.58
-4.02,-6.93,6.9
-3.56,-6.67,7.05
-3.56,-6.67,7.05
-3.56,-6.67,7.05
-3.38,-6.17,6.18
-3.38,-6.17,6.18
-3.38,-6.17,6.18
-3.29,-6.21,6.0
-3.29,-6.21,6.0
-3.29,-6.21,6.0
-3.9,-6.28,6.09
-3.9,-6.47,6.29
-3.9,-6.47,6.29
-3.83,-6.91,6.41
-3.83,-6.91,6.41
-3.83,-6.91,6.41
-3.89,-6.82,6.35
-3.89,-6.82,6.35
-3.89,-6.82,6.35
-3.45,-6.57,6.25
-3.45,-6.57,6.25
-3.45,-6.57,6.25
-3.15,-6.17,6.06
-3.15,-6.17,6.06
-3.35,-6.09,6.09
-3.74,-6.55,6.16
-3.74,-6.55,6.16
-3.74,-6.55,6.16
-3.57,-6.96,6.06
-3.57,-6.96,6.06
-3.57,-6.96,6.06
-3.68,-6.87,6.09
-3.68,-6.87,6.09
-3.68,-6.87,6.09
-3.57,-6.59,5.98
-3.57,-6.59,5.98
-3.57,-6.59,5.98
-3.61,-6.42,6.09
-3.61,-6.42,6.09
-3.61,-6.42,6.09
-3.73,-6.47,5.86
-3.73,-6.47,5.86
-3.73,-6.47,5.86
-3.49,-6.65,5.96
-3.49,-6.65,5.96
-3.43,-6.58,6.06
-3.43,-6.58,6.06
-3.43,-6.58,6.06
-3.77,-6.64,6.11
-3.77,-6.64,6.11
-3.77,-6.64,6.11
-3.74,-6.61,6.04
-3.74,-6.61,6.04
-3.74,-6.61,6.04
-3.76,-6.64,6.0
-3.76,-6.64,6.0
-3.76,-6.64,6.0
-3.77,-6.46,5.96
-3.77,-6.46,5.96
-3.77,-6.46,5.96
-3.77,-6.66,6.02
-3.77,-6.66,6.02
-3.77,-6.66,6.02
-3.68,-6.81,6.08
-3.68,-6.81,6.08
-3.68,-6.81,6.08
-3.61,-7.32,6.12
-3.61,-7.32,6.12
-3.61,-7.32,6.12
-3.64,-6.5,6.07
-3.64,-6.5,6.07
-3.77,-6.3,6.02
-4.03,-6.24,5.99
-4.03,-6.24,5.99
-4.03,-6.24,5.99
-4.18,-6.37,6.01
-4.18,-6.37,6.01
-4.18,-6.37,6.01
-3.88,-6.41,5.78
-3.88,-6.41,5.78
-3.74,-6.42,5.71
-3.84,-6.41,5.82
-3.84,-6.41,5.82
-3.84,-6.41,5.82
-3.75,-6.67,5.84
-3.75,-6.67,5.84
-3.75,-6.67,5.84
-3.8,-6.8,5.97
-3.8,-6.8,5.97
-3.8,-6.8,5.97
-3.88,-6.33,5.9
-3.88,-6.33,5.9
-3.87,-6.65,5.83
-3.87,-6.65,5.83
-3.87,-6.65,5.83
-3.96,-6.48,5.81
-3.96,-6.48,5.81
-3.96,-6.48,5.81
-3.87,-6.47,5.96
-3.87,-6.47,5.96
-3.87,-6.47,5.96
-3.77,-6.74,6.1
-3.77,-6.74,6.1
-3.78,-6.71,6.1
-3.75,-6.6,6.05
-3.75,-6.6,6.05
-3.76,-6.35,6.04
-3.92,-6.26,6.03
-3.92,-6.26,6.03
-3.92,-6.26,6.03
-3.92,-6.26,6.02
-3.92,-6.26,6.02
-3.92,-6.26,6.02
-3.82,-6.37,6.08
-3.82,-6.37,6.08
-3.82,-6.37,6.08
-3.77,-6.61,6.16
-3.77,-6.61,6.16
-3.74,-6.46,6.16
-3.8,-6.57,6.21
-3.8,-6.57,6.21
-3.8,-6.57,6.21
-3.84,-6.53,6.19
-3.84,-6.53,6.19
-3.84,-6.53,6.19
-3.74,-6.47,6.22
-3.74,-6.47,6.22
-3.74,-6.47,6.22
-3.53,-6.27,6.0
-3.53,-6.27,6.0
-3.68,-6.56,6.09
-3.83,-6.87,6.23
-3.83,-6.87,6.23
-3.83,-6.87,6.23
-3.97,-6.62,6.24
-3.97,-6.62,6.24
-3.97,-6.62,6.24
-3.7,-6.34,6.1
-3.7,-6.34,6.1
-3.7,-6.34,6.1
-3.81,-6.45,6.11
-3.67,-6.35,6.17
-3.67,-6.35,6.17
-3.91,-6.54,6.75
-3.91,-6.54,6.75
-3.91,-6.54,6.75
-3.41,-6.4,6.8
-3.41,-6.4,6.8
-3.41,-6.4,6.8
-2.96,-7.64,7.09
-2.96,-7.64,7.09
-2.96,-7.64,7.09
-2.77,-7.66,6.75
-2.65,-6.9,6.45
-2.65,-6.9,6.45
-3.01,-7.16,6.4
-3.01,-7.16,6.4
-3.01,-7.16,6.4
-2.6,-7.36,6.91
-2.6,-7.36,6.91
-2.6,-7.36,6.91
-2.51,-7.55,7.48
-2.51,-7.55,7.48
-2.51,-7.55,7.48
-1.93,-6.99,7.5
-1.93,-6.99,7.5
-1.78,-6.62,7.18
-1.51,-6.2,6.65
-1.51,-6.2,6.65
-1.51,-6.2,6.65
-2.06,-6.58,6.35
-2.06,-6.58,6.35
-2.06,-6.58,6.35
-3.12,-6.2,5.99
-3.12,-6.2,5.99
-3.28,-6.36,6.0
-3.04,-6.53,6.14
-3.04,-6.53,6.14
-2.87,-6.41,6.39
-3.22,-6.02,6.55
-3.22,-6.02,6.55
-3.22,-6.02,6.55
-2.58,-6.0,6.45
-2.58,-6.0,6.45
-2.58,-6.0,6.45
-1.63,-7.29,6.13
-1.63,-7.29,6.13
-1.27,-7.46,6.08
-1.14,-7.68,6.42
-1.09,-7.93,6.43
-1.09,-7.93,6.43
-2.04,-8.22,6.31
-2.04,-8.22,6.31
-2.04,-8.22,6.31
-2.05,-8.44,6.34
-2.05,-8.44,6.34
-2.05,-8.44,6.34
-1.57,-7.84,5.85
-1.57,-7.84,5.85
-1.57,-7.84,5.85
-1.61,-8.31,5.68
-1.61,-8.31,5.68
-1.61,-8.31,5.68
-0.99,-8.41,6.01
-0.99,-8.41,6.01
-0.99,-8.41,6.01
-1.05,-9.2,5.58
-1.05,-9.2,5.58
-1.05,-9.2,5.58
-1.69,-7.45,4.73
-1.16,-7.95,4.93
-1.16,-7.95,4.93
-1.03,-9.65,4.87
-1.03,-9.65,4.87
-1.03,-9.65,4.87
-0.96,-8.84,4.86
-0.96,-8.84,4.86
-0.96,-8.84,4.86
-0.85,-9.63,4.64
-0.85,-9.63,4.64
-0.85,-9.63,4.64
-0.86,-9.69,4.46
-0.86,-9.69,4.46
-0.86,-9.69,4.46
-0.44,-10.86,3.61
-0.44,-10.86,3.61
-0.44,-10.86,3.61
-0.61,-8.64,3.66
-0.61,-8.64,3.66
-0.61,-8.64,3.66
-0.87,-10.41,2.65
-0.87,-10.41,2.65
-0.87,-10.41,2.65
-0.57,-10.44,2.37
-0.57,-10.44,2.37
-0.57,-10.44,2.37
-0.68,-10.94,1.78
-0.68,-10.94,1.78
-0.68,-10.94,1.78
-0.23,-10.17,1.47
-0.23,-10.17,1.47
-0.23,-10.17,1.47
0.13,-9.2,0.97
0.13,-9.2,0.97
0.13,-9.2,0.97
0.38,-9.64,0.39
0.38,-9.64,0.39
0.38,-9.64,0.39
-0.08,-9.47,-0.68
-0.08,-9.47,-0.68
-0.08,-9.47,-0.68
1.03,-9.98,-0.07
1.03,-9.98,-0.07
1.03,-9.98,-0.07
0.1,-8.28,-1.04
0.1,-8.28,-1.04
0.1,-8.28,-1.04
-1.45,-7.73,-5.46
-1.45,-7.73,-5.46
-1.45,-7.73,-5.46
2.12,-10.36,-1.68
2.12,-10.36,-1.68
1.69,-7.82,-3.12
1.69,-7.82,-3.12
1.69,-7.82,-3.12
1.96,-7.98,-3.12
1.96,-7.98,-3.12
1.96,-7.98,-3.12
1.92,-7.11,-4.06
1.92,-7.11,-4.06
1.92,-7.11,-4.06
2.03,-7.52,-4.49
2.16,-7.31,-4.55
2.16,-7.31,-4.55
2.45,-7.63,-4.45
2.45,-7.63,-4.45
2.45,-7.63,-4.45
2.67,-7.28,-4.69
2.67,-7.28,-4.69
2.67,-7.28,-4.69
2.97,-6.74,-4.96
2.97,-6.74,-4.96
2.97,-6.74,-4.96
3.27,-6.84,-5.28
3.27,-6.84,-5.28
3.27,-6.84,-5.28
3.35,-6.99,-5.22
3.35,-6.99,-5.22
3.35,-6.99,-5.22
3.14,-6.67,-5.49
3.14,-6.67,-5.49
3.14,-6.67,-5.49
3.42,-6.39,-5.56
3.31,-6.23,-5.03
3.31,-6.23,-5.03
3.28,-5.81,-5.24
3.28,-5.81,-5.24
3.28,-5.81,-5.24
3.36,-5.49,-5.11
3.36,-5.49,-5.11
3.36,-5.49,-5.11
3.56,-5.59,-5.28
3.56,-5.59,-5.28
3.56,-5.59,-5.28
3.48,-5.92,-5.37
3.48,-5.92,-5.37
3.69,-6.18,-5.66
3.25,-5.68,-5.89
3.25,-5.68,-5.89
3.25,-5.68,-5.89
3.89,-6.35,-6.07
3.89,-6.35,-6.07
3.89,-6.35,-6.07
3.58,-6.25,-6.62
3.58,-6.25,-6.62
3.58,-6.25,-6.62
3.26,-6.75,-6.36
3.26,-6.75,-6.36
3.47,-6.54,-6.24
3.46,-6.24,-6.28
3.52,-6.34,-6.36
3.52,-6.34,-6.36
3.16,-6.11,-6.56
3.16,-6.11,-6.56
3.16,-6.11,-6.56
3.31,-6.11,-6.07
3.31,-6.11,-6.07
3.31,-6.11,-6.07
3.29,-6.67,-6.68
3.29,-6.67,-6.68
3.29,-6.67,-6.68
3.27,-7.03,-6.31
3.27,-7.03,-6.31
3.27,-7.03,-6.31
2.91,-5.9,-6.36
2.91,-5.9,-6.36
2.91,-5.9,-6.36
3.25,-5.97,-6.38
3.25,-5.97,-6.38
3.25,-5.97,-6.38
3.12,-5.88,-6.4
3.12,-5.88,-6.4
3.23,-6.51,-6.51
2.94,-6.1,-6.4
2.94,-6.1,-6.4
3.32,-6.75,-6.16
3.32,-6.75,-6.16
3.32,-6.75,-6.16
3.22,-6.29,-6.41
3.22,-6.29,-6.41
3.22,-6.29,-6.41
2.89,-6.12,-6.37
2.89,-6.12,-6.37
2.89,-6.12,-6.37
2.75,-6.71,-6.44
2.75,-6.71,-6.44
2.75,-6.71,-6.44
2.71,-6.36,-6.5
2.71,-6.36,-6.5
2.71,-6.36,-6.5
2.76,-6.34,-6.79
2.76,-6.34,-6.79
2.76,-6.34,-6.79
2.7,-6.3,-6.43
2.89,-6.44,-6.41
2.89,-6.44,-6.41
3.0,-5.97,-6.61
3.0,-5.97,-6.61
3.0,-5.97,-6.61
2.98,-6.74,-6.18
2.98,-6.74,-6.18
2.98,-6.74,-6.18
2.74,-6.76,-6.21
2.74,-6.76,-6.21
2.74,-6.76,-6.21
2.49,-7.05,-6.29
2.29,-6.23,-6.66
2.29,-6.23,-6.66
2.6,-6.58,-6.47
2.6,-6.58,-6.47
2.6,-6.58,-6.47
2.54,-6.21,-6.65
2.54,-6.21,-6.65
2.54,-6.21,-6.65
2.54,-6.86,-6.54
2.54,-6.86,-6.54
2.54,-6.86,-6.54
2.66,-6.55,-6.45
2.66,-6.55,-6.45
2.66,-6.55,-6.45
2.51,-6.96,-6.13
2.51,-6.96,-6.13
2.51,-6.96,-6.13
2.18,-6.71,-6.24
2.18,-6.71,-6.24
2.18,-6.71,-6.24
2.29,-6.84,-6.12
2.29,-6.84,-6.12
2.29,-6.84,-6.12
2.23,-6.69,-6.42
2.23,-6.69,-6.42
2.17,-6.63,-6.47
2.24,-6.78,-6.47
2.24,-6.78,-6.47
2.24,-6.78,-6.47
2.16,-6.85,-6.47
2.16,-6.85,-6.47
2.16,-6.85,-6.47
2.31,-6.65,-6.4
2.31,-6.65,-6.4
2.31,-6.65,-6.4
2.23,-6.86,-6.59
2.23,-6.86,-6.59
2.23,-6.86,-6.59
2.49,-6.74,-6.37
2.49,-6.74,-6.37
2.49,-6.74,-6.37
2.07,-6.84,-6.37
2.07,-6.84,-6.37
2.07,-6.84,-6.37
1.99,-6.44,-6.43
1.99,-6.44,-6.43
2.15,-6.63,-6.34
2.23,-6.37,-6.57
2.23,-6.37,-6.57
2.23,-6.37,-6.57
2.05,-6.97,-6.24
2.05,-6.97,-6.24
2.05,-6.97,-6.24
2.3,-6.8,-6.23
2.3,-6.8,-6.23
2.3,-6.8,-6.23
2.27,-7.15,-6.26
2.27,-7.15,-6.26
2.17,-6.95,-6.34
2.23,-7.02,-6.4
2.23,-7.02,-6.4
2.23,-7.02,-6.4
2.23,-6.81,-6.42
2.23,-6.81,-6.42
2.23,-6.81,-6.42
2.25,-6.4,-6.25
2.25,-6.4,-6.25
2.25,-6.4,-6.25
2.07,-6.43,-6.2
2.07,-6.43,-6.2
2.07,-6.43,-6.2
2.28,-6.33,-6.45
2.28,-6.33,-6.45
2.41,-6.54,-6.43
2.15,-6.76,-6.38
2.15,-6.76,-6.38
2.15,-6.76,-6.38
2.11,-6.36,-6.23
2.11,-6.36,-6.23
2.11,-6.36,-6.23
2.0,-6.72,-6.33
2.0,-6.72,-6.33
2.0,-6.72,-6.33
2.09,-6.79,-6.46
2.11,-6.76,-6.37
2.11,-6.76,-6.37
2.07,-6.46,-6.5
2.07,-6.46,-6.5
2.07,-6.46,-6.5
2.38,-6.71,-6.37
2.38,-6.71,-6.37
2.38,-6.71,-6.37
2.11,-6.32,-6.7
2.11,-6.32,-6.7
2.29,-6.59,-6.47
2.48,-6.97,-6.16
2.48,-6.97,-6.16
2.48,-6.97,-6.16
2.11,-6.58,-6.33
2.11,-6.58,-6.33
2.11,-6.58,-6.33
2.01,-6.65,-6.16
2.01,-6.65,-6.16
2.01,-6.65,-6.16
2.06,-6.95,-6.26
2.06,-6.95,-6.26
2.06,-6.95,-6.26
1.98,-6.61,-6.54
1.98,-6.61,-6.54
2.12,-6.95,-6.29
2.25,-5.82,-6.3
2.25,-5.82,-6.3
2.25,-5.82,-6.3
2.21,-6.57,-6.14
2.21,-6.57,-6.14
2.21,-6.57,-6.14
1.6,-6.81,-6.34
1.6,-6.81,-6.34
1.6,-6.81,-6.34
2.39,-6.62,-6.03
2.39,-6.62,-6.03
2.39,-6.62,-6.03
2.08,-6.4,-6.42
2.08,-6.4,-6.42
2.08,-6.4,-6.42
1.92,-7.24,-6.0
1.92,-7.24,-6.0
1.92,-7.24,-6.0
1.72,-7.26,-6.09
1.72,-7.26,-6.09
1.72,-7.26,-6.09
2.03,-6.78,-6.26
2.03,-6.78,-6.26
2.03,-6.78,-6.26
1.93,-7.26,-5.89
1.93,-7.26,-5.89
1.93,-7.26,-5.89
1.64,-6.8,-5.83
1.64,-6.8,-5.83
2.46,-7.7,-5.87
2.46,-7.7,-5.87
2.94,-8.02,-5.53
2.36,-6.9,-5.26
1.87,-6.18,-5.57
1.87,-6.18,-5.57
2.32,-7.9,-5.71
2.32,-7.9,-5.71
2.32,-7.9,-5.71
1.49,-6.41,-6.46
1.49,-6.41,-6.46
1.49,-6.41,-6.46
1.44,-7.02,-5.43
1.44,-7.02,-5.43
1.27,-7.56,-5.39
2.15,-7.41,-5.57
2.15,-7.41,-5.57
2.15,-7.41,-5.57
3.03,-7.04,-5.48
3.03,-7.04,-5.48
3.03,-7.04,-5.48
2.67,-8.01,-4.85
2.67,-8.01,-4.85
2.67,-8.01,-4.85
1.98,-7.44,-5.24
1.98,-7.44,-5.24
1.85,-7.47,-5.84
2.46,-6.93,-5.72
2.46,-6.93,-5.72
2.46,-6.93,-5.72
2.23,-7.67,-4.91
2.23,-7.67,-4.91
2.23,-7.67,-4.91
2.65,-7.17,-5.12
2.65,-7.17,-5.12
2.65,-7.17,-5.12
2.16,-7.19,-5.45
2.16,-7.19,-5.45
2.74,-7.56,-5.32
1.25,-8.32,-4.84
1.25,-8.32,-4.84
1.25,-8.32,-4.84
2.97,-9.03,-5.08
2.97,-9.03,-5.08
2.97,-9.03,-5.08
2.63,-7.54,-4.33
2.63,-7.54,-4.33
2.63,-7.54,-4.33
0.96,-7.6,-5.06
0.96,-7.6,-5.06
1.36,-7.37,-5.05
3.17,-8.12,-4.45
3.17,-8.12,-4.45
3.26,-8.85,-5.37
3.26,-8.85,-5.37
3.26,-8.85,-5.37
3.5,-8.87,-5.1
3.5,-8.87,-5.1
3.5,-8.87,-5.1
2.54,-7.73,-4.65
2.54,-7.73,-4.65
2.05,-8.37,-4.08
1.11,-7.35,-5.42
1.11,-7.35,-5.42
1.11,-7.35,-5.42
1.96,-8.93,-5.19
1.96,-8.93,-5.19
1.96,-8.93,-5.19
2.76,-9.94,-4.86
2.76,-9.94,-4.86
2.65,-9.89,-5.36
2.83,-8.59,-5.82
2.83,-8.59,-5.82
2.8,-7.66,-5.27
1.03,-6.9,-4.78
1.03,-6.9,-4.78
1.03,-6.9,-4.78
2.13,-7.69,-4.42
2.13,-7.69,-4.42
2.13,-7.69,-4.42
0.88,-7.55,-5.58
0.88,-7.55,-5.58
2.41,-8.05,-5.26
2.3,-8.62,-5.63
2.3,-8.62,-5.63
1.21,-8.85,-5.79
1.87,-8.7,-5.64
1.87,-8.7,-5.64
1.87,-8.7,-5.64
1.9,-6.06,-5.87
1.9,-6.06,-5.87
1.9,-6.06,-5.87
1.65,-6.27,-5.14
1.65,-6.27,-5.14
0.37,-5.22,-5.47
2.59,-6.48,-5.24
2.59,-6.48,-5.24
2.59,-6.48,-5.24
1.34,-8.02,-7.25
1.34,-8.02,-7.25
1.34,-8.02,-7.25
2.75,-5.99,-7.7
2.75,-5.99,-7.7
2.75,-5.99,-7.7
1.64,-5.54,-6.61
1.64,-5.54,-6.61
3.32,-4.99,-6.41
2.4,-5.07,-7.14
2.4,-5.07,-7.14
2.32,-5.81,-7.59
1.6,-5.96,-7.55
1.6,-5.96,-7.55
1.6,-5.96,-7.55
0.56,-6.22,-7.0
0.56,-6.22,-7.0
0.56,-6.22,-7.0
2.28,-4.39,-7.86
2.28,-4.39,-7.86
2.28,-4.39,-7.86
0.77,-4.61,-7.55
0.77,-4.61,-7.55
0.77,-4.61,-7.55
2.25,-6.21,-6.6
2.25,-6.21,-6.6
2.25,-6.21,-6.6
0.82,-3.42,-6.57
0.82,-3.42,-6.57
0.82,-3.42,-6.57
0.67,-6.34,-7.86
0.67,-6.34,-7.86
0.67,-6.34,-7.86
0.65,-5.96,-8.21
0.65,-5.96,-8.21
3.78,-6.02,-6.65
-0.77,-5.32,-7.87
-0.77,-5.32,-7.87
-0.77,-5.32,-7.87
2.11,-5.53,-6.82
2.11,-5.53,-6.82
2.11,-5.53,-6.82
-0.11,-6.44,-7.33
-0.11,-6.44,-7.33
-0.11,-6.44,-7.33
0.43,-6.92,-7.72
0.43,-6.92,-7.72
0.43,-6.92,-7.72
2.83,-4.37,-7.72
2.83,-4.37,-7.72
2.83,-4.37,-7.72
-0.73,-6.04,-7.72
-0.73,-6.04,-7.72
-0.73,-6.04,-7.72
2.32,-5.14,-6.9
2.32,-5.14,-6.9
2.32,-5.14,-6.9
1.69,-4.36,-6.9
1.69,-4.36,-6.9
1.69,-4.36,-6.9
-0.68,-5.61,-7.85
-0.68,-5.61,-7.85
-0.68,-5.61,-7.85
2.54,-5.71,-7.03
2.54,-5.71,-7.03
2.54,-5.71,-7.03
-0.35,-3.91,-7.77
-0.35,-3.91,-7.77
-0.23,-4.89,-7.69
1.38,-4.79,-7.12
1.38,-4.79,-7.12
0.05,-5.55,-8.08
0.05,-5.55,-8.08
0.05,-5.55,-8.08
1.51,-5.07,-7.5
1.51,-5.07,-7.5
1.51,-5.07,-7.5
-0.16,-5.93,-7.87
-0.16,-5.93,-7.87
-0.16,-5.93,-7.87
1.14,-4.34,-7.15
1.09,-5.03,-7.7
1.09,-5.03,-7.7
1.14,-6.06,-8.15
1.14,-6.06,-8.15
1.14,-6.06,-8.15
0.58,-5.33,-7.49
0.58,-5.33,-7.49
0.58,-5.33,-7.49
0.38,-5.45,-7.7
0.38,-5.45,-7.7
1.13,-5.43,-7.56
1.33,-5.52,-7.64
1.33,-5.52,-7.64
0.58,-5.42,-8.07
1.1,-5.2,-7.33
1.1,-5.2,-7.33
1.1,-5.2,-7.33
-0.1,-5.33,-7.7
-0.1,-5.33,-7.7
-0.1,-5.33,-7.7
0.98,-5.62,-7.53
0.98,-5.62,-7.53
0.98,-5.62,-7.53
0.53,-5.05,-7.45
0.53,-5.05,-7.45
0.53,-5.05,-7.45
0.51,-5.76,-7.4
0.51,-5.76,-7.4
0.51,-5.76,-7.4
0.68,-4.98,-7.47
0.68,-4.98,-7.47
0.68,-4.98,-7.47
0.64,-5.83,-7.89
0.64,-5.83,-7.89
0.67,-5.55,-7.67
0.4,-5.9,-7.56
0.49,-5.52,-7.47
0.49,-5.52,-7.47
0.75,-5.23,-7.73
0.75,-5.23,-7.73
0.75,-5.23,-7.73
0.48,-5.07,-7.72
0.48,-5.07,-7.72
0.48,-5.07,-7.72
0.74,-5.97,-7.38
0.74,-5.97,-7.38
0.26,-5.47,-7.35
0.26,-6.14,-7.65
0.26,-6.14,-7.65
0.26,-6.14,-7.65
0.57,-5.02,-7.6
0.57,-5.02,-7.6
0.57,-5.02,-7.6
0.67,-5.31,-7.66
0.67,-5.31,-7.66
0.67,-5.31,-7.66
0.85,-5.14,-7.61
0.85,-5.14,-7.61
0.88,-5.08,-7.79
0.55,-5.62,-7.6
0.55,-5.62,-7.6
-0.02,-5.18,-7.64
-0.02,-5.18,-7.64
-0.02,-5.18,-7.64
0.82,-5.57,-7.54
0.82,-5.57,-7.54
0.82,-5.57,-7.54
0.62,-4.9,-7.95
0.62,-4.9,-7.95
1.02,-5.25,-7.86
-0.29,-5.79,-7.93
-0.29,-5.79,-7.93
-0.29,-5.79,-7.93
0.75,-5.22,-7.2
0.75,-5.22,-7.2
0.75,-5.22,-7.2
0.18,-4.81,-7.66
0.18,-4.81,-7.66
0.18,-4.81,-7.66
0.93,-5.87,-7.95
0.93,-5.87,-7.95
1.24,-5.53,-7.91
0.3,-5.14,-7.92
0.3,-5.14,-7.92
0.3,-5.14,-7.92
0.63,-5.23,-7.2
0.63,-5.23,-7.2
0.63,-5.23,-7.2
0.18,-4.83,-7.61
0.18,-4.83,-7.61
0.92,-5.3,-7.39
0.38,-5.61,-7.55
0.38,-5.61,-7.55
0.21,-5.41,-8.09
1.04,-5.83,-7.45
1.04,-5.83,-7.45
1.04,-5.83,-7.45
0.37,-4.81,-7.63
0.37,-4.81,-7.63
0.37,-4.81,-7.63
0.16,-5.74,-7.59
0.16,-5.74,-7.59
0.64,-5.1,-7.6
0.84,-4.66,-7.64
0.84,-4.66,-7.64
0.32,-5.91,-7.61
0.57,-4.93,-7.84
0.57,-4.93,-7.84
0.57,-4.93,-7.84
0.29,-5.39,-7.78
0.29,-5.39,-7.78
0.29,-5.39,-7.78
0.93,-4.55,-7.65
0.93,-4.55,-7.65
0.14,-5.03,-7.94
0.79,-5.65,-8.06
0.79,-5.65,-8.06
0.79,-5.65,-8.06
0.23,-4.82,-7.2
0.23,-4.82,-7.2
0.23,-4.82,-7.2
-0.34,-5.63,-7.69
-0.34,-5.63,-7.69
-0.34,-5.63,-7.69
0.91,-5.22,-7.47
0.91,-5.22,-7.47
1.22,-4.78,-7.7
-0.42,-5.45,-8.24
0.34,-5.37,-7.83
0.34,-5.37,-7.83
0.53,-4.92,-7.63
0.53,-4.92,-7.63
0.53,-4.92,-7.63
0.35,-5.48,-7.51
0.35,-5.48,-7.51
0.35,-5.48,-7.51
0.46,-5.25,-7.4
0.46,-5.25,-7.4
0.34,-5.25,-7.74
0.68,-5.32,-7.8
0.68,-5.32,-7.8
0.5,-5.36,-7.92
0.5,-5.36,-7.92
0.5,-5.36,-7.92
1.01,-5.33,-7.7
1.01,-5.33,-7.7
1.01,-5.33,-7.7
-0.07,-5.53,-7.85
-0.07,-5.53,-7.85
0.78,-5.08,-7.49
0.59,-4.99,-7.63
0.59,-4.99,-7.63
0.59,-4.99,-7.63
0.42,-5.19,-7.71
0.42,-5.19,-7.71
0.42,-5.19,-7.71
0.02,-5.61,-7.85
0.02,-5.61,-7.85
0.55,-5.55,-7.75
0.55,-5.55,-7.75
0.55,-5.55,-7.75
0.05,-5.11,-7.6
0.05,-5.11,-7.6
0.05,-5.11,-7.6
0.85,-4.75,-7.48
0.85,-4.75,-7.48
0.85,-4.75,-7.48
-0.44,-5.93,-7.9
-0.44,-5.93,-7.9
-0.44,-5.93,-7.9
1.8,-5.13,-7.64
1.8,-5.13,-7.64
1.8,-5.13,-7.64
0.02,-5.01,-7.68
0.02,-5.01,-7.68
1.06,-4.63,-7.53
-0.01,-5.77,-7.73
-0.01,-5.77,-7.73
-0.01,-5.77,-7.73
0.49,-5.62,-7.57
0.49,-5.62,-7.57
0.49,-5.62,-7.57
0.34,-4.88,-7.7
0.34,-4.88,-7.7
0.05,-5.33,-7.57
0.66,-4.98,-7.63
0.66,-4.98,-7.63
1.09,-4.9,-7.7
0.06,-5.55,-7.95
0.06,-5.55,-7.95
0.06,-5.55,-7.95
0.99,-5.26,-7.74
0.99,-5.26,-7.74
0.99,-5.26,-7.74
0.15,-5.63,-7.66
0.15,-5.63,-7.66
0.15,-5.63,-7.66
-0.14,-5.31,-7.54
-0.14,-5.31,-7.54
-0.14,-5.31,-7.54
0.95,-5.36,-7.7
0.95,-5.36,-7.7
0.95,-5.36,-7.7
0.34,-5.52,-7.84
0.34,-5.52,-7.84
0.34,-5.52,-7.84
0.91,-5.25,-7.72
0.91,-5.25,-7.72
0.91,-5.25,-7.72
0.33,-5.23,-7.41
0.33,-5.23,-7.41
0.94,-5.04,-7.26
-0.09,-5.68,-7.75
-0.09,-5.68,-7.75
-0.09,-5.68,-7.75
1.11,-5.14,-7.63
1.11,-5.14,-7.63
1.11,-5.14,-7.63
0.14,-5.74,-8.02
0.14,-5.74,-8.02
0.14,-5.74,-8.02
-0.6,-5.56,-7.78
-0.6,-5.56,-7.78
-0.6,-5.56,-7.78
1.12,-4.91,-7.28
1.12,-4.91,-7.28
1.12,-4.91,-7.28
0.05,-5.45,-7.95
0.05,-5.45,-7.95
0.05,-5.45,-7.95
1.14,-5.14,-7.74
1.14,-5.14,-7.74
1.14,-5.14,-7.74
0.95,-5.26,-7.93
0.95,-5.26,-7.93
0.6,-5.69,-7.99
-0.01,-5.19,-7.03
-0.01,-5.19,-7.03
-0.01,-5.19,-7.03
0.37,-4.38,-7.52
0.37,-4.38,-7.52
0.37,-4.38,-7.52
1.32,-5.25,-7.94
1.32,-5.25,-7.94
0.3,-5.43,-8.31
0.67,-5.63,-7.99
0.67,-5.63,-7.99
0.88,-5.54,-7.61
-0.32,-5.42,-7.68
-0.32,-5.42,-7.68
-0.32,-5.42,-7.68
0.43,-5.27,-7.41
0.43,-5.27,-7.41
0.43,-5.27,-7.41
0.18,-5.02,-7.58
0.18,-5.02,-7.58
0.18,-5.02,-7.58
-0.03,-6.3,-8.0
-0.03,-6.3,-8.0
-0.03,-6.3,-8.0
1.1,-5.0,-7.51
1.1,-5.0,-7.51
1.1,-5.0,-7.51
-0.12,-4.68,-7.61
-0.12,-4.68,-7.61
-0.12,-4.68,-7.61
0.96,-4.9,-7.64
0.96,-4.9,-7.64
0.96,-4.9,-7.64
0.13,-5.58,-7.95
-0.05,-5.02,-8.01
-0.05,-5.02,-8.01
0.63,-5.85,-7.51
0.63,-5.85,-7.51
0.63,-5.85,-7.51
0.0,-4.78,-7.97
0.0,-4.78,-7.97
1.25,-5.11,-7.48
-0.5,-5.34,-7.79
-0.5,-5.34,-7.79
0.92,-4.58,-7.67
0.92,-4.58,-7.67
0.92,-4.58,-7.67
0.05,-5.7,-7.94
0.05,-5.7,-7.94
0.05,-5.7,-7.94
0.36,-5.26,-7.78
0.36,-5.26,-7.78
0.36,-5.26,-7.78
0.65,-4.82,-7.96
0.65,-4.82,-7.96
0.65,-4.82,-7.96
0.61,-5.47,-7.7
1.42,-5.06,-7.58
1.42,-5.06,-7.58
-0.87,-5.97,-8.05
-0.87,-5.97,-8.05
-0.87,-5.97,-8.05
0.58,-5.13,-7.56
0.58,-5.13,-7.56
0.58,-5.13,-7.56
0.16,-4.78,-7.56
0.83,-4.74,-7.59
0.83,-4.74,-7.59
0.91,-5.02,-7.72
0.11,-5.02,-8.0
0.11,-5.02,-8.0
0.68,-5.49,-7.67
-0.34,-5.15,-7.95
-0.34,-5.15,-7.95
-0.34,-5.15,-7.95
0.94,-5.09,-7.38
0.94,-5.09,-7.38
0.59,-4.53,-7.72
0.64,-5.2,-7.5
0.64,-5.2,-7.5
0.64,-5.2,-7.5
0.25,-5.2,-7.91
0.25,-5.2,-7.91
0.25,-5.2,-7.91
0.47,-5.25,-7.51
0.47,-5.25,-7.51
0.47,-5.25,-7.51
-0.23,-6.06,-8.02
0.29,-5.44,-7.65
0.67,-4.64,-7.44
0.38,-5.13,-7.6
0.38,-5.13,-7.6
0.47,-5.16,-7.72
0.47,-5.16,-7.72
0.47,-5.16,-7.72
0.55,-5.44,-7.75
0.55,-5.44,-7.75
0.55,-5.44,-7.75
0.44,-5.12,-7.75
0.44,-5.12,-7.75
0.44,-5.12,-7.75
1.04,-5.23,-7.87
1.04,-5.23,-7.87
1.04,-5.23,-7.87
-0.04,-4.98,-7.61
-0.04,-4.98,-7.61
-0.04,-4.98,-7.61
0.35,-5.3,-7.6
0.35,-5.3,-7.6
0.35,-5.3,-7.6
0.44,-5.21,-7.59
0.44,-5.21,-7.59
0.44,-5.21,-7.59
0.12,-5.1,-7.75
0.12,-5.1,-7.75
0.12,-5.1,-7.75
0.78,-5.44,-7.68
0.78,-5.44,-7.68
0.78,-5.44,-7.68
0.46,-4.91,-8.07
0.46,-4.91,-8.07
0.46,-4.91,-8.07
1.06,-4.86,-7.55
1.06,-4.86,-7.55
1.06,-4.86,-7.55
-0.54,-5.56,-7.67
-0.54,-5.56,-7.67
-0.54,-5.56,-7.67
0.96,-4.85,-7.95
0.96,-4.85,-7.95
0.96,-4.85,-7.95
0.6,-5.32,-7.64
0.6,-5.32,-7.64
0.6,-5.32,-7.64
-0.07,-5.73,-7.75
-0.07,-5.73,-7.75
-0.42,-5.68,-7.84
0.69,-5.33,-7.78
0.69,-5.33,-7.78
0.69,-5.33,-7.78
0.19,-4.99,-7.58
0.19,-4.99,-7.58
0.19,-4.99,-7.58
0.19,-5.25,-7.49
0.19,-5.25,-7.49
0.19,-5.25,-7.49
0.7,-4.94,-7.71
0.7,-4.94,-7.71
0.7,-4.94,-7.71
0.4,-5.27,-7.88
0.4,-5.27,-7.88
0.4,-5.27,-7.88
0.23,-5.34,-7.75
0.23,-5.34,-7.75
0.23,-5.34,-7.75
0.6,-5.19,-7.57
0.6,-5.19,-7.57
0.6,-5.19,-7.57
-0.02,-5.55,-7.81
-0.02,-5.55,-7.81
-0.06,-5.65,-7.56
0.34,-4.96,-7.79
0.34,-4.96,-7.79
0.34,-4.96,-7.79
0.54,-5.53,-7.81
0.54,-5.53,-7.81
0.54,-5.53,-7.81
0.29,-5.08,-7.88
0.29,-5.08,-7.88
0.29,-5.08,-7.88
0.55,-5.61,-7.64
0.55,-5.61,-7.64
1.23,-5.17,-7.36
-0.07,-5.18,-8.12
-0.07,-5.18,-8.12
-0.07,-5.18,-8.12
0.87,-5.32,-7.35
0.87,-5.32,-7.35
0.87,-5.32,-7.35
-0.02,-5.21,-8.13
-0.02,-5.21,-8.13
-0.02,-5.21,-8.13
1.37,-5.19,-7.31
1.37,-5.19,-7.31
0.16,-4.78,-7.87
1.05,-5.03,-7.61
1.05,-5.03,-7.61
1.05,-5.03,-7.61
-0.26,-5.47,-7.69
-0.26,-5.47,-7.69
-0.26,-5.47,-7.69
1.17,-5.46,-7.61
1.17,-5.46,-7.61
1.17,-5.46,-7.61
0.5,-4.52,-8.06
0.5,-4.52,-8.06
0.18,-5.45,-8.09
0.74,-4.7,-7.34
0.74,-4.7,-7.34
0.74,-4.7,-7.34
0.1,-6.03,-7.99
0.1,-6.03,-7.99
0.1,-6.03,-7.99
1.51,-4.38,-7.42
1.51,-4.38,-7.42
1.51,-4.38,-7.42
-0.12,-5.74,-8.16
-0.12,-5.74,-8.16
1.03,-5.09,-7.64
0.08,-5.38,-7.89
0.08,-5.38,-7.89
0.08,-5.38,-7.89
0.95,-5.06,-7.26
0.95,-5.06,-7.26
0.95,-5.06,-7.26
0.88,-4.71,-7.86
0.88,-4.71,-7.86
0.88,-4.71,-7.86
5.16,-2.78,-9.9
-16.72,-4.34,-8.99
