aX,aY,aZ
-19.04,-7.14,-10.76
-12.26,-2.96,0.81
12.09,-8.93,1.03
12.09,-8.93,1.03
12.09,-8.93,1.03
0.3,-8.86,-8.86
0.3,-8.86,-8.86
0.3,-8.86,-8.86
1.38,-8.09,-6.45
1.38,-8.09,-6.45
1.38,-8.09,-6.45
1.85,-6.05,-5.66
1.85,-6.05,-5.66
1.85,-6.05,-5.66
0.01,-7.32,-6.54
0.01,-7.32,-6.54
0.01,-7.32,-6.54
0.7,-7.68,-6.25
0.7,-7.68,-6.25
0.7,-7.68,-6.25
1.97,-8.2,-5.33
1.97,-8.2,-5.33
1.97,-8.2,-5.33
0.63,-6.46,-7.32
0.63,-6.46,-7.32
0.63,-6.46,-7.32
1.72,-7.53,-5.35
1.72,-7.53,-5.35
1.72,-7.53,-5.35
0.57,-6.68,-6.41
0.57,-6.68,-6.41
0.57,-6.68,-6.41
0.74,-7.05,-5.87
0.74,-7.05,-5.87
0.74,-7.05,-5.87
1.49,-7.49,-5.41
1.49,-7.49,-5.41
1.49,-7.49,-5.41
1.01,-7.71,-6.48
1.01,-7.71,-6.48
0.97,-8.16,-6.21
1.51,-6.95,-5.75
1.51,-6.95,-5.75
1.51,-6.95,-5.75
1.37,-6.99,-5.89
1.37,-6.99,-5.89
1.37,-6.99,-5.89
1.82,-7.3,-5.78
1.82,-7.3,-5.78
2.22,-6.93,-5.85
2.15,-6.46,-6.07
2.15,-6.46,-6.07
2.03,-6.58,-6.23
2.48,-7.25,-6.05
2.48,-7.25,-6.05
2.48,-7.25,-6.05
3.11,-7.16,-6.05
3.11,-7.16,-6.05
3.11,-7.16,-6.05
2.54,-7.04,-6.19
3.04,-6.81,-6.23
3.04,-6.81,-6.23
3.04,-6.81,-6.23
2.56,-7.18,-6.14
2.56,-7.18,-6.14
2.56,-7.18,-6.14
2.85,-6.78,-5.67
2.85,-6.78,-5.67
2.92,-6.33,-6.02
2.86,-7.82,-5.96
2.86,-7.82,-5.96
2.86,-7.82,-5.96
2.95,-7.33,-6.19
2.95,-7.33,-6.19
2.75,-7.17,-6.04
2.75,-7.17,-6.04
2.75,-7.17,-6.04
2.71,-6.34,-5.94
2.71,-6.34,-5.94
2.71,-6.34,-5.94
3.12,-6.14,-6.2
3.24,-6.91,-6.11
3.24,-6.91,-6.11
2.66,-6.95,-6.3
2.66,-6.95,-6.3
2.66,-6.95,-6.3
2.91,-6.78,-6.15
2.91,-6.78,-6.15
2.91,-6.78,-6.15
2.41,-6.01,-6.13
2.41,-6.01,-6.13
2.24,-6.01,-5.79
2.01,-6.06,-5.81
2.01,-6.06,-5.81
2.48,-5.82,-5.78
2.03,-5.89,-5.35
2.03,-5.89,-5.35
2.03,-5.89,-5.35
1.91,-4.79,-4.73
1.91,-4.79,-4.73
1.91,-4.79,-4.73
2.06,-5.59,-4.18
2.1,-5.63,-3.76
2.1,-5.63,-3.76
2.89,-4.83,-3.48
2.89,-4.83,-3.48
2.89,-4.83,-3.48
2.39,-6.12,-3.22
2.39,-6.12,-3.22
2.39,-6.12,-3.22
2.12,-7.74,-2.1
2.12,-7.74,-2.1
2.12,-7.74,-2.1
1.86,-7.56,-1.87
1.86,-7.56,-1.87
2.35,-7.83,-1.35
2.09,-9.02,-0.71
2.09,-9.02,-0.71
2.09,-9.02,-0.71
2.08,-10.62,-0.23
2.08,-10.62,-0.23
2.08,-10.62,-0.23
2.6,-9.37,0.58
2.6,-9.37,0.58
2.6,-9.37,0.58
2.15,-8.01,0.53
2.15,-8.01,0.53
3.61,-6.53,6.29
2.89,-9.51,5.8
2.89,-9.51,5.8
2.89,-9.51,5.8
2.04,-9.92,6.36
2.04,-9.92,6.36
2.04,-9.92,6.36
2.04,-5.81,5.55
2.04,-5.81,5.55
2.04,-5.81,5.55
1.99,-8.86,7.46
2.41,-8.98,7.63
2.14,-7.55,8.45
2.14,-7.55,8.45
2.14,-7.55,8.45
2.83,-8.27,10.33
2.83,-8.27,10.33
2.83,-8.27,10.33
1.14,-6.13,10.69
1.14,-6.13,10.69
1.14,-6.13,10.69
-0.05,-6.55,10.81
-0.05,-6.55,10.81
-0.02,-5.97,10.31
-0.57,-6.7,10.2
-0.57,-6.7,10.2
-0.57,-6.7,10.2
-1.35,-7.09,9.3
-1.35,-7.09,9.3
-1.58,-6.8,9.24
-1.58,-6.8,9.24
-1.58,-6.8,9.24
-1.96,-8.14,8.52
-1.96,-8.14,8.52
-1.76,-8.65,7.81
-1.64,-8.58,5.88
-1.64,-8.58,5.88
-1.64,-8.58,5.88
-1.2,-8.82,6.21
-1.2,-8.82,6.21
-1.2,-8.82,6.21
-1.01,-8.42,5.19
-1.01,-8.42,5.19
-1.01,-8.42,5.19
-0.57,-7.78,4.06
-0.57,-7.78,4.06
-0.88,-7.66,3.87
-0.44,-8.12,3.99
-0.44,-8.12,3.99
-0.44,-8.12,3.99
-0.64,-6.85,3.62
-0.64,-6.85,3.62
-0.64,-6.85,3.62
-0.83,-7.17,4.27
-0.83,-7.17,4.27
-0.83,-7.17,4.27
-0.73,-7.78,4.27
-0.73,-7.78,4.27
-0.73,-7.78,4.27
-0.45,-8.14,5.0
-0.45,-8.14,5.0
-0.45,-8.14,5.0
-1.05,-9.42,5.47
-1.05,-9.42,5.47
-1.05,-9.42,5.47
-2.12,-8.24,5.36
-2.12,-8.24,5.36
-2.12,-8.24,5.36
-2.34,-7.72,6.24
-2.34,-7.72,6.24
-2.34,-7.72,6.24
-2.85,-6.66,5.89
-2.85,-6.66,5.89
-2.85,-6.66,5.89
-1.97,-6.72,6.26
-1.97,-6.72,6.26
-1.97,-6.72,6.26
-1.82,-7.37,6.62
-1.82,-7.37,6.62
-1.82,-7.37,6.62
-3.53,-7.77,7.3
-3.53,-7.77,7.3
-3.53,-7.77,7.3
-1.43,-7.06,6.21
-1.43,-7.06,6.21
-1.43,-7.06,6.21
-0.88,-7.81,5.49
-0.88,-7.81,5.49
-0.88,-7.81,5.49
0.1,-7.08,5.19
0.1,-7.08,5.19
0.1,-7.08,5.19
-1.09,-9.11,6.23
-1.09,-9.11,6.23
-1.09,-9.11,6.23
0.57,-8.88,5.54
0.57,-8.88,5.54
0.57,-8.88,5.54
-0.02,-9.36,5.01
-0.02,-9.36,5.01
-0.02,-9.36,5.01
0.19,-8.01,5.08
0.19,-8.01,5.08
0.19,-8.01,5.08
0.27,-8.32,5.26
-0.15,-8.62,5.0
-0.15,-8.62,5.0
-0.05,-8.87,5.05
-0.05,-8.87,5.05
-0.05,-8.87,5.05
-0.79,-8.05,4.49
-0.79,-8.05,4.49
-0.79,-8.05,4.49
-1.04,-9.18,5.29
-1.04,-9.18,5.29
-1.03,-9.74,5.67
-0.46,-9.72,5.54
-0.46,-9.72,5.54
-0.46,-9.72,5.54
-0.26,-8.68,4.99
-0.26,-8.68,4.99
-0.26,-8.68,4.99
-0.09,-9.18,5.11
-0.09,-9.18,5.11
-0.09,-9.18,5.11
-0.06,-9.62,5.26
-0.06,-9.62,5.26
-0.1,-9.47,5.15
0.21,-9.9,5.51
0.21,-9.9,5.51
0.21,-9.9,5.51
0.15,-10.3,5.39
0.15,-10.3,5.39
0.15,-10.3,5.39
1.0,-11.15,5.32
1.0,-11.15,5.32
1.0,-11.15,5.32
1.86,-12.25,6.3
1.86,-12.25,6.3
1.93,-12.66,6.52
1.4,-12.7,6.23
1.4,-12.7,6.23
1.15,-12.44,5.92
1.96,-11.81,6.2
1.96,-11.81,6.2
1.96,-11.81,6.2
2.08,-11.25,6.09
2.08,-11.25,6.09
2.08,-11.25,6.09
0.61,-10.17,4.53
0.61,-10.17,4.53
0.61,-10.17,4.53
0.65,-8.93,3.57
0.65,-8.93,3.57
0.7,-8.75,3.01
0.65,-7.51,1.8
0.65,-7.51,1.8
0.65,-7.51,1.8
1.19,-7.39,1.04
1.19,-7.39,1.04
1.19,-7.39,1.04
1.06,-6.53,0.9
1.06,-6.53,0.9
1.06,-6.53,0.9
1.7,-5.0,0.61
1.59,-4.09,-0.21
1.59,-4.09,-0.21
2.54,-3.06,-1.82
2.54,-3.06,-1.82
2.54,-3.06,-1.82
3.03,-1.67,-0.01
3.03,-1.67,-0.01
3.03,-1.67,-0.01
3.88,-2.52,-1.41
3.88,-2.52,-1.41
3.88,-2.52,-1.41
4.17,-3.89,0.77
3.04,-3.89,1.14
3.04,-3.89,1.14
2.66,-4.89,1.13
2.66,-4.89,1.13
2.66,-4.89,1.13
2.38,-3.66,1.39
2.38,-3.66,1.39
2.38,-3.66,1.39
-2.52,-5.45,5.52
-2.52,-5.45,5.52
-2.52,-5.45,5.52
-0.98,-6.35,5.75
-0.98,-6.35,5.75
-0.98,-6.35,5.75
-0.97,-8.61,5.83
-0.97,-8.61,5.83
-0.97,-8.61,5.83
-1.12,-7.69,5.26
-1.12,-7.69,5.26
-1.12,-7.69,5.26
-0.68,-11.48,9.3
-0.68,-11.48,9.3
-2.04,-9.7,7.14
-1.9,-10.52,8.48
-1.9,-10.52,8.48
-3.22,-12.72,9.11
-3.22,-12.72,9.11
-3.22,-12.72,9.11
-4.22,-9.59,7.66
-4.22,-9.59,7.66
-4.22,-9.59,7.66
-3.89,-8.58,8.64
-3.89,-8.58,8.64
-4.29,-8.29,8.24
-5.15,-7.32,8.13
-5.15,-7.32,8.13
-5.15,-7.32,8.13
-4.3,-6.31,8.45
-4.3,-6.31,8.45
-4.3,-6.31,8.45
-5.6,-6.35,8.33
-5.6,-6.35,8.33
-5.6,-6.35,8.33
-4.72,-5.06,8.06
-4.72,-5.06,8.06
-4.76,-5.07,8.21
-4.22,-5.23,8.18
-4.22,-5.23,8.18
-4.22,-5.23,8.18
-4.28,-5.16,7.8
-4.28,-5.16,7.8
-4.28,-5.16,7.8
-4.22,-4.26,7.99
-4.22,-4.26,7.99
-4.22,-4.26,7.99
-4.58,-4.42,8.01
-4.68,-5.04,8.16
-4.68,-5.04,8.16
-3.96,-4.8,8.02
-3.96,-4.8,8.02
-3.96,-4.8,8.02
-3.76,-3.81,7.25
-3.76,-3.81,7.25
-3.76,-3.81,7.25
-3.86,-5.33,7.55
-3.86,-5.33,7.55
-3.86,-5.33,7.55
-3.84,-3.53,6.91
-3.84,-3.53,6.91
-4.02,-4.41,7.5
-4.47,-5.52,7.96
-4.47,-5.52,7.96
-4.47,-5.52,7.96
-4.08,-5.08,7.72
-4.08,-5.08,7.72
-4.08,-5.08,7.72
-4.19,-5.42,7.47
-4.19,-5.42,7.47
-4.19,-5.42,7.47
-3.62,-4.78,6.52
-3.62,-4.78,6.52
-3.62,-4.78,6.52
-4.67,-5.43,6.98
-4.67,-5.43,6.98
-4.67,-5.43,6.98
-5.17,-4.56,6.8
-5.17,-4.56,6.8
-5.17,-4.56,6.8
-6.3,-4.06,6.55
-6.3,-4.06,6.55
-6.3,-4.06,6.55
-6.78,-4.26,6.58
-6.15,-4.58,7.04
-6.15,-4.58,7.04
-5.47,-5.24,7.43
-5.47,-5.24,7.43
-5.47,-5.24,7.43
-6.19,-3.24,6.05
-6.19,-3.24,6.05
-6.19,-3.24,6.05
-6.02,-4.74,6.62
-6.02,-4.74,6.62
-6.02,-4.74,6.62
-5.73,-4.04,5.46
-5.73,-4.04,5.46
-6.6,-3.46,5.48
-6.26,-3.97,5.87
-6.26,-3.97,5.87
-6.26,-3.97,5.87
-5.66,-3.29,5.31
-5.66,-3.29,5.31
-5.66,-3.29,5.31
-5.44,-5.45,6.03
-5.44,-5.45,6.03
-5.44,-5.45,6.03
-5.1,-4.32,5.62
-5.1,-4.32,5.62
-5.1,-4.32,5.62
-6.08,-5.59,7.04
-6.08,-5.59,7.04
-6.08,-5.59,7.04
-6.41,-5.04,6.73
-6.41,-5.04,6.73
-6.41,-5.04,6.73
-5.77,-4.54,6.61
-5.77,-4.54,6.61
-5.77,-4.54,6.61
-5.61,-4.43,6.68
-5.61,-4.43,6.68
-5.61,-4.43,6.68
-4.83,-4.68,6.69
-4.83,-4.68,6.69
-4.83,-4.68,6.69
-4.73,-3.95,6.67
-4.73,-3.95,6.67
-4.73,-3.95,6.67
-4.61,-4.43,7.54
-4.61,-4.43,7.54
-4.61,-4.43,7.54
-4.55,-4.53,7.51
-4.55,-4.53,7.51
-4.49,-4.67,7.37
-4.96,-4.72,7.27
-4.96,-4.72,7.27
-4.96,-4.72,7.27
-5.21,-5.22,7.4
-5.21,-5.22,7.4
-5.21,-5.22,7.4
-5.46,-3.85,6.6
-5.46,-3.85,6.6
-5.46,-3.85,6.6
-5.99,-4.13,6.45
-5.99,-4.13,6.45
-5.99,-4.13,6.45
-6.09,-4.14,6.37
-6.09,-4.14,6.37
-6.09,-4.14,6.37
-6.27,-3.88,6.02
-6.27,-3.88,6.02
-6.27,-3.88,6.02
-5.48,-4.06,5.7
-5.48,-4.06,5.7
-5.48,-4.06,5.7
-5.16,-4.31,5.53
-5.16,-4.31,5.53
-5.34,-4.19,5.49
-5.66,-3.55,4.93
-5.66,-3.55,4.93
-5.66,-3.55,4.93
-6.04,-4.56,5.8
-6.04,-4.56,5.8
-6.04,-4.56,5.8
-6.98,-5.45,7.43
-6.98,-5.45,7.43
-6.98,-5.45,7.43
-5.86,-3.83,6.49
-5.86,-3.83,6.49
-5.86,-3.83,6.49
-4.9,-4.16,6.54
-4.9,-4.16,6.54
-4.9,-4.16,6.54
-5.15,-3.98,6.42
-5.15,-3.98,6.42
-5.15,-3.98,6.42
-5.65,-4.51,6.95
-5.65,-4.51,6.95
-5.65,-4.51,6.95
-5.55,-4.42,6.62
-5.55,-4.42,6.62
-5.55,-4.42,6.62
-5.47,-4.64,6.64
-5.47,-4.64,6.64
-5.63,-4.51,6.72
-5.63,-4.51,6.72
-5.63,-4.51,6.72
-5.41,-4.22,7.03
-5.41,-4.22,7.03
-5.41,-4.22,7.03
-5.65,-4.04,7.34
-5.65,-4.04,7.34
-5.76,-4.04,7.05
-5.96,-3.92,6.65
-5.96,-3.92,6.65
-5.96,-3.92,6.65
-5.77,-4.57,6.86
-5.77,-4.57,6.86
-5.77,-4.57,6.86
-5.83,-3.8,6.31
-5.83,-3.8,6.31
-6.31,-3.82,6.21
-6.38,-3.62,6.2
-6.21,-3.63,6.37
-6.21,-3.63,6.37
-5.82,-4.36,6.55
-5.82,-4.36,6.55
-5.82,-4.36,6.55
-5.69,-4.37,6.45
-5.69,-4.37,6.45
-5.69,-4.37,6.45
-6.13,-3.7,5.16
-6.13,-3.7,5.16
-6.13,-3.7,5.16
-6.04,-3.9,5.02
-6.39,-4.06,5.45
-6.39,-4.06,5.45
-6.52,-4.56,5.21
-6.52,-4.56,5.21
-6.52,-4.56,5.21
-6.68,-5.09,5.6
-6.68,-5.09,5.6
-6.68,-5.09,5.6
-7.37,-4.97,6.25
-7.37,-4.97,6.25
-6.97,-4.74,7.25
-6.83,-4.88,7.23
-6.44,-4.73,7.33
-6.44,-4.73,7.33
-3.99,-3.81,6.93
-3.99,-3.81,6.93
-3.99,-3.81,6.93
-3.89,-5.26,7.41
-3.89,-5.26,7.41
-3.89,-5.26,7.41
-3.45,-4.99,7.36
-3.45,-4.99,7.36
-3.67,-4.56,7.45
-3.7,-4.59,8.01
-3.79,-4.84,8.3
-3.79,-4.84,8.3
-3.97,-3.92,8.35
-3.97,-3.92,8.35
-3.97,-3.92,8.35
-3.92,-3.3,8.16
-3.92,-3.3,8.16
-3.92,-3.3,8.16
-3.54,-4.44,8.07
-3.54,-4.44,8.07
-3.54,-4.44,8.07
-2.49,-4.55,7.9
-2.49,-4.55,7.9
-2.49,-4.55,7.9
-2.85,-3.61,8.03
-2.85,-3.61,8.03
-2.85,-3.61,8.03
-2.46,-4.9,8.09
-2.46,-4.9,8.09
-2.46,-4.9,8.09
-2.54,-4.72,7.83
-2.54,-4.72,7.83
-2.54,-4.72,7.83
-2.07,-4.31,7.83
-2.07,-4.31,7.83
-2.07,-4.31,7.83
-2.45,-4.12,7.62
-2.45,-4.12,7.62
-2.45,-4.12,7.62
-2.91,-4.21,8.3
-2.91,-4.21,8.3
-2.91,-4.21,8.3
-3.69,-4.67,8.8
-3.69,-4.67,8.8
-3.69,-4.67,8.8
-2.99,-3.51,7.93
-2.99,-3.51,7.93
-2.99,-3.51,7.93
-2.89,-4.57,8.97
-2.89,-4.57,8.97
-2.89,-4.57,8.97
-2.65,-4.57,8.17
-2.65,-4.57,8.17
-2.65,-4.57,8.17
-2.76,-4.25,7.96
-2.48,-4.14,8.53
-2.48,-4.14,8.53
-3.85,-4.9,9.42
-3.85,-4.9,9.42
-3.85,-4.9,9.42
-3.36,-4.69,8.64
-3.36,-4.69,8.64
-3.36,-4.69,8.64
-4.06,-3.74,7.23
-4.06,-3.74,7.23
-4.06,-3.74,7.23
-2.92,-4.72,8.54
-2.92,-4.72,8.54
-2.92,-4.72,8.54
-2.97,-5.23,8.73
-2.97,-5.23,8.73
-2.97,-5.23,8.73
-2.81,-4.75,7.83
-2.81,-4.75,7.83
-2.81,-5.07,7.69
-2.81,-5.07,7.69
-2.81,-5.07,7.69
-1.68,-4.85,8.63
-1.68,-4.85,8.63
-1.44,-4.06,8.07
-1.87,-3.74,7.59
-1.92,-3.91,7.81
-1.92,-3.91,7.81
-2.54,-4.78,8.45
-2.54,-4.78,8.45
-2.54,-4.78,8.45
-2.86,-4.63,8.51
-2.86,-4.63,8.51
-2.86,-4.63,8.51
-3.55,-4.06,8.08
-3.55,-4.06,8.08
-3.67,-4.25,7.98
-3.72,-4.64,8.3
-3.72,-4.64,8.3
-3.72,-4.64,8.3
-3.09,-4.04,8.12
-3.09,-4.04,8.12
-3.09,-4.04,8.12
-3.14,-4.42,8.12
-3.14,-4.42,8.12
-3.14,-4.42,8.12
-3.6,-4.31,8.09
-3.8,-4.2,8.11
-3.8,-4.2,8.11
-3.51,-4.33,8.54
-3.51,-4.33,8.54
-3.51,-4.33,8.54
-4.03,-4.51,8.52
-4.03,-4.51,8.52
-4.03,-4.51,8.52
-4.1,-4.46,8.04
-4.1,-4.46,8.04
-4.1,-4.46,8.04
-3.67,-4.38,7.66
-3.67,-4.38,7.66
-3.3,-4.26,7.75
-3.34,-3.98,8.07
-3.97,-3.8,8.05
-3.97,-3.8,8.05
-3.7,-4.73,7.92
-3.7,-4.73,7.92
-3.7,-4.73,7.92
-4.07,-4.75,8.5
-4.07,-4.75,8.5
-3.32,-4.5,8.1
-3.32,-4.5,8.1
-3.32,-4.5,8.1
-3.1,-4.55,7.77
-3.1,-4.55,7.77
-3.1,-4.55,7.77
-3.09,-5.22,7.95
-3.09,-5.22,7.95
-3.09,-5.22,7.95
-3.06,-4.57,7.99
-3.06,-4.57,7.99
-3.06,-4.57,7.99
-3.08,-4.61,8.14
-3.08,-4.61,8.14
-3.08,-4.61,8.14
-3.15,-4.09,7.39
-3.15,-4.09,7.39
-3.15,-4.09,7.39
-2.93,-4.45,7.26
-2.93,-4.45,7.26
-2.93,-4.45,7.26
-2.93,-4.76,8.2
-2.93,-4.76,8.2
-2.93,-4.76,8.2
-2.79,-4.87,8.17
-2.79,-4.87,8.17
-2.82,-4.37,7.92
-3.24,-4.64,7.66
-3.24,-4.64,7.66
-3.24,-4.64,7.66
-3.36,-4.82,7.36
-3.36,-4.82,7.36
-3.36,-4.82,7.36
-3.17,-4.6,7.92
-3.17,-4.6,7.92
-3.17,-4.6,7.92
-3.52,-4.37,8.19
-3.52,-4.37,8.19
-3.43,-4.0,8.41
-3.09,-3.31,8.44
-3.09,-3.31,8.44
-3.09,-3.31,8.44
-2.46,-4.16,8.57
-2.46,-4.16,8.57
-2.46,-4.16,8.57
-2.84,-4.67,8.59
-2.84,-4.67,8.59
-2.84,-4.67,8.59
-2.84,-4.11,8.51
-2.84,-4.11,8.51
-2.84,-4.11,8.51
-2.51,-4.76,8.8
-2.51,-4.76,8.8
-2.51,-4.76,8.8
-2.34,-4.41,8.51
-2.34,-4.41,8.51
-2.34,-4.41,8.51
-2.7,-4.32,8.7
-2.7,-4.32,8.7
-2.79,-4.49,8.85
-3.03,-4.5,8.77
-3.03,-4.5,8.77
-3.11,-4.3,8.61
-3.13,-4.22,8.27
-3.13,-4.22,8.27
-3.13,-4.22,8.27
-3.24,-4.43,8.39
-3.24,-4.43,8.39
-3.24,-4.43,8.39
-3.07,-4.85,8.58
-3.07,-4.85,8.58
-3.07,-4.85,8.58
-3.24,-4.3,8.35
-3.24,-4.3,8.35
-3.1,-4.38,8.21
-2.96,-4.8,8.64
-2.96,-4.8,8.64
-2.96,-4.8,8.64
-2.67,-5.03,8.86
-2.67,-5.03,8.86
-2.67,-5.03,8.86
-2.64,-4.37,8.46
-2.64,-4.37,8.46
-2.62,-4.48,8.34
-2.65,-5.01,8.29
-2.5,-5.17,8.23
-2.5,-5.17,8.23
-2.62,-4.55,7.74
-2.62,-4.55,7.74
-2.62,-4.55,7.74
-2.91,-4.47,7.55
-2.91,-4.47,7.55
-3.02,-4.06,7.87
-3.02,-4.06,7.87
-3.22,-4.24,7.96
-3.39,-4.75,7.65
-3.39,-4.75,7.65
-3.39,-4.75,7.65
-3.2,-4.54,7.89
-3.2,-4.54,7.89
-3.2,-4.54,7.89
-2.81,-4.79,8.42
-2.81,-4.79,8.42
-2.81,-4.79,8.42
-2.76,-4.42,8.53
-2.76,-4.42,8.53
-3.16,-4.66,8.65
-2.92,-4.89,8.86
-2.92,-4.89,8.86
-2.92,-4.89,8.86
-3.16,-4.54,8.08
-3.16,-4.54,8.08
-3.16,-4.54,8.08
-3.24,-4.39,7.98
-3.24,-4.39,7.98
-3.24,-4.39,7.98
-3.17,-5.11,8.78
-3.17,-5.11,8.78
-3.17,-5.11,8.78
-2.93,-4.01,8.18
-2.93,-4.01,8.18
-3.03,-4.04,7.98
-2.95,-4.56,7.93
-2.95,-4.56,7.93
-2.95,-4.56,7.93
-3.19,-4.53,8.39
-3.19,-4.53,8.39
-3.19,-4.53,8.39
-3.51,-4.49,8.34
-3.51,-4.49,8.34
-3.51,-4.49,8.34
-3.29,-4.36,7.93
-3.29,-4.36,7.93
-3.15,-4.37,7.86
-3.09,-4.63,8.04
-3.09,-4.63,8.04
-3.09,-4.63,8.04
-3.22,-5.07,8.21
-3.22,-5.07,8.21
-3.22,-5.07,8.21
-3.32,-4.1,8.07
-3.32,-4.1,8.07
-3.32,-4.1,8.07
-3.59,-3.5,8.04
-3.59,-3.5,8.04
-3.8,-3.86,8.16
-3.51,-3.71,7.87
-3.51,-3.71,7.87
-3.51,-3.71,7.87
-3.36,-4.27,8.04
-3.36,-4.27,8.04
-3.36,-4.27,8.04
-3.25,-5.08,8.45
-3.25,-5.08,8.45
-3.25,-5.08,8.45
-2.82,-4.75,8.58
-2.82,-4.75,8.58
-2.82,-4.75,8.58
-3.3,-4.75,8.61
-3.3,-4.75,8.61
-3.3,-4.75,8.61
-3.17,-4.71,8.44
-3.17,-4.71,8.44
-3.17,-4.71,8.44
-3.56,-4.27,8.2
-3.56,-4.27,8.2
-3.36,-4.54,8.37
-3.14,-4.71,8.4
-3.14,-4.71,8.4
-2.97,-4.32,8.42
-2.97,-4.32,8.42
-2.97,-4.32,8.42
-3.11,-4.85,8.4
-3.11,-4.85,8.4
-3.11,-4.85,8.4
-2.84,-4.67,8.2
-2.84,-4.67,8.2
-2.84,-4.67,8.2
-2.62,-5.04,8.93
-2.62,-5.04,8.93
-2.18,-5.55,9.14
-2.18,-5.98,8.12
-2.18,-5.98,8.12
-2.18,-5.98,8.12
-1.35,-5.51,9.07
-1.35,-5.51,9.07
-1.35,-5.51,9.07
-2.01,-5.48,8.75
-2.01,-5.48,8.75
-2.01,-5.48,8.75
-1.82,-5.2,8.37
-2.54,-5.7,7.86
-2.54,-5.7,7.86
-2.59,-5.32,7.21
-2.59,-5.32,7.21
-2.59,-5.32,7.21
-2.0,-5.32,8.33
-2.0,-5.32,8.33
-2.0,-5.32,8.33
-1.66,-6.63,8.64
-1.74,-6.41,8.19
-1.74,-6.41,8.19
-2.24,-5.51,7.63
-2.35,-4.93,7.15
-2.35,-4.93,7.15
-1.46,-6.12,7.72
-1.46,-6.12,7.72
-1.46,-6.12,7.72
-1.1,-6.38,8.19
-1.1,-6.38,8.19
-1.1,-6.38,8.19
-1.34,-5.71,7.44
-1.34,-5.71,7.44
-1.81,-6.34,6.97
-2.17,-7.09,7.15
-1.82,-7.62,7.29
-1.82,-7.62,7.29
-1.34,-8.49,7.43
-1.34,-8.49,7.43
-1.34,-8.49,7.43
-1.26,-8.0,7.05
-1.26,-8.0,7.05
-1.26,-8.0,7.05
-1.09,-6.89,7.09
-1.09,-6.89,7.09
-1.03,-6.83,6.86
-0.85,-7.36,6.88
-0.85,-7.36,6.88
-0.85,-7.36,6.88
-1.16,-7.3,6.86
-1.16,-7.3,6.86
-1.16,-7.3,6.86
-1.01,-7.78,6.25
-1.01,-7.78,6.25
-1.01,-7.78,6.25
-0.6,-8.84,6.56
-0.6,-8.84,6.56
-0.6,-8.84,6.56
-0.79,-8.66,5.65
-0.79,-8.66,5.65
-0.79,-8.66,5.65
-0.55,-9.52,5.24
-0.55,-9.52,5.24
-0.55,-9.52,5.24
-0.41,-9.04,5.12
-0.41,-9.04,5.12
-0.41,-9.04,5.12
-0.32,-9.56,4.36
-0.32,-9.56,4.36
-0.11,-9.56,4.26
-0.01,-9.5,4.23
-0.01,-9.5,4.23
-0.01,-9.5,4.23
0.12,-9.63,3.63
0.12,-9.63,3.63
0.12,-9.63,3.63
0.17,-8.85,3.13
0.17,-8.85,3.13
0.17,-8.85,3.13
0.08,-8.87,2.8
0.08,-8.87,2.8
0.18,-8.66,2.61
0.38,-8.97,1.72
0.38,-8.97,1.72
0.38,-8.97,1.72
0.43,-8.78,1.73
0.43,-8.78,1.73
0.43,-8.78,1.73
0.5,-9.55,0.89
0.5,-9.55,0.89
0.5,-9.55,0.89
0.59,-9.56,0.75
0.59,-9.56,0.75
1.1,-9.93,0.61
1.46,-9.12,0.49
1.46,-9.12,0.49
1.46,-9.12,0.49
1.54,-9.62,0.39
1.54,-9.62,0.39
1.54,-9.62,0.39
1.76,-8.77,-0.47
1.76,-8.77,-0.47
1.76,-8.77,-0.47
1.93,-9.12,-0.4
1.93,-9.12,-0.4
1.93,-9.12,-0.4
1.47,-8.41,-1.04
1.47,-8.41,-1.04
1.47,-8.41,-1.04
1.28,-9.39,-0.11
1.28,-9.39,-0.11
1.28,-9.39,-0.11
2.98,-4.05,-14.76
2.98,-4.05,-14.76
2.98,-4.05,-14.76
5.16,-8.92,0.57
2.1,-7.78,-2.47
2.1,-7.78,-2.47
2.72,-8.68,-3.08
2.72,-8.68,-3.08
2.72,-8.68,-3.08
3.02,-7.48,-3.83
3.02,-7.48,-3.83
3.02,-7.48,-3.83
2.8,-7.78,-3.96
2.8,-7.78,-3.96
2.8,-7.78,-3.96
2.75,-7.2,-3.24
2.75,-7.2,-3.24
2.6,-7.54,-3.33
2.68,-7.32,-3.84
2.68,-7.32,-3.84
2.68,-7.32,-3.84
2.74,-7.06,-3.33
2.74,-7.06,-3.33
2.74,-7.06,-3.33
2.93,-6.63,-3.66
2.93,-6.63,-3.66
2.71,-6.9,-3.79
3.37,-7.93,-3.79
3.37,-7.93,-3.79
3.37,-7.93,-3.79
3.22,-8.42,-4.29
3.22,-8.42,-4.29
3.22,-8.42,-4.29
2.81,-7.32,-4.64
2.81,-7.32,-4.64
2.81,-7.32,-4.64
2.84,-7.8,-4.17
2.84,-7.8,-4.17
2.84,-7.8,-4.17
2.61,-8.23,-4.34
2.61,-8.23,-4.34
2.61,-8.23,-4.34
3.17,-7.58,-4.65
3.17,-7.58,-4.65
3.17,-7.58,-4.65
2.32,-7.73,-5.02
2.32,-7.73,-5.02
2.61,-8.05,-4.39
2.61,-8.05,-4.39
2.61,-8.05,-4.39
2.49,-7.86,-4.69
2.49,-7.86,-4.69
2.49,-7.86,-4.69
2.66,-7.86,-4.56
2.66,-7.86,-4.56
2.66,-7.86,-4.56
2.79,-7.77,-4.38
2.79,-7.77,-4.38
2.79,-7.77,-4.38
2.42,-7.54,-4.77
2.42,-7.54,-4.77
2.42,-7.54,-4.77
2.49,-7.91,-5.05
2.49,-7.91,-5.05
2.49,-7.91,-5.05
2.39,-8.44,-4.58
2.39,-8.44,-4.58
2.39,-8.44,-4.58
2.46,-7.75,-4.65
2.46,-7.75,-4.65
2.43,-8.14,-4.71
2.43,-8.14,-4.71
2.47,-7.93,-4.41
2.34,-7.64,-4.37
2.34,-7.64,-4.37
2.06,-7.77,-4.74
2.13,-8.32,-5.08
2.13,-8.32,-5.08
2.13,-8.32,-5.08
2.1,-8.05,-4.74
2.1,-8.05,-4.74
2.1,-8.05,-4.74
2.26,-8.11,-4.55
2.26,-8.11,-4.55
2.26,-8.11,-4.55
2.31,-8.22,-4.41
2.31,-8.22,-4.41
2.31,-8.22,-4.41
2.19,-7.88,-4.43
2.19,-7.88,-4.43
2.19,-7.88,-4.43
2.2,-8.0,-4.15
2.2,-8.0,-4.15
2.2,-8.0,-4.15
2.21,-8.61,-3.75
2.21,-8.61,-3.75
2.21,-8.61,-3.75
2.23,-8.7,-3.86
2.24,-8.62,-4.34
2.24,-8.62,-4.34
2.04,-8.44,-4.42
2.04,-8.44,-4.42
2.04,-8.44,-4.42
1.75,-8.23,-4.47
1.75,-8.23,-4.47
1.75,-8.23,-4.47
1.53,-7.94,-4.59
1.53,-7.94,-4.59
1.53,-7.94,-4.59
1.72,-7.95,-4.51
1.72,-7.95,-4.51
1.89,-8.09,-4.38
1.91,-8.43,-4.37
1.91,-8.43,-4.37
1.91,-8.43,-4.37
2.04,-8.15,-4.39
2.04,-8.15,-4.39
2.04,-8.15,-4.39
1.74,-8.01,-4.64
1.74,-8.01,-4.64
1.74,-8.01,-4.64
1.57,-8.44,-4.49
1.57,-8.44,-4.49
1.57,-8.44,-4.49
1.72,-8.25,-4.54
1.72,-8.25,-4.54
1.72,-8.25,-4.54
2.0,-8.16,-4.47
2.0,-8.16,-4.47
2.0,-8.16,-4.47
1.81,-8.5,-4.33
1.81,-8.5,-4.33
1.81,-8.5,-4.33
1.83,-7.94,-4.43
1.55,-7.6,-4.76
1.55,-7.6,-4.76
1.32,-7.94,-4.85
1.32,-7.94,-4.85
1.32,-7.94,-4.85
1.29,-7.79,-4.66
1.29,-7.79,-4.66
1.29,-7.79,-4.66
1.61,-8.43,-4.55
1.61,-8.43,-4.55
1.52,-8.25,-4.51
1.45,-7.88,-4.61
1.62,-8.11,-4.45
1.62,-8.11,-4.45
1.63,-8.5,-4.51
1.63,-8.5,-4.51
1.63,-8.5,-4.51
1.48,-8.55,-4.48
1.6,-8.38,-4.38
1.6,-8.38,-4.38
1.6,-8.38,-4.38
1.47,-8.43,-4.4
1.47,-8.43,-4.4
1.47,-8.43,-4.4
1.48,-8.45,-4.29
1.48,-8.45,-4.29
1.48,-8.45,-4.29
1.35,-8.28,-4.52
1.35,-8.28,-4.52
1.35,-8.28,-4.52
1.5,-8.49,-4.34
1.5,-8.49,-4.34
1.56,-8.23,-4.3
1.5,-8.07,-4.29
1.5,-8.07,-4.29
1.5,-8.07,-4.29
1.28,-8.36,-4.4
1.28,-8.36,-4.4
1.28,-8.36,-4.4
1.27,-8.74,-4.57
1.27,-8.74,-4.57
1.27,-8.74,-4.57
1.44,-8.2,-4.46
1.44,-8.2,-4.46
1.63,-8.13,-4.46
1.37,-7.89,-4.66
1.37,-7.89,-4.66
1.37,-7.89,-4.66
1.52,-7.63,-4.44
1.52,-7.63,-4.44
1.52,-7.63,-4.44
1.47,-8.43,-4.36
1.47,-8.43,-4.36
1.47,-8.43,-4.36
1.44,-8.67,-4.23
1.44,-8.67,-4.23
1.31,-8.61,-4.08
1.41,-8.22,-4.36
1.41,-8.22,-4.36
1.41,-8.22,-4.36
1.48,-8.12,-4.54
1.48,-8.12,-4.54
1.48,-8.12,-4.54
1.19,-7.98,-4.37
1.19,-7.98,-4.37
1.19,-7.98,-4.37
1.25,-8.01,-4.55
1.25,-8.01,-4.55
1.25,-8.01,-4.55
1.57,-8.42,-4.29
1.57,-8.42,-4.29
1.57,-8.42,-4.29
1.93,-8.55,-4.26
1.93,-8.55,-4.26
1.93,-8.55,-4.26
1.92,-8.25,-4.43
1.92,-8.25,-4.43
1.92,-8.25,-4.43
1.25,-8.34,-4.58
1.25,-8.34,-4.58
1.4,-8.15,-4.3
1.4,-8.15,-4.3
1.4,-8.15,-4.3
1.3,-8.52,-4.34
1.3,-8.52,-4.34
1.3,-8.52,-4.34
1.36,-8.13,-4.08
1.36,-8.13,-4.08
1.59,-8.29,-4.0
1.45,-8.14,-4.38
1.45,-8.14,-4.38
1.45,-8.14,-4.38
1.41,-8.09,-4.53
1.41,-8.09,-4.53
1.41,-8.09,-4.53
1.34,-8.65,-4.33
1.34,-8.65,-4.33
1.34,-8.65,-4.33
1.6,-8.56,-4.27
1.6,-8.56,-4.27
1.6,-8.56,-4.27
1.52,-7.97,-3.84
1.52,-7.97,-3.84
1.52,-7.97,-3.84
1.03,-8.27,-3.97
1.03,-8.27,-3.97
1.03,-8.27,-3.97
1.04,-9.21,-3.77
1.04,-9.21,-3.77
1.04,-9.21,-3.77
1.01,-7.63,-4.37
1.01,-7.63,-4.37
1.01,-7.63,-4.37
1.56,-8.32,-4.26
1.56,-8.32,-4.26
2.35,-9.22,-3.57
0.92,-9.0,-3.55
0.92,-9.0,-3.55
1.09,-7.8,-4.16
1.09,-7.8,-4.16
1.09,-7.8,-4.16
1.75,-7.27,-3.74
1.75,-7.27,-3.74
1.75,-7.27,-3.74
0.91,-7.93,-3.94
0.91,-7.93,-3.94
1.6,-7.56,-4.15
2.24,-7.78,-3.59
2.24,-7.78,-3.59
2.24,-7.78,-3.59
2.51,-9.33,-3.37
2.51,-9.33,-3.37
2.51,-9.33,-3.37
1.83,-10.02,-3.76
1.83,-10.02,-3.76
1.83,-10.02,-3.76
2.54,-9.09,-3.82
2.54,-9.09,-3.82
1.45,-9.01,-3.29
0.59,-9.45,-3.23
0.59,-9.45,-3.23
0.59,-9.45,-3.23
1.42,-9.61,-3.43
1.42,-9.61,-3.43
1.42,-9.61,-3.43
2.18,-9.37,-3.0
2.18,-9.37,-3.0
2.18,-9.37,-3.0
2.1,-8.95,-3.24
2.1,-8.95,-3.24
1.63,-8.86,-3.59
1.72,-8.92,-3.12
1.72,-8.92,-3.12
1.72,-8.92,-3.12
1.08,-9.25,-2.92
1.08,-9.25,-2.92
1.08,-9.25,-2.92
0.56,-8.43,-3.96
0.56,-8.43,-3.96
1.1,-8.37,-5.31
1.83,-12.41,-2.28
1.83,-12.41,-2.28
1.83,-12.41,-2.28
2.72,-9.07,-3.81
2.72,-9.07,-3.81
2.72,-9.07,-3.81
2.23,-7.06,-5.47
2.23,-7.06,-5.47
2.23,-7.06,-5.47
2.15,-8.79,-3.72
2.15,-8.79,-3.72
2.15,-8.79,-3.72
1.63,-7.06,-4.53
1.63,-7.06,-4.53
1.3,-8.98,-4.43
1.0,-8.35,-4.26
1.0,-8.35,-4.26
1.0,-8.35,-4.26
-0.94,-8.36,-4.16
-0.94,-8.36,-4.16
-0.94,-8.36,-4.16
1.81,-7.93,-4.31
1.81,-7.93,-4.31
1.81,-7.93,-4.31
3.36,-7.3,-5.69
3.36,-7.3,-5.69
3.36,-7.3,-5.69
1.36,-9.46,-5.41
1.36,-9.46,-5.41
1.36,-9.46,-5.41
-0.14,-6.36,-6.33
-0.14,-6.36,-6.33
-0.14,-6.36,-6.33
-2.01,-6.82,-5.23
-2.01,-6.82,-5.23
-2.01,-6.82,-5.23
0.37,-7.04,-5.09
0.37,-7.04,-5.09
0.37,-7.04,-5.09
-1.91,-7.06,-5.95
-1.91,-7.06,-5.95
-1.91,-7.06,-5.95
2.53,-6.35,-5.53
2.53,-6.35,-5.53
2.53,-6.35,-5.53
-1.53,-6.23,-6.61
-1.53,-6.23,-6.61
-1.53,-6.23,-6.61
1.05,-7.91,-6.47
1.05,-7.91,-6.47
-1.78,-8.39,-6.47
1.07,-6.09,-5.69
1.07,-6.09,-5.69
1.07,-6.09,-5.69
-1.62,-7.73,-5.22
-1.62,-7.73,-5.22
-1.62,-7.73,-5.22
-0.56,-7.69,-4.64
-0.56,-7.69,-4.64
-0.56,-7.69,-4.64
0.78,-7.94,-5.56
0.78,-7.94,-5.56
0.78,-7.94,-5.56
-1.37,-8.04,-6.54
-1.37,-8.04,-6.54
-1.37,-8.04,-6.54
-0.09,-7.18,-5.32
-0.09,-7.18,-5.32
-0.09,-7.18,-5.32
-1.0,-6.0,-6.03
-1.0,-6.0,-6.03
-1.0,-6.0,-6.03
0.23,-8.77,-5.66
-0.14,-7.69,-5.88
-0.14,-7.69,-5.88
-0.33,-8.5,-6.27
-0.33,-8.5,-6.27
-0.33,-8.5,-6.27
-1.94,-6.98,-6.33
-1.94,-6.98,-6.33
-1.94,-6.98,-6.33
0.04,-6.8,-5.29
0.04,-6.8,-5.29
-1.37,-7.01,-5.76
-1.63,-5.39,-6.54
0.57,-6.26,-6.32
0.57,-6.26,-6.32
-1.13,-6.0,-6.61
-1.13,-6.0,-6.61
0.05,-6.97,-5.81
0.05,-6.97,-5.81
0.05,-6.97,-5.81
-1.04,-5.66,-6.33
-1.04,-5.66,-6.33
-1.16,-6.97,-6.13
-0.4,-6.06,-5.88
-0.4,-6.06,-5.88
-0.4,-6.06,-5.88
-1.11,-7.75,-6.29
-1.11,-7.75,-6.29
-1.11,-7.75,-6.29
0.14,-6.36,-6.04
0.14,-6.36,-6.04
0.14,-6.36,-6.04
-1.42,-8.2,-6.49
-1.42,-8.2,-6.49
-0.94,-7.85,-6.16
-0.3,-6.16,-6.29
-0.3,-6.16,-6.29
-0.3,-6.16,-6.29
-0.11,-7.27,-6.13
-0.11,-7.27,-6.13
-0.11,-7.27,-6.13
-1.08,-7.15,-6.56
-1.08,-7.15,-6.56
-1.08,-7.15,-6.56
0.25,-7.15,-5.68
-0.88,-7.25,-5.88
-0.88,-7.25,-5.88
-0.5,-7.01,-6.15
-0.5,-7.01,-6.15
-0.5,-7.01,-6.15
-0.25,-6.96,-6.3
-0.25,-6.96,-6.3
-0.25,-6.96,-6.3
-0.03,-7.16,-6.42
-0.03,-7.16,-6.42
-0.03,-7.16,-6.42
-0.86,-7.17,-6.14
-1.24,-6.36,-6.24
-1.24,-6.36,-6.24
-0.77,-6.72,-6.21
0.04,-7.39,-5.75
0.04,-7.39,-5.75
-1.74,-7.12,-6.45
-1.74,-7.12,-6.45
-1.74,-7.12,-6.45
0.79,-7.12,-5.9
0.79,-7.12,-5.9
0.79,-7.12,-5.9
-1.53,-6.54,-6.63
-1.53,-6.54,-6.63
-1.53,-6.54,-6.63
0.23,-6.76,-6.12
-0.68,-6.81,-6.07
-0.68,-6.81,-6.07
-0.43,-6.52,-6.47
-0.43,-6.52,-6.47
-0.43,-6.52,-6.47
-0.89,-7.15,-5.89
-0.89,-7.15,-5.89
-0.89,-7.15,-5.89
-0.97,-7.25,-6.26
-0.97,-7.25,-6.26
-0.97,-7.25,-6.26
-0.34,-6.72,-6.12
-0.34,-6.72,-6.12
-0.34,-6.72,-6.12
-0.5,-6.61,-6.57
-0.5,-6.61,-6.57
-0.5,-6.61,-6.57
-0.78,-7.41,-5.94
-0.78,-7.41,-5.94
-0.78,-7.41,-5.94
-0.72,-6.29,-6.27
-0.72,-6.29,-6.27
-0.59,-6.85,-6.17
-0.23,-6.6,-6.62
-0.23,-6.6,-6.62
-0.23,-6.6,-6.62
-0.36,-6.77,-6.21
-0.36,-6.77,-6.21
-0.36,-6.77,-6.21
-0.53,-6.39,-6.41
-0.53,-6.39,-6.41
-0.53,-6.39,-6.41
-0.33,-6.56,-6.12
-0.33,-6.56,-6.12
-0.68,-6.82,-6.48
-0.59,-7.35,-6.41
-0.59,-7.35,-6.41
-0.59,-7.35,-6.41
-0.63,-6.77,-6.43
-0.63,-6.77,-6.43
-0.63,-6.77,-6.43
-0.08,-6.82,-6.4
-0.08,-6.82,-6.4
-0.08,-6.82,-6.4
-0.73,-7.2,-6.23
-0.73,-7.2,-6.23
-0.73,-7.2,-6.23
-0.52,-6.06,-6.31
-0.52,-6.06,-6.31
-0.52,-6.06,-6.31
-0.73,-7.22,-5.99
-0.73,-7.22,-5.99
-0.73,-7.22,-5.99
-0.43,-6.8,-6.59
-0.43,-6.8,-6.59
-0.43,-6.8,-6.59
-0.68,-6.73,-6.26
-0.68,-6.73,-6.26
-0.53,-6.33,-6.24
-0.84,-6.63,-6.24
-0.84,-6.63,-6.24
-0.84,-6.63,-6.24
-0.06,-6.71,-6.52
-0.06,-6.71,-6.52
-0.06,-6.71,-6.52
-0.67,-6.79,-6.36
-0.67,-6.79,-6.36
-0.67,-6.79,-6.36
-0.63,-6.97,-6.54
-0.63,-6.97,-6.54
-0.63,-6.97,-6.54
-0.69,-6.24,-6.45
-0.69,-6.24,-6.45
-0.69,-6.24,-6.45
-0.63,-7.03,-6.34
-0.63,-7.03,-6.34
-0.63,-7.03,-6.34
-0.17,-6.42,-6.17
-0.17,-6.42,-6.17
-0.41,-6.66,-6.27
-1.31,-7.27,-6.5
-1.31,-7.27,-6.5
-0.62,-6.6,-6.5
-0.85,-6.72,-5.92
-0.85,-6.72,-5.92
-0.85,-6.72,-5.92
-0.18,-6.77,-6.57
-0.18,-6.77,-6.57
-0.18,-6.77,-6.57
-0.2,-6.76,-6.02
-0.2,-6.76,-6.02
-0.2,-6.76,-6.02
-0.88,-6.96,-6.65
-1.11,-7.44,-6.27
-1.11,-7.44,-6.27
0.01,-6.34,-6.46
0.01,-6.34,-6.46
0.01,-6.34,-6.46
-0.94,-7.0,-6.57
-0.94,-7.0,-6.57
-0.94,-7.0,-6.57
-0.02,-6.82,-6.24
-0.02,-6.82,-6.24
-0.02,-6.82,-6.24
-0.27,-6.5,-6.42
-0.27,-6.5,-6.42
-0.6,-6.8,-6.49
-0.53,-6.42,-6.17
-0.53,-6.42,-6.17
-0.53,-6.42,-6.17
-0.34,-6.95,-6.24
-0.34,-6.95,-6.24
-0.34,-6.95,-6.24
-0.83,-6.75,-6.62
-0.83,-6.75,-6.62
0.33,-6.67,-6.11
0.33,-6.67,-6.11
-0.85,-7.12,-6.09
-0.2,-6.59,-6.48
-0.2,-6.59,-6.48
-0.2,-6.59,-6.48
-0.84,-6.88,-6.0
-0.84,-6.88,-6.0
-0.84,-6.88,-6.0
-0.66,-6.78,-6.44
-0.66,-6.78,-6.44
-0.03,-7.15,-5.87
-0.37,-6.81,-6.2
-0.37,-6.81,-6.2
-0.7,-6.65,-6.78
-0.11,-7.16,-6.16
-0.11,-7.16,-6.16
-0.11,-7.16,-6.16
-0.35,-6.33,-6.52
-0.35,-6.33,-6.52
-0.35,-6.33,-6.52
-0.57,-7.28,-6.02
-0.57,-7.28,-6.02
-0.57,-7.28,-6.02
-0.22,-6.62,-6.2
-0.22,-6.62,-6.2
-0.32,-6.84,-6.36
-0.9,-7.05,-6.46
-0.9,-7.05,-6.46
-0.9,-7.05,-6.46
0.06,-6.68,-5.88
0.06,-6.68,-5.88
0.06,-6.68,-5.88
-1.0,-7.17,-6.22
-1.0,-7.17,-6.22
-1.0,-7.17,-6.22
-1.0,-7.12,-6.79
-1.0,-7.12,-6.79
-1.0,-7.12,-6.79
-0.05,-6.86,-6.05
-0.05,-6.86,-6.05
-0.05,-6.86,-6.05
-0.47,-6.55,-6.68
-0.47,-6.55,-6.68
-0.47,-6.55,-6.68
-0.04,-7.09,-6.03
-0.04,-7.09,-6.03
-0.04,-7.09,-6.03
-0.23,-6.87,-6.08
-0.23,-6.87,-6.08
-0.23,-6.87,-6.08
-0.8,-7.03,-6.33
-0.8,-7.03,-6.33
-0.8,-7.03,-6.33
0.1,-6.83,-6.04
0.1,-6.83,-6.04
0.1,-6.83,-6.04
-0.75,-6.96,-6.17
-0.75,-6.96,-6.17
-0.75,-6.96,-6.17
0.23,-6.65,-6.09
0.23,-6.65,-6.09
0.23,-6.65,-6.09
-0.95,-7.2,-6.5
-0.95,-7.2,-6.5
-0.95,-7.2,-6.5
0.1,-6.54,-6.05
0.1,-6.54,-6.05
0.1,-6.54,-6.05
-1.13,-7.47,-6.35
-1.13,-7.47,-6.35
-1.13,-7.47,-6.35
-0.48,-6.7,-6.22
-0.48,-6.7,-6.22
-0.48,-6.7,-6.22
-0.61,-6.61,-6.32
-0.61,-6.61,-6.32
-0.61,-6.61,-6.32
-0.44,-7.17,-6.36
-0.44,-7.17,-6.36
-0.44,-7.17,-6.36
0.07,-6.8,-6.19
0.07,-6.8,-6.19
-0.87,-7.17,-6.26
-0.43,-6.42,-6.39
-0.43,-6.42,-6.39
0.09,-7.16,-5.96
0.09,-7.16,-5.96
0.09,-7.16,-5.96
-0.91,-6.9,-6.67
-0.91,-6.9,-6.67
-0.91,-6.9,-6.67
0.36,-6.14,-6.17
-1.02,-6.68,-6.59
-1.02,-6.68,-6.59
-0.21,-6.97,-6.01
-0.21,-6.97,-6.01
-0.21,-6.97,-6.01
-0.74,-6.77,-6.55
-0.74,-6.77,-6.55
0.06,-6.97,-6.12
0.06,-6.97,-6.12
0.06,-6.97,-6.12
-0.45,-7.15,-6.54
-0.45,-7.15,-6.54
-0.49,-6.76,-6.47
0.08,-6.82,-6.0
0.08,-6.82,-6.0
0.08,-6.82,-6.0
-1.36,-7.1,-6.46
-1.36,-7.1,-6.46
-1.36,-7.1,-6.46
0.92,-6.53,-6.12
0.92,-6.53,-6.12
0.92,-6.53,-6.12
-1.24,-7.36,-6.55
-1.24,-7.36,-6.55
-1.24,-7.36,-6.55
-0.89,-6.89,-6.26
-0.89,-6.89,-6.26
-0.89,-6.89,-6.26
0.29,-6.5,-6.49
0.29,-6.5,-6.49
0.29,-6.5,-6.49
-0.89,-7.19,-6.31
-0.89,-7.19,-6.31
-0.89,-7.19,-6.31
0.32,-6.64,-6.5
0.13,-6.91,-5.9
0.13,-6.91,-5.9
-0.91,-6.55,-6.88
-0.91,-6.55,-6.88
-0.91,-6.55,-6.88
-0.1,-7.05,-5.8
-0.1,-7.05,-5.8
-0.1,-7.05,-5.8
-0.93,-6.81,-6.61
-0.93,-6.81,-6.61
-0.93,-6.81,-6.61
-0.34,-6.82,-5.84
-0.34,-6.82,-5.84
-0.34,-6.82,-5.84
-0.81,-7.63,-6.71
-0.81,-7.63,-6.71
-0.81,-7.63,-6.71
0.67,-5.91,-6.1
0.67,-5.91,-6.1
0.67,-5.91,-6.1
-1.24,-7.57,-6.71
-1.24,-7.57,-6.71
-1.24,-7.57,-6.71
-0.01,-6.12,-5.92
-0.01,-6.12,-5.92
-0.8,-6.79,-6.71
0.42,-6.55,-5.99
0.42,-6.55,-5.99
0.42,-6.55,-5.99
-0.78,-7.14,-6.77
-0.78,-7.14,-6.77
-0.78,-7.14,-6.77
0.14,-6.86,-6.28
0.14,-6.86,-6.28
0.14,-6.86,-6.28
-0.48,-6.55,-6.35
-0.48,-6.55,-6.35
-0.88,-6.62,-6.76
-0.15,-6.83,-5.86
-0.15,-6.83,-5.86
-0.15,-6.83,-5.86
-0.1,-7.02,-6.65
-0.1,-7.02,-6.65
-0.1,-7.02,-6.65
-0.09,-6.36,-6.19
-0.09,-6.36,-6.19
-0.09,-6.36,-6.19
-0.64,-7.08,-6.31
-0.64,-7.08,-6.31
-0.64,-7.17,-5.94
0.05,-6.84,-6.28
-0.37,-6.83,-6.88
-0.37,-6.83,-6.88
0.38,-6.98,-6.25
0.38,-6.98,-6.25
0.38,-6.98,-6.25
-0.72,-6.49,-6.14
-0.72,-6.49,-6.14
-0.72,-6.49,-6.14
0.12,-6.82,-6.1
0.12,-6.82,-6.1
0.12,-6.82,-6.1
-0.54,-6.8,-6.1
-0.5,-6.91,-6.68
-0.5,-6.91,-6.68
0.25,-7.22,-6.12
0.25,-7.22,-6.12
0.25,-7.22,-6.12
-0.48,-6.5,-6.34
-0.48,-6.5,-6.34
-0.48,-6.5,-6.34
-0.22,-6.87,-6.0
-0.22,-6.87,-6.0
-0.22,-6.87,-6.0
-0.21,-7.48,-6.73
-0.21,-7.48,-6.73
-0.21,-7.48,-6.73
-1.01,-6.94,-6.21
-1.01,-6.94,-6.21
-1.01,-6.94,-6.21
0.26,-6.8,-6.58
0.26,-6.8,-6.58
0.26,-6.8,-6.58
-0.52,-6.7,-6.24
-0.52,-6.7,-6.24
-0.52,-6.7,-6.24
0.14,-6.83,-6.4
0.14,-6.83,-6.4
0.14,-6.83,-6.4
-0.16,-6.49,-6.17
-0.16,-6.49,-6.17
-0.16,-6.49,-6.17
-0.07,-7.16,-6.59
-0.07,-7.16,-6.59
-0.07,-7.16,-6.59
-0.54,-7.12,-6.3
-0.6,-7.25,-6.24
-0.6,-7.25,-6.24
-0.46,-5.72,-6.27
-0.46,-5.72,-6.27
-0.46,-5.72,-6.27
0.36,-7.49,-6.38
0.36,-7.49,-6.38
0.36,-7.49,-6.38
-0.4,-6.74,-6.46
-0.4,-6.74,-6.46
-0.4,-6.74,-6.46
-0.02,-6.75,-6.07
-0.02,-6.75,-6.07
-0.02,-6.75,-6.07
-0.16,-6.23,-6.45
-0.16,-6.23,-6.45
-0.16,-6.23,-6.45
-0.45,-7.29,-6.23
-0.45,-7.29,-6.23
-0.45,-7.29,-6.23
0.18,-6.4,-6.59
0.18,-6.4,-6.59
-0.77,-7.51,-6.47
0.29,-5.66,-6.26
0.29,-5.66,-6.26
0.29,-5.66,-6.26
-0.94,-7.34,-6.4
-0.94,-7.34,-6.4
0.07,-6.4,-5.91
0.07,-6.4,-5.91
0.07,-6.4,-5.91
-0.25,-7.54,-6.77
-0.25,-7.54,-6.77
-0.25,-7.54,-6.77
0.02,-6.67,-5.97
0.02,-6.67,-5.97
-0.44,-6.38,-6.54
-0.43,-7.4,-6.1
-0.43,-7.4,-6.1
-0.43,-7.4,-6.1
0.23,-6.59,-6.29
0.23,-6.59,-6.29
0.23,-6.59,-6.29
-0.09,-7.12,-6.51
-0.09,-7.12,-6.51
-0.09,-7.12,-6.51
-0.88,-6.96,-6.54
-0.88,-6.96,-6.54
-0.88,-6.96,-6.54
-0.25,-6.63,-5.76
-0.25,-6.63,-5.76
-0.25,-6.63,-5.76
-0.24,-7.1,-6.81
-0.24,-7.1,-6.81
-0.24,-7.1,-6.81
0.41,-6.81,-5.92
0.41,-6.81,-5.92
0.41,-6.81,-5.92
-0.8,-6.85,-6.9
-0.8,-6.85,-6.9
-1.88,-7.83,-6.62
1.11,-5.92,-5.95
1.11,-5.92,-5.95
1.11,-5.92,-5.95
-1.5,-7.76,-6.51
-1.5,-7.76,-6.51
-1.5,-7.76,-6.51
1.03,-6.44,-5.99
1.03,-6.44,-5.99
1.03,-6.44,-5.99
-1.31,-7.68,-6.67
0.44,-6.5,-5.89
0.44,-6.5,-5.89
-1.09,-6.87,-6.68
-1.09,-6.87,-6.68
-1.09,-6.87,-6.68
0.56,-6.7,-5.88
0.56,-6.7,-5.88
0.56,-6.7,-5.88
-0.88,-7.22,-6.73
-0.88,-7.22,-6.73
-0.88,-7.22,-6.73
0.37,-6.42,-5.89
0.37,-6.42,-5.89
-0.09,-6.57,-6.34
-0.62,-6.99,-6.41
-0.62,-6.99,-6.41
-0.62,-6.99,-6.41
-0.37,-6.39,-6.32
-0.37,-6.39,-6.32
-0.37,-6.39,-6.32
-0.13,-6.96,-6.2
-0.13,-6.96,-6.2
0.78,-6.22,-5.9
-1.08,-7.84,-6.6
-1.08,-7.84,-6.6
-1.08,-7.84,-6.6
0.36,-6.1,-6.32
0.36,-6.1,-6.32
0.36,-6.1,-6.32
-0.76,-7.49,-6.36
-0.76,-7.49,-6.36
-0.76,-7.49,-6.36
0.1,-6.59,-6.61
0.1,-6.59,-6.61
-0.76,-7.25,-6.52
0.57,-6.04,-6.55
0.57,-6.04,-6.55
0.57,-6.04,-6.55
-1.54,-7.84,-6.07
-1.54,-7.84,-6.07
-1.54,-7.84,-6.07
0.68,-5.72,-6.36
0.68,-5.72,-6.36
0.68,-5.72,-6.36
-1.61,-7.55,-6.13
0.43,-6.26,-5.65
0.43,-6.26,-5.65
-0.81,-7.43,-6.91
-0.81,-7.43,-6.91
-0.81,-7.43,-6.91
0.6,-6.35,-5.94
0.6,-6.35,-5.94
0.6,-6.35,-5.94
-0.72,-7.18,-6.72
-0.72,-7.18,-6.72
-0.72,-7.18,-6.72
0.37,-6.11,-5.83
0.37,-6.11,-5.83
0.37,-6.11,-5.83
-0.44,-6.85,-6.62
-0.44,-6.85,-6.62
0.16,-6.6,-7.02
2.76,-6.49,-8.32
2.76,-6.49,-8.32
2.76,-6.49,-8.32
-20.34,-10.31,-11.3
-20.34,-10.31,-11.3
