aX,aY,aZ
-20.45,-7.26,-10.68
-13.67,-4.58,1.71
8.58,-12.44,-6.76
8.58,-12.44,-6.76
8.58,-12.44,-6.76
4.8,-8.67,-7.89
4.8,-8.67,-7.89
4.8,-8.67,-7.89
2.29,-7.41,-7.01
2.29,-7.41,-7.01
2.29,-7.41,-7.01
1.05,-8.47,-6.24
1.05,-8.47,-6.24
0.75,-8.59,-6.13
1.13,-8.11,-6.1
1.13,-8.11,-6.1
1.13,-8.11,-6.1
1.49,-7.6,-5.79
1.49,-7.6,-5.79
1.49,-7.6,-5.79
1.02,-8.0,-6.56
1.02,-8.0,-6.56
1.22,-8.19,-5.86
1.71,-7.27,-5.65
1.71,-7.27,-5.65
1.71,-7.27,-5.65
1.17,-7.57,-5.55
1.17,-7.57,-5.55
1.17,-7.57,-5.55
0.5,-7.33,-5.3
0.5,-7.33,-5.3
1.67,-7.04,-5.75
1.67,-7.04,-5.75
1.67,-7.04,-5.75
1.11,-7.8,-5.65
1.11,-7.8,-5.65
1.11,-7.8,-5.65
2.27,-7.2,-5.1
2.27,-7.2,-5.1
2.27,-7.2,-5.1
1.8,-7.6,-5.5
1.8,-7.6,-5.5
1.8,-7.6,-5.5
1.21,-8.3,-5.73
1.21,-8.3,-5.73
1.21,-8.3,-5.73
1.4,-7.39,-5.47
1.4,-7.39,-5.47
1.4,-7.39,-5.47
1.45,-7.38,-5.77
1.45,-7.38,-5.77
1.49,-7.83,-5.54
1.49,-7.83,-5.54
1.49,-7.83,-5.54
1.44,-7.68,-5.02
1.44,-7.68,-5.02
1.44,-7.68,-5.02
1.28,-7.25,-5.52
1.28,-7.25,-5.52
1.4,-7.72,-5.38
1.57,-7.82,-5.09
1.57,-7.82,-5.09
1.57,-7.82,-5.09
1.52,-7.13,-5.33
1.52,-7.13,-5.33
1.52,-7.13,-5.33
1.59,-7.9,-5.35
1.59,-7.9,-5.35
1.56,-8.25,-5.41
1.56,-7.64,-5.56
1.56,-7.64,-5.56
1.83,-7.38,-5.51
2.0,-7.6,-5.27
2.0,-7.6,-5.27
2.0,-7.6,-5.27
1.95,-8.24,-5.29
1.95,-8.24,-5.29
1.95,-8.24,-5.29
1.87,-7.96,-5.36
1.87,-7.96,-5.36
1.87,-7.96,-5.36
1.91,-7.89,-5.44
1.91,-7.89,-5.44
1.8,-7.77,-5.49
2.18,-7.59,-5.37
2.18,-7.59,-5.37
2.18,-7.59,-5.37
2.33,-7.36,-5.47
2.33,-7.36,-5.47
2.33,-7.36,-5.47
2.34,-7.18,-5.67
2.34,-7.18,-5.67
2.34,-7.18,-5.67
2.75,-7.32,-5.54
2.54,-7.26,-5.7
2.54,-7.26,-5.7
2.53,-7.52,-5.83
2.53,-7.52,-5.83
2.53,-7.52,-5.83
2.76,-7.03,-5.79
2.76,-7.03,-5.79
2.76,-7.03,-5.79
2.9,-6.83,-5.85
2.9,-6.83,-5.85
2.9,-6.83,-5.85
2.5,-6.97,-5.69
2.5,-6.97,-5.69
2.5,-6.97,-5.69
2.61,-6.81,-5.58
2.61,-6.81,-5.58
2.61,-6.81,-5.58
2.44,-6.98,-5.51
2.44,-6.98,-5.51
2.44,-6.98,-5.51
2.56,-6.16,-5.44
2.56,-6.16,-5.44
2.56,-6.16,-5.44
2.8,-6.97,-5.42
2.79,-7.39,-5.66
2.79,-7.39,-5.66
2.73,-7.32,-6.11
2.73,-7.32,-6.11
2.73,-7.32,-6.11
3.27,-7.28,-5.78
3.27,-7.28,-5.78
3.27,-7.28,-5.78
4.18,-7.5,-5.31
4.18,-7.5,-5.31
4.11,-7.64,-5.36
3.72,-7.49,-5.46
3.28,-7.4,-5.52
3.28,-7.4,-5.52
3.78,-7.91,-5.73
3.78,-7.91,-5.73
3.78,-7.91,-5.73
3.94,-7.73,-5.73
3.94,-7.73,-5.73
3.94,-7.73,-5.73
3.43,-7.07,-5.39
3.43,-7.07,-5.39
2.92,-6.8,-5.31
2.54,-6.77,-5.22
2.54,-6.77,-5.22
2.27,-6.99,-5.17
2.18,-7.08,-5.24
2.18,-7.08,-5.24
2.18,-7.08,-5.24
1.71,-6.69,-4.65
1.71,-6.69,-4.65
1.71,-6.69,-4.65
1.73,-6.46,-4.89
1.73,-6.46,-4.89
1.71,-7.15,-4.91
1.61,-7.83,-4.68
1.66,-7.86,-4.77
1.66,-7.86,-4.77
2.13,-7.64,-4.41
2.13,-7.64,-4.41
2.13,-7.64,-4.41
2.21,-7.15,-3.77
2.21,-7.15,-3.77
2.21,-7.15,-3.77
1.84,-7.28,-3.29
1.84,-7.28,-3.29
1.55,-7.44,-2.9
1.68,-7.24,-2.59
1.73,-6.68,-2.49
1.73,-6.68,-2.49
1.72,-6.91,-2.61
1.72,-6.91,-2.61
1.72,-6.91,-2.61
1.83,-8.15,-1.75
1.83,-8.15,-1.75
1.83,-8.15,-1.75
2.04,-7.39,-1.67
2.04,-7.39,-1.67
2.04,-7.39,-1.67
2.83,-8.13,-0.02
2.83,-8.13,-0.02
2.83,-8.13,-0.02
3.33,-7.36,-0.36
3.33,-7.36,-0.36
3.33,-7.36,-0.36
3.19,-10.16,0.6
3.19,-10.16,0.6
3.19,-10.16,0.6
3.11,-9.48,0.69
3.11,-9.48,0.69
3.19,-7.66,5.01
2.26,-10.33,6.36
2.26,-10.33,6.36
2.26,-10.33,6.36
3.32,-10.45,5.01
3.32,-10.45,5.01
3.32,-10.45,5.01
2.34,-8.89,4.95
2.34,-8.89,4.95
2.34,-8.89,4.95
2.73,-8.76,5.46
2.73,-8.76,5.46
2.73,-8.76,5.46
1.48,-9.15,5.87
1.48,-9.15,5.87
1.48,-9.15,5.87
1.63,-10.94,7.13
1.63,-10.94,7.13
1.63,-10.94,7.13
0.67,-9.61,6.11
0.67,-9.61,6.11
0.67,-9.61,6.11
0.72,-8.78,6.05
0.68,-8.56,6.23
0.68,-8.56,6.23
0.33,-8.49,6.1
0.0,-8.67,5.91
0.0,-8.67,5.91
0.35,-7.85,4.22
0.35,-7.85,4.22
0.35,-7.85,4.22
-0.62,-8.26,3.97
-0.62,-8.26,3.97
-0.62,-8.26,3.97
-0.48,-9.99,5.21
-0.48,-9.99,5.21
-0.48,-9.99,5.21
0.04,-9.13,4.62
0.04,-9.13,4.62
0.04,-9.13,4.62
-1.31,-8.66,3.94
-1.31,-8.66,3.94
-1.31,-8.66,3.94
-1.14,-8.98,4.14
-1.14,-8.98,4.14
-1.14,-8.98,4.14
-1.89,-8.07,3.88
-1.89,-8.07,3.88
-1.89,-8.07,3.88
-2.7,-9.06,4.18
-2.7,-9.06,4.18
-2.7,-9.06,4.18
-3.08,-8.24,3.77
-3.08,-8.24,3.77
-3.08,-8.24,3.77
-3.9,-8.41,3.54
-3.9,-8.41,3.54
-3.9,-8.41,3.54
-3.16,-8.56,4.01
-3.16,-8.56,4.01
-1.85,-8.65,4.34
-2.39,-9.01,4.15
-2.39,-9.01,4.15
-2.39,-9.01,4.15
-1.42,-8.27,4.76
-1.42,-8.27,4.76
-1.42,-8.27,4.76
-1.73,-8.85,4.58
-1.73,-8.85,4.58
-1.5,-9.19,4.49
-1.14,-8.85,4.54
-1.14,-8.85,4.54
-1.05,-8.17,4.48
-1.28,-8.23,4.38
-1.28,-8.23,4.38
-1.28,-8.23,4.38
-1.48,-8.14,4.12
-1.48,-8.14,4.12
-1.48,-8.14,4.12
-1.03,-8.33,4.28
-1.03,-8.33,4.28
-1.03,-8.33,4.28
-0.47,-9.0,4.67
-0.47,-9.0,4.67
-0.47,-9.0,4.67
-0.79,-8.23,4.88
-0.79,-8.23,4.88
-0.79,-8.23,4.88
-1.22,-8.66,4.72
-1.22,-8.66,4.72
-1.22,-8.66,4.72
-1.03,-7.74,4.73
-1.03,-7.74,4.73
-1.03,-7.74,4.73
-0.82,-8.21,4.84
-0.82,-8.21,4.84
-1.05,-7.67,4.75
-1.05,-7.67,4.75
-1.05,-7.67,4.75
-1.14,-7.78,5.14
-1.14,-7.78,5.14
-1.14,-7.78,5.14
-1.25,-8.22,5.68
-1.25,-8.22,5.68
-1.38,-8.2,5.78
-1.59,-7.85,5.79
-1.91,-7.49,5.96
-1.91,-7.49,5.96
-2.02,-7.9,6.34
-2.02,-7.9,6.34
-2.02,-7.9,6.34
-1.98,-7.71,6.21
-1.98,-7.71,6.21
-1.98,-7.71,6.21
-2.18,-7.48,6.07
-2.18,-7.48,6.07
-2.18,-7.48,6.07
-2.57,-7.93,6.17
-2.57,-7.93,6.17
-2.77,-8.27,6.25
-3.14,-8.94,6.5
-3.14,-8.94,6.5
-3.14,-8.94,6.5
-1.7,-9.36,5.06
-1.7,-9.36,5.06
-1.7,-9.36,5.06
-0.66,-10.51,4.15
-0.66,-10.51,4.15
-0.66,-10.51,4.15
0.2,-8.95,3.26
0.2,-8.95,3.26
0.41,-8.7,3.32
1.19,-8.61,3.25
1.19,-8.61,3.25
1.19,-8.61,3.25
1.09,-8.55,2.68
1.09,-8.55,2.68
1.09,-8.55,2.68
1.02,-7.91,2.76
1.02,-7.91,2.76
0.5,-8.0,2.89
0.3,-8.08,3.24
0.3,-8.08,3.24
-0.04,-8.17,3.57
-0.7,-8.14,3.86
-0.7,-8.14,3.86
-0.7,-8.14,3.86
-0.86,-10.06,4.37
-0.86,-10.06,4.37
-0.86,-10.06,4.37
-0.67,-10.91,4.7
-0.67,-10.91,4.7
-0.67,-10.91,4.7
-0.41,-12.73,5.78
-0.41,-12.73,5.78
-0.41,-12.73,5.78
0.4,-13.74,6.29
0.4,-13.74,6.29
0.4,-13.74,6.29
0.24,-14.07,6.5
0.24,-14.07,6.5
0.24,-14.07,6.5
0.87,-14.74,6.54
0.87,-14.74,6.54
0.87,-14.74,6.54
1.5,-12.02,6.43
1.5,-12.02,6.43
1.5,-12.02,6.43
1.01,-9.43,6.3
1.01,-9.43,6.3
1.01,-9.43,6.3
0.12,-8.25,4.8
0.12,-8.25,4.8
0.12,-8.25,4.8
0.62,-7.13,2.78
0.62,-7.13,2.78
0.62,-7.13,2.78
1.64,-6.8,1.11
1.64,-6.8,1.11
1.64,-6.8,1.11
1.01,-5.31,0.56
1.01,-5.31,0.56
1.01,-5.31,0.56
1.62,-3.98,0.43
1.62,-3.98,0.43
1.62,-3.98,0.43
2.77,-1.96,-2.66
2.77,-1.96,-2.66
2.77,-1.96,-2.66
3.11,-3.89,-1.62
3.11,-3.89,-1.62
3.11,-3.89,-1.62
3.48,-1.92,-1.45
3.48,-1.92,-1.45
3.48,-1.92,-1.45
3.57,-3.46,0.21
3.57,-3.46,0.21
3.57,-3.46,0.21
3.06,-4.63,-0.51
3.06,-4.63,-0.51
3.46,-4.89,0.48
2.81,-6.0,0.79
2.81,-6.0,0.79
2.47,-6.73,0.76
2.63,-5.99,1.34
2.63,-5.99,1.34
2.63,-5.99,1.34
-0.1,-7.93,5.07
-0.1,-7.93,5.07
-0.1,-7.93,5.07
0.07,-9.73,3.83
0.07,-9.73,3.83
0.07,-9.73,3.83
-1.91,-8.16,7.14
-1.91,-8.16,7.14
-1.91,-8.16,7.14
-1.55,-7.35,6.36
-1.55,-7.35,6.36
-1.55,-7.35,6.36
-1.56,-8.56,8.2
-1.56,-8.56,8.2
-1.56,-8.56,8.2
-2.89,-8.25,7.39
-2.72,-6.9,6.85
-2.72,-6.9,6.85
-5.1,-10.47,8.25
-5.1,-10.47,8.25
-5.1,-10.47,8.25
-4.35,-8.67,7.82
-4.35,-8.67,7.82
-4.35,-8.67,7.82
-5.99,-8.81,8.16
-5.99,-8.81,8.16
-5.99,-8.81,8.16
-6.67,-8.71,8.2
-6.67,-8.71,8.2
-5.94,-6.8,7.86
-4.55,-6.33,8.28
-4.55,-6.33,8.28
-4.55,-6.33,8.28
-4.21,-5.35,8.12
-4.21,-5.35,8.12
-4.21,-5.35,8.12
-4.37,-5.51,8.15
-4.37,-5.51,8.15
-4.37,-5.51,8.15
-4.87,-4.62,8.09
-4.87,-4.62,8.09
-4.87,-4.62,8.09
-4.89,-4.33,7.49
-5.04,-4.08,7.38
-5.04,-4.08,7.38
-4.68,-4.87,7.9
-4.68,-4.87,7.9
-4.68,-4.87,7.9
-3.91,-3.36,7.51
-3.91,-3.36,7.51
-3.91,-3.36,7.51
-4.25,-4.99,7.7
-4.25,-4.99,7.7
-4.04,-5.02,7.72
-4.16,-3.92,7.35
-4.16,-3.92,7.35
-4.16,-3.92,7.35
-3.74,-5.24,7.72
-3.74,-5.24,7.72
-3.74,-5.24,7.72
-3.59,-5.16,8.08
-3.59,-5.16,8.08
-3.59,-5.16,8.08
-3.35,-4.51,7.23
-3.35,-4.51,7.23
-3.35,-4.51,7.23
-2.84,-5.08,7.52
-2.84,-5.08,7.52
-3.12,-4.82,7.48
-3.74,-4.43,6.89
-3.74,-4.43,6.89
-3.74,-4.43,6.89
-5.32,-4.75,6.74
-5.32,-4.75,6.74
-5.32,-4.75,6.74
-5.84,-5.58,8.07
-5.84,-5.58,8.07
-6.73,-5.92,7.98
-5.96,-5.56,6.77
-5.96,-5.56,6.77
-5.96,-5.56,6.77
-4.45,-5.58,7.34
-4.45,-5.58,7.34
-4.45,-5.58,7.34
-5.49,-2.72,5.95
-5.49,-2.72,5.95
-5.49,-2.72,5.95
-6.43,-4.38,6.11
-6.43,-4.38,6.11
-6.43,-4.38,6.11
-5.57,-5.18,6.95
-5.57,-5.18,6.95
-5.57,-5.18,6.95
-5.21,-5.52,6.45
-5.21,-5.52,6.45
-5.21,-5.52,6.45
-4.27,-4.94,6.21
-4.27,-4.94,6.21
-4.27,-4.94,6.21
-3.85,-5.79,6.56
-3.85,-5.79,6.56
-3.92,-5.69,6.39
-4.02,-5.71,6.92
-4.02,-5.71,6.92
-4.02,-5.71,6.92
-4.45,-5.69,6.87
-4.45,-5.69,6.87
-4.45,-5.69,6.87
-4.41,-5.38,6.65
-4.41,-5.38,6.65
-4.41,-5.38,6.65
-4.19,-5.67,6.6
-4.19,-5.67,6.6
-4.06,-5.25,6.09
-3.63,-5.8,8.01
-3.63,-5.8,8.01
-3.63,-5.8,8.01
-3.99,-4.45,7.2
-3.99,-4.45,7.2
-3.99,-4.45,7.2
-4.46,-5.13,7.51
-4.46,-5.13,7.51
-4.46,-5.13,7.51
-4.64,-5.11,6.81
-4.64,-5.11,6.81
-4.64,-5.34,6.71
-5.09,-5.29,6.21
-5.09,-5.29,6.21
-5.09,-5.29,6.21
-5.32,-5.46,5.91
-5.32,-5.46,5.91
-5.32,-5.46,5.91
-4.45,-4.75,5.24
-4.45,-4.75,5.24
-4.45,-4.75,5.24
-4.77,-4.9,4.95
-4.77,-4.9,4.95
-4.87,-4.66,5.17
-4.78,-4.72,5.52
-4.78,-4.72,5.52
-4.78,-4.72,5.52
-5.5,-5.38,6.28
-5.5,-5.38,6.28
-5.5,-5.38,6.28
-6.07,-5.23,6.76
-6.07,-5.23,6.76
-6.07,-5.23,6.76
-6.18,-5.21,6.62
-5.71,-5.04,6.45
-5.71,-5.04,6.45
-4.9,-4.82,6.43
-4.9,-4.82,6.43
-4.9,-4.82,6.43
-4.6,-5.06,6.5
-4.6,-5.06,6.5
-4.6,-5.06,6.5
-4.79,-4.33,6.17
-4.79,-4.33,6.17
-4.99,-5.53,6.75
-4.64,-4.68,7.19
-4.77,-5.1,6.87
-4.77,-5.1,6.87
-5.32,-4.89,6.61
-5.32,-4.89,6.61
-5.32,-4.89,6.61
-5.12,-4.85,6.81
-5.12,-4.85,6.81
-5.12,-4.85,6.81
-4.57,-5.49,6.84
-4.57,-5.49,6.84
-4.5,-5.35,6.76
-4.44,-5.27,6.64
-4.6,-5.44,6.42
-4.6,-5.44,6.42
-4.94,-5.59,6.43
-4.94,-5.59,6.43
-4.94,-5.59,6.43
-5.06,-5.67,6.62
-5.06,-5.67,6.62
-5.06,-5.67,6.62
-5.06,-5.3,6.45
-5.06,-5.3,6.45
-5.06,-5.3,6.45
-4.97,-5.05,6.65
-4.73,-5.43,6.85
-4.73,-5.43,6.85
-5.06,-4.68,6.35
-5.06,-4.68,6.35
-5.06,-4.68,6.35
-5.08,-5.01,6.21
-5.08,-5.01,6.21
-5.08,-5.01,6.21
-4.77,-5.14,6.37
-4.77,-5.14,6.37
-4.86,-5.21,6.57
-4.91,-5.35,6.61
-5.06,-5.26,6.65
-5.06,-5.26,6.65
-5.06,-4.96,6.49
-5.06,-4.96,6.49
-5.06,-4.96,6.49
-5.07,-5.2,6.47
-5.07,-5.2,6.47
-5.07,-5.2,6.47
-5.08,-5.21,6.51
-5.08,-5.21,6.51
-5.08,-5.21,6.51
-5.03,-4.8,6.22
-5.03,-4.8,6.22
-5.03,-4.8,6.22
-4.78,-5.57,6.46
-4.78,-5.57,6.46
-4.78,-5.57,6.46
-5.08,-5.19,6.15
-5.08,-5.19,6.15
-5.08,-5.19,6.15
-5.2,-6.14,6.37
-5.2,-6.14,6.37
-5.2,-6.14,6.37
-5.25,-5.58,6.56
-5.25,-5.58,6.56
-5.25,-5.58,6.56
-4.98,-5.11,6.85
-4.98,-5.11,6.85
-4.98,-5.11,6.85
-4.38,-4.45,6.57
-4.38,-4.45,6.57
-4.38,-4.45,6.57
-3.96,-5.71,7.37
-3.96,-5.71,7.37
-3.47,-5.85,7.71
-3.47,-5.85,7.71
-3.47,-5.85,7.71
-3.3,-4.89,7.33
-3.3,-4.89,7.33
-3.3,-4.89,7.33
-3.23,-6.31,8.24
-3.23,-6.31,8.24
-3.23,-6.31,8.24
-2.83,-5.31,8.24
-2.83,-5.31,8.24
-2.79,-4.59,7.91
-3.08,-3.49,7.18
-3.08,-3.49,7.18
-3.08,-3.49,7.18
-2.6,-5.37,7.93
-2.6,-5.37,7.93
-2.6,-5.37,7.93
-2.31,-4.17,7.43
-2.31,-4.17,7.43
-2.31,-4.17,7.43
-1.62,-4.64,7.82
-1.62,-4.64,7.82
-1.62,-4.64,7.82
-1.88,-5.14,7.9
-1.88,-5.14,7.9
-1.73,-5.45,8.2
-2.04,-4.67,8.14
-2.04,-4.67,8.14
-2.04,-4.67,8.14
-1.8,-4.93,8.01
-1.8,-4.93,8.01
-1.8,-4.93,8.01
-1.82,-4.81,8.01
-1.82,-4.81,8.01
-1.82,-4.81,8.01
-2.56,-4.64,8.01
-2.56,-4.64,8.01
-2.81,-4.83,8.13
-3.43,-5.08,7.97
-3.43,-5.08,7.97
-3.43,-5.08,7.97
-4.43,-4.11,7.58
-4.43,-4.11,7.58
-4.43,-4.11,7.58
-3.96,-5.91,8.57
-3.96,-5.91,8.57
-3.96,-5.91,8.57
-3.92,-4.19,8.65
-3.4,-3.88,8.66
-3.4,-3.88,8.66
-3.28,-4.51,8.26
-3.28,-4.51,8.26
-3.28,-4.51,8.26
-2.36,-5.39,8.61
-2.36,-5.39,8.61
-2.36,-5.39,8.61
-2.2,-4.0,8.39
-2.2,-4.0,8.39
-2.2,-4.0,8.39
-1.74,-4.5,8.51
-1.74,-4.5,8.51
-1.74,-4.5,8.51
-2.47,-4.31,8.64
-2.47,-4.31,8.64
-2.47,-4.31,8.64
-3.17,-4.44,8.43
-3.17,-4.44,8.43
-3.17,-4.44,8.43
-3.91,-4.56,7.87
-3.91,-4.56,7.87
-3.4,-4.91,8.13
-3.4,-4.91,8.13
-3.4,-4.91,8.13
-2.69,-5.51,8.22
-2.69,-5.51,8.22
-2.69,-5.51,8.22
-2.05,-5.26,8.53
-2.05,-5.26,8.53
-2.05,-5.26,8.53
-2.43,-4.7,8.31
-2.43,-4.7,8.31
-2.63,-4.83,8.21
-2.56,-5.15,8.33
-2.69,-4.97,8.12
-2.69,-4.97,8.12
-3.87,-4.42,8.03
-3.87,-4.42,8.03
-3.87,-4.42,8.03
-3.99,-4.19,8.4
-3.99,-4.19,8.4
-3.99,-4.19,8.4
-3.12,-4.63,8.31
-3.12,-4.63,8.31
-3.12,-4.63,8.31
-2.51,-4.8,8.28
-2.51,-4.8,8.28
-2.51,-4.8,8.28
-2.52,-4.77,8.22
-2.52,-4.77,8.22
-2.52,-4.77,8.22
-2.49,-5.1,8.34
-2.49,-5.1,8.34
-2.49,-5.1,8.34
-2.53,-4.74,7.66
-2.53,-4.74,7.66
-2.52,-4.63,7.51
-2.67,-4.8,7.65
-2.87,-4.86,7.73
-2.87,-4.86,7.73
-2.96,-4.53,7.67
-2.96,-4.53,7.67
-2.96,-4.53,7.67
-2.6,-4.83,8.24
-2.6,-4.83,8.24
-2.6,-4.83,8.24
-2.12,-5.06,8.45
-2.12,-5.06,8.45
-2.09,-4.59,8.29
-2.07,-4.4,8.29
-2.07,-4.4,8.29
-2.07,-4.4,8.29
-2.16,-5.26,8.05
-2.16,-5.26,8.05
-2.16,-5.26,8.05
-2.24,-5.01,7.96
-2.24,-5.01,7.96
-2.24,-5.01,7.96
-2.38,-5.48,8.65
-2.38,-5.48,8.65
-2.43,-5.64,8.92
-2.6,-5.21,8.76
-2.6,-5.21,8.76
-2.6,-5.21,8.76
-2.6,-5.09,8.5
-2.6,-5.09,8.5
-2.6,-5.09,8.5
-2.66,-4.95,7.77
-2.66,-4.95,7.77
-2.66,-4.95,7.77
-3.08,-4.15,7.23
-3.08,-4.15,7.23
-3.08,-4.15,7.23
-3.41,-4.87,7.75
-3.41,-4.87,7.75
-3.41,-4.87,7.75
-3.31,-4.22,7.75
-3.31,-4.22,7.75
-3.31,-4.22,7.75
-3.01,-4.31,7.64
-3.01,-4.31,7.64
-3.01,-4.31,7.64
-2.51,-3.73,7.79
-2.49,-3.78,8.08
-2.49,-3.78,8.08
-2.68,-4.72,8.5
-2.68,-4.72,8.5
-2.68,-4.72,8.5
-2.94,-4.63,8.4
-2.94,-4.63,8.4
-2.94,-4.63,8.4
-3.13,-4.52,8.3
-3.13,-4.52,8.3
-3.13,-4.52,8.3
-2.82,-5.05,8.48
-2.82,-5.05,8.48
-2.82,-5.05,8.48
-2.43,-4.46,8.39
-2.43,-4.46,8.39
-2.69,-4.87,8.72
-2.69,-4.87,8.72
-2.69,-4.87,8.72
-2.83,-5.29,8.81
-2.83,-5.29,8.81
-2.75,-5.03,8.58
-2.56,-4.81,8.38
-2.56,-4.81,8.38
-2.32,-4.87,8.28
-2.49,-4.99,8.2
-2.49,-4.99,8.2
-2.49,-4.99,8.2
-2.74,-4.84,8.29
-2.74,-4.84,8.29
-2.74,-4.84,8.29
-3.11,-4.57,8.33
-3.11,-4.57,8.33
-3.11,-4.57,8.33
-2.92,-4.61,8.43
-2.92,-4.61,8.43
-2.96,-4.66,8.56
-2.96,-4.66,8.56
-2.96,-4.66,8.56
-2.86,-4.93,8.87
-2.86,-4.93,8.87
-2.86,-4.93,8.87
-2.93,-4.88,8.56
-2.93,-4.88,8.56
-2.93,-4.88,8.56
-2.85,-4.48,7.68
-2.85,-4.48,7.68
-2.85,-4.48,7.68
-2.73,-4.96,7.48
-2.73,-4.96,7.48
-2.73,-4.96,7.48
-2.69,-5.38,7.8
-2.69,-5.38,7.8
-2.69,-5.38,7.8
-3.25,-4.72,7.72
-3.25,-4.72,7.72
-3.25,-4.72,7.72
-3.09,-4.73,7.76
-3.09,-4.73,7.76
-2.97,-4.99,7.79
-3.19,-5.08,7.5
-3.19,-5.08,7.5
-3.19,-5.08,7.5
-3.12,-4.64,7.26
-3.12,-4.64,7.26
-3.12,-4.64,7.26
-3.13,-4.99,7.52
-3.13,-4.99,7.52
-3.13,-4.99,7.52
-3.24,-5.3,8.01
-3.24,-5.3,8.01
-3.27,-5.48,8.33
-3.01,-5.45,8.5
-3.01,-5.45,8.5
-3.01,-5.45,8.5
-2.53,-5.16,7.5
-2.53,-5.16,7.5
-2.53,-5.16,7.5
-2.61,-5.24,7.32
-2.61,-5.24,7.32
-2.76,-5.51,7.67
-2.95,-5.84,8.14
-3.0,-5.92,8.39
-3.0,-5.92,8.39
-3.02,-5.08,8.13
-3.02,-5.08,8.13
-3.02,-5.08,8.13
-2.98,-4.66,7.84
-2.98,-4.66,7.84
-2.98,-4.66,7.84
-2.8,-5.29,7.97
-2.8,-5.29,7.97
-2.81,-5.21,8.01
-2.73,-5.29,7.9
-2.73,-5.29,7.9
-2.73,-5.29,7.9
-2.84,-5.41,7.86
-2.84,-5.41,7.86
-2.84,-5.41,7.86
-2.88,-4.87,7.94
-2.88,-4.87,7.94
-2.88,-4.87,7.94
-2.92,-5.1,8.04
-2.92,-5.1,8.04
-2.92,-5.1,8.04
-3.14,-4.96,7.94
-3.14,-4.96,7.94
-3.04,-4.9,8.07
-2.96,-4.93,8.23
-2.96,-4.93,8.23
-2.96,-4.93,8.23
-3.02,-5.54,7.83
-3.02,-5.54,7.83
-3.02,-5.54,7.83
-2.94,-4.8,7.29
-2.94,-4.8,7.29
-2.94,-4.8,7.29
-3.46,-4.79,7.83
-3.46,-4.79,7.83
-3.46,-4.79,7.83
-3.61,-4.34,7.7
-3.61,-4.34,7.7
-3.61,-4.34,7.7
-3.53,-4.04,7.44
-3.53,-4.04,7.44
-3.53,-4.04,7.44
-3.25,-5.26,7.92
-3.01,-5.38,8.11
-3.01,-5.38,8.11
-2.87,-5.35,8.25
-2.95,-5.58,8.47
-2.95,-5.58,8.47
-2.79,-6.02,8.67
-2.79,-6.02,8.67
-2.79,-6.02,8.67
-2.84,-5.49,8.36
-2.84,-5.49,8.36
-2.84,-5.49,8.36
-2.74,-6.05,8.31
-2.74,-6.05,8.31
-2.3,-5.72,8.13
-2.3,-5.54,8.21
-2.49,-5.72,8.44
-2.49,-5.72,8.44
-1.76,-5.9,8.9
-1.76,-5.9,8.9
-1.76,-5.9,8.9
-2.53,-5.77,8.09
-2.53,-5.77,8.09
-2.99,-5.48,8.04
-2.99,-5.48,8.04
-2.56,-6.1,8.31
-2.23,-5.28,7.66
-2.23,-5.28,7.66
-1.99,-5.73,7.02
-1.99,-5.73,7.02
-1.99,-5.73,7.02
-1.8,-5.72,6.99
-1.8,-5.72,6.99
-1.8,-5.72,6.99
-2.55,-6.58,7.54
-2.55,-6.58,7.54
-2.38,-6.35,7.64
-2.44,-4.73,7.02
-2.44,-4.73,7.02
-2.44,-4.73,7.02
-2.59,-5.6,7.62
-2.59,-5.6,7.62
-2.59,-5.6,7.62
-2.11,-5.78,7.44
-2.11,-5.78,7.44
-2.11,-5.78,7.44
-2.21,-5.87,6.63
-2.21,-5.87,6.63
-2.58,-6.61,6.36
-2.42,-6.85,7.12
-2.42,-6.85,7.12
-2.42,-6.85,7.12
-1.26,-7.66,7.39
-1.26,-7.66,7.39
-1.26,-7.66,7.39
-0.38,-7.67,7.58
-0.38,-7.67,7.58
-1.28,-7.6,6.51
-1.28,-7.6,6.51
-1.28,-7.6,6.51
-1.36,-7.73,6.78
-1.36,-7.73,6.78
-1.36,-7.73,6.78
-0.92,-8.47,6.78
-0.92,-8.47,6.78
-0.92,-8.47,6.78
-0.58,-7.0,6.51
-0.58,-7.0,6.51
-0.58,-7.0,6.51
-0.67,-7.59,6.52
-0.67,-7.59,6.52
-0.67,-7.59,6.52
-0.3,-8.24,6.41
-0.3,-8.24,6.41
-0.3,-8.24,6.41
-1.18,-8.38,5.86
-1.18,-8.38,5.86
-1.18,-8.38,5.86
-1.5,-8.71,5.99
-1.5,-8.71,5.99
-1.5,-8.71,5.99
-1.64,-8.72,5.24
-1.64,-8.72,5.24
-1.64,-8.72,5.24
-1.22,-9.11,5.66
-1.22,-9.11,5.66
-1.22,-9.11,5.66
-0.91,-8.76,4.93
-0.91,-8.76,4.93
-0.91,-8.76,4.93
-0.61,-9.58,5.2
-0.61,-9.58,5.2
-0.61,-9.58,5.2
-0.55,-9.41,4.31
-0.55,-9.41,4.31
-0.64,-9.19,4.01
-0.5,-9.32,4.09
-0.37,-9.23,3.74
-0.37,-9.23,3.74
-0.59,-9.01,3.16
-0.59,-9.01,3.16
-0.59,-9.01,3.16
-0.66,-9.64,2.8
-0.66,-9.64,2.8
-0.66,-9.64,2.8
-0.31,-9.35,2.35
-0.22,-9.77,2.26
-0.22,-9.77,2.26
-0.22,-9.39,1.83
-0.22,-9.39,1.83
-0.22,-9.39,1.83
-0.6,-9.06,1.28
-0.6,-9.06,1.28
-0.6,-9.06,1.28
-0.48,-9.37,0.8
-0.48,-9.37,0.8
-0.48,-9.37,0.8
0.0,-9.09,0.36
0.0,-9.09,0.36
0.16,-9.45,0.48
0.83,-9.31,0.57
0.83,-9.31,0.57
0.83,-9.31,0.57
1.21,-9.25,0.25
1.21,-9.25,0.25
1.21,-9.25,0.25
1.59,-9.29,-0.56
1.59,-9.29,-0.56
1.55,-9.24,-0.94
1.36,-9.64,-1.56
1.36,-9.64,-1.56
1.47,-8.01,-6.37
1.62,-8.91,-2.05
1.62,-8.91,-2.05
1.62,-8.91,-2.05
1.52,-8.37,-2.03
1.52,-8.37,-2.03
1.52,-8.37,-2.03
1.42,-8.8,-2.8
1.42,-8.8,-2.8
1.65,-8.48,-3.2
1.83,-8.48,-3.53
1.83,-8.48,-3.53
1.76,-7.88,-3.93
1.76,-7.88,-3.93
1.76,-7.88,-3.93
2.54,-9.08,-3.04
2.54,-9.08,-3.04
2.54,-9.08,-3.04
2.67,-8.21,-3.62
2.67,-8.21,-3.62
2.67,-8.21,-3.62
2.54,-7.87,-4.39
2.54,-7.87,-4.39
2.72,-7.83,-4.22
2.59,-6.7,-4.16
2.59,-6.7,-4.16
2.59,-6.7,-4.16
2.93,-7.04,-4.47
2.93,-7.04,-4.47
2.93,-7.04,-4.47
2.64,-8.04,-5.27
2.64,-8.04,-5.27
1.98,-7.31,-4.21
2.43,-7.28,-4.22
2.48,-6.31,-4.42
2.48,-6.31,-4.42
2.79,-5.76,-3.99
2.79,-5.76,-3.99
2.79,-5.76,-3.99
3.45,-7.16,-4.3
3.45,-7.16,-4.3
3.45,-7.16,-4.3
3.48,-6.75,-4.36
3.48,-6.75,-4.36
3.48,-6.75,-4.36
3.62,-7.26,-4.23
3.62,-7.26,-4.23
2.96,-6.88,-4.75
2.72,-7.39,-5.18
2.72,-7.39,-5.18
2.72,-7.39,-5.18
2.56,-7.23,-5.09
2.56,-7.23,-5.09
2.56,-7.23,-5.09
3.24,-7.77,-4.81
3.24,-7.77,-4.81
3.24,-7.77,-4.81
2.94,-7.38,-4.91
2.94,-7.38,-4.91
2.97,-8.04,-4.99
3.13,-8.03,-4.79
3.13,-8.03,-4.79
3.13,-8.03,-4.79
2.82,-7.44,-4.92
2.82,-7.44,-4.92
2.82,-7.44,-4.92
3.05,-8.23,-5.15
3.05,-8.23,-5.15
3.05,-8.23,-5.15
3.11,-7.86,-4.44
3.11,-7.86,-4.44
3.11,-7.86,-4.44
2.36,-7.09,-5.15
2.36,-7.09,-5.15
2.36,-7.09,-5.15
2.95,-8.05,-4.98
2.95,-8.05,-4.98
2.95,-8.05,-4.98
2.82,-7.45,-5.09
2.82,-7.45,-5.09
2.82,-7.45,-5.09
2.84,-8.04,-4.47
2.84,-8.04,-4.47
2.84,-8.04,-4.47
2.73,-8.27,-5.22
2.73,-8.27,-5.22
2.73,-8.27,-5.22
2.7,-7.81,-5.41
2.7,-7.81,-5.41
2.7,-7.81,-5.41
2.1,-7.27,-4.98
2.1,-7.27,-4.98
2.1,-7.27,-4.98
2.29,-7.28,-4.85
2.29,-7.28,-4.85
2.29,-7.28,-4.85
2.31,-7.91,-4.93
2.31,-7.91,-4.93
2.31,-7.91,-4.93
2.29,-7.75,-5.24
2.29,-7.75,-5.24
2.29,-7.75,-5.24
1.99,-7.92,-4.89
1.99,-7.92,-4.89
2.16,-7.8,-4.9
2.41,-7.48,-4.99
2.41,-7.48,-4.99
2.41,-7.48,-4.99
2.65,-7.8,-5.14
2.65,-7.8,-5.14
2.65,-7.8,-5.14
2.44,-7.82,-5.11
2.44,-7.82,-5.11
2.44,-7.82,-5.11
2.49,-8.24,-4.81
2.49,-8.24,-4.81
2.38,-8.14,-4.68
2.45,-7.88,-5.06
2.45,-7.88,-5.06
2.45,-7.88,-5.06
2.42,-7.59,-4.86
2.42,-7.59,-4.86
2.42,-7.59,-4.86
2.4,-7.85,-4.75
2.4,-7.85,-4.75
2.4,-7.85,-4.75
2.21,-7.54,-5.0
2.37,-7.59,-4.95
2.16,-7.77,-4.98
2.16,-7.77,-4.98
2.16,-7.77,-4.98
2.41,-8.03,-4.75
2.41,-8.03,-4.75
2.41,-8.03,-4.75
2.25,-8.14,-4.66
2.25,-8.14,-4.66
2.25,-8.14,-4.66
2.14,-8.13,-4.96
2.14,-8.13,-4.96
2.14,-8.13,-4.96
1.9,-8.33,-5.23
1.94,-8.42,-5.18
1.94,-8.42,-5.18
2.36,-7.56,-4.74
2.36,-7.56,-4.74
2.36,-7.56,-4.74
2.18,-7.74,-4.81
2.18,-7.74,-4.81
2.18,-7.74,-4.81
2.12,-7.97,-4.53
2.12,-7.97,-4.53
2.01,-7.95,-4.4
2.38,-7.92,-4.62
2.38,-7.92,-4.62
2.38,-7.92,-4.62
2.26,-8.39,-4.48
2.26,-8.39,-4.48
2.26,-8.39,-4.48
2.27,-8.12,-4.56
2.27,-8.12,-4.56
2.27,-8.12,-4.56
1.92,-8.65,-4.98
1.92,-8.65,-4.98
1.99,-8.87,-4.81
1.59,-7.66,-4.86
1.59,-7.66,-4.86
1.59,-7.66,-4.86
1.69,-8.35,-5.01
1.69,-8.35,-5.01
1.69,-8.35,-5.01
1.68,-7.53,-4.79
1.68,-7.53,-4.79
1.68,-7.53,-4.79
1.66,-7.87,-4.66
1.68,-8.01,-4.76
1.68,-8.01,-4.76
1.85,-7.97,-4.99
1.85,-7.97,-4.99
1.89,-8.28,-4.96
1.89,-8.28,-4.96
1.89,-8.28,-4.96
1.67,-7.96,-4.79
1.67,-7.96,-4.79
1.67,-7.96,-4.79
1.47,-7.85,-4.71
1.47,-7.85,-4.71
1.47,-7.85,-4.71
1.56,-8.06,-4.92
1.56,-8.06,-4.92
1.56,-8.06,-4.92
1.67,-8.09,-4.87
1.67,-8.09,-4.87
1.67,-8.09,-4.87
1.8,-8.48,-4.66
1.8,-8.48,-4.66
1.8,-8.48,-4.66
1.82,-7.54,-4.64
1.82,-7.54,-4.64
1.86,-7.78,-4.41
1.7,-7.51,-4.83
1.7,-7.51,-4.83
1.7,-7.51,-4.83
1.58,-8.07,-4.72
1.58,-8.07,-4.72
1.58,-8.07,-4.72
1.57,-8.21,-4.72
1.57,-8.21,-4.72
1.57,-8.21,-4.72
1.13,-8.15,-4.75
1.13,-8.15,-4.75
1.22,-8.37,-4.77
1.59,-7.7,-4.68
1.59,-7.7,-4.68
1.59,-7.7,-4.68
1.7,-7.81,-4.57
1.7,-7.81,-4.57
1.7,-7.81,-4.57
1.8,-7.71,-4.74
1.8,-7.71,-4.74
1.8,-7.71,-4.74
1.4,-8.66,-4.61
1.4,-8.66,-4.61
1.3,-8.76,-4.43
1.43,-8.44,-4.63
1.43,-8.44,-4.63
1.43,-8.44,-4.63
1.79,-7.78,-4.85
1.79,-7.78,-4.85
1.79,-7.78,-4.85
1.62,-7.57,-4.17
1.62,-7.57,-4.17
1.62,-7.57,-4.17
1.7,-8.18,-4.79
1.7,-8.18,-4.79
1.56,-8.59,-4.74
1.76,-8.61,-4.39
1.76,-8.61,-4.39
1.24,-7.85,-4.57
1.24,-7.85,-4.57
1.24,-7.85,-4.57
1.6,-8.55,-4.56
1.6,-8.55,-4.56
1.6,-8.55,-4.56
1.12,-7.43,-4.92
1.12,-7.43,-4.92
1.12,-7.43,-4.92
0.86,-7.33,-3.93
0.86,-7.33,-3.93
0.86,-7.33,-3.93
1.89,-9.61,-4.03
1.89,-9.61,-4.03
1.89,-9.61,-4.03
2.14,-7.66,-4.43
2.14,-7.66,-4.43
2.14,-7.66,-4.43
1.64,-9.27,-3.78
1.64,-9.27,-3.78
1.64,-9.27,-3.78
1.13,-8.7,-4.09
1.13,-8.7,-4.09
1.13,-8.7,-4.09
1.32,-9.04,-3.42
1.32,-9.04,-3.42
1.32,-9.04,-3.42
0.76,-8.39,-4.33
0.76,-8.39,-4.33
0.76,-8.39,-4.33
1.36,-8.98,-3.8
1.91,-9.16,-3.58
1.91,-9.16,-3.58
1.61,-8.37,-4.47
1.61,-8.37,-4.47
1.61,-8.37,-4.47
1.4,-7.93,-3.68
1.4,-7.93,-3.68
1.4,-7.93,-3.68
1.82,-7.83,-4.16
1.82,-7.83,-4.16
1.9,-8.57,-3.88
1.9,-8.57,-3.88
1.7,-9.63,-3.42
2.37,-8.88,-3.63
2.37,-8.88,-3.63
2.36,-8.85,-4.0
2.36,-8.85,-4.0
2.36,-8.85,-4.0
0.76,-9.26,-3.86
0.76,-9.26,-3.86
0.84,-8.45,-3.48
0.62,-8.09,-3.78
0.62,-8.09,-3.78
2.27,-7.6,-3.35
2.27,-7.6,-3.35
2.27,-7.6,-3.35
2.32,-8.03,-3.93
2.32,-8.03,-3.93
2.32,-8.03,-3.93
2.95,-7.36,-5.23
2.95,-7.36,-5.23
1.6,-8.47,-4.36
1.03,-8.89,-2.88
1.03,-8.89,-2.88
1.03,-8.89,-2.88
1.47,-8.92,-3.84
1.47,-8.92,-3.84
1.47,-8.92,-3.84
0.31,-10.37,-4.79
0.31,-10.37,-4.79
0.31,-10.37,-4.79
1.79,-10.84,-3.37
1.79,-10.84,-3.37
1.79,-10.84,-3.37
1.19,-10.15,-3.4
2.83,-10.03,-3.77
2.83,-10.03,-3.77
0.45,-7.46,-4.97
0.45,-7.46,-4.97
0.45,-7.46,-4.97
1.38,-12.05,-3.08
1.38,-12.05,-3.08
1.38,-12.05,-3.08
1.82,-5.1,-5.73
1.82,-5.1,-5.73
1.82,-5.1,-5.73
1.4,-9.48,-3.81
1.4,-9.48,-3.81
1.4,-9.48,-3.81
2.0,-8.86,-5.12
2.0,-8.86,-5.12
2.0,-8.86,-5.12
0.59,-5.85,-6.47
0.59,-5.85,-6.47
0.59,-5.85,-6.47
1.57,-9.06,-4.02
1.57,-9.06,-4.02
1.57,-9.06,-4.02
0.73,-4.51,-6.6
0.09,-7.42,-5.89
0.09,-7.42,-5.89
0.73,-6.78,-5.73
0.73,-6.78,-5.73
0.73,-6.78,-5.73
0.23,-7.77,-5.8
0.23,-7.77,-5.8
-1.4,-5.87,-5.55
-1.4,-5.87,-5.55
-1.4,-5.87,-5.55
-0.1,-7.47,-6.51
-0.1,-7.47,-6.51
-0.1,-7.47,-6.51
0.69,-6.27,-5.22
0.69,-6.27,-5.22
0.69,-6.27,-5.22
-0.79,-6.02,-6.04
-0.79,-6.02,-6.04
-0.79,-6.02,-6.04
1.67,-8.82,-6.54
1.67,-8.82,-6.54
1.67,-8.82,-6.54
0.0,-7.78,-6.36
0.0,-7.78,-6.36
0.0,-7.78,-6.36
-0.92,-7.64,-5.37
-0.92,-7.64,-5.37
-0.92,-7.64,-5.37
0.42,-6.34,-5.32
0.42,-6.34,-5.32
0.42,-6.34,-5.32
-1.59,-8.57,-5.74
-1.59,-8.57,-5.74
-1.59,-8.57,-5.74
1.19,-6.36,-5.98
1.19,-6.36,-5.98
-0.56,-7.33,-6.02
1.06,-6.03,-6.08
1.06,-6.03,-6.08
1.06,-6.03,-6.08
-0.72,-8.23,-5.45
-0.72,-8.23,-5.45
-0.72,-8.23,-5.45
0.16,-6.54,-5.88
0.16,-6.54,-5.88
-0.92,-8.97,-5.98
-0.21,-8.59,-6.14
0.33,-7.39,-6.41
0.33,-7.39,-6.41
-0.14,-8.05,-6.07
-0.14,-8.05,-6.07
-0.14,-8.05,-6.07
-0.42,-7.23,-6.06
-0.42,-7.23,-6.06
-0.42,-7.23,-6.06
-0.43,-6.89,-5.77
-0.43,-6.89,-5.77
-0.43,-6.89,-5.77
-0.01,-8.23,-5.73
-0.01,-8.23,-5.73
-0.01,-8.23,-5.73
-1.04,-5.47,-5.9
-1.04,-5.47,-5.9
-1.04,-5.47,-5.9
0.08,-6.82,-5.24
0.08,-6.82,-5.24
0.08,-6.82,-5.24
-1.13,-6.11,-6.24
-1.13,-6.11,-6.24
-1.13,-6.11,-6.24
-0.82,-6.32,-6.99
-0.82,-6.32,-6.99
-0.82,-6.32,-6.99
0.7,-7.81,-5.35
0.7,-7.81,-5.35
0.7,-7.81,-5.35
-1.69,-3.8,-5.68
-1.69,-3.8,-5.68
-1.69,-3.8,-5.68
0.68,-8.4,-6.65
1.58,-9.62,-7.45
1.58,-9.62,-7.45
-0.52,-7.6,-5.55
-0.52,-7.6,-5.55
-0.52,-7.6,-5.55
-0.3,-4.94,-5.54
-0.3,-4.94,-5.54
-0.3,-4.94,-5.54
-0.55,-6.93,-5.54
-0.55,-6.93,-5.54
-0.55,-6.93,-5.54
-0.17,-8.03,-6.13
-0.17,-8.03,-6.13
-0.17,-8.03,-6.13
-0.63,-7.98,-6.55
-0.63,-7.98,-6.55
1.06,-6.97,-5.88
-0.57,-7.46,-6.32
-0.57,-7.46,-6.32
-0.57,-7.46,-6.32
0.51,-7.25,-6.03
0.51,-7.25,-6.03
0.51,-7.25,-6.03
-0.05,-5.42,-6.5
-0.05,-5.42,-6.5
-0.05,-5.42,-6.5
0.46,-7.21,-6.6
0.46,-7.21,-6.6
0.46,-7.21,-6.6
-0.4,-8.04,-5.84
-0.4,-8.04,-5.84
-0.4,-8.04,-5.84
0.46,-5.9,-6.16
0.46,-5.9,-6.16
0.46,-5.9,-6.16
-0.41,-7.8,-6.16
-0.41,-7.8,-6.16
0.41,-6.19,-6.25
-0.46,-8.14,-6.25
-0.46,-8.14,-6.25
-0.46,-8.14,-6.25
0.11,-5.99,-6.03
0.11,-5.99,-6.03
0.11,-5.99,-6.03
-0.7,-7.82,-6.19
-0.7,-7.82,-6.19
-0.7,-7.82,-6.19
0.11,-6.26,-6.12
0.11,-6.26,-6.12
-0.78,-7.03,-6.49
-0.08,-6.85,-6.33
-0.08,-6.85,-6.33
-0.08,-6.85,-6.33
-0.17,-6.89,-6.37
-0.17,-6.89,-6.37
-0.17,-6.89,-6.37
0.15,-6.94,-5.75
0.15,-6.94,-5.75
0.15,-6.94,-5.75
-0.91,-6.76,-6.31
-0.91,-6.76,-6.31
-0.78,-6.9,-5.7
-0.05,-7.06,-6.69
-0.05,-7.06,-6.69
-0.05,-7.06,-6.69
-0.08,-6.72,-6.18
-0.08,-6.72,-6.18
-0.08,-6.72,-6.18
-0.23,-7.05,-6.46
-0.23,-7.05,-6.46
-0.23,-7.05,-6.46
-0.77,-6.75,-6.49
-0.77,-6.75,-6.49
-0.77,-6.75,-6.49
-0.2,-7.2,-6.0
-0.2,-7.2,-6.0
-0.2,-7.2,-6.0
-0.47,-6.5,-6.57
-0.47,-6.5,-6.57
-0.47,-6.5,-6.57
0.13,-7.59,-5.83
0.13,-7.59,-5.83
0.13,-7.59,-5.83
0.1,-7.27,-6.15
0.1,-7.27,-6.15
0.1,-7.27,-6.15
-0.37,-6.82,-6.6
-0.37,-6.82,-6.6
-0.37,-6.82,-6.6
0.37,-6.01,-5.93
0.37,-6.01,-5.93
0.37,-6.01,-5.93
-1.3,-7.34,-6.31
-1.3,-7.34,-6.31
-1.3,-7.34,-6.31
0.59,-6.55,-6.09
-0.11,-7.2,-6.28
-0.3,-6.66,-6.44
-0.3,-6.66,-6.44
-0.3,-6.66,-6.44
-0.14,-7.08,-6.12
-0.14,-7.08,-6.12
-0.14,-7.08,-6.12
-0.61,-6.63,-6.47
-0.61,-6.63,-6.47
-0.61,-6.63,-6.47
0.02,-6.57,-6.4
-0.87,-6.83,-6.61
-0.87,-6.83,-6.61
0.29,-7.28,-5.95
0.29,-7.28,-5.95
0.29,-7.28,-5.95
-1.29,-6.28,-6.3
-1.29,-6.28,-6.3
-1.29,-6.28,-6.3
0.44,-7.11,-6.04
0.44,-7.11,-6.04
0.44,-7.11,-6.04
-0.34,-7.81,-6.41
-0.34,-7.81,-6.41
-0.34,-7.81,-6.41
-0.38,-5.92,-5.99
-0.38,-5.92,-5.99
-0.38,-5.92,-5.99
-0.24,-6.93,-6.33
-0.24,-6.93,-6.33
-0.24,-6.93,-6.33
-0.13,-6.79,-5.97
-0.13,-6.79,-5.97
-0.13,-6.79,-5.97
0.16,-7.43,-6.29
0.16,-7.43,-6.29
0.16,-7.43,-6.29
-0.05,-6.69,-6.53
-0.05,-6.69,-6.53
-0.05,-6.69,-6.53
-0.4,-6.9,-5.7
-0.4,-6.9,-5.7
-0.4,-6.9,-5.7
-1.06,-6.71,-6.4
-1.06,-6.71,-6.4
-1.06,-6.71,-6.4
0.31,-6.67,-5.74
0.31,-6.67,-5.74
-0.16,-6.21,-6.4
-0.28,-7.71,-6.29
-0.28,-7.71,-6.29
-0.28,-7.71,-6.29
-0.59,-6.1,-6.39
-0.59,-6.1,-6.39
-0.59,-6.1,-6.39
-0.45,-7.09,-6.26
-0.45,-7.09,-6.26
-0.03,-6.26,-6.24
-0.24,-7.3,-6.8
-0.24,-7.3,-6.8
-0.24,-7.3,-6.8
0.19,-6.59,-6.07
0.19,-6.59,-6.07
0.19,-6.59,-6.07
-0.9,-7.51,-6.22
-0.9,-7.51,-6.22
-0.9,-7.51,-6.22
0.06,-6.11,-5.95
0.06,-6.11,-5.95
0.06,-6.11,-5.95
-0.26,-8.02,-6.77
0.36,-7.5,-6.12
0.36,-7.5,-6.12
-0.73,-6.11,-6.57
-0.73,-6.11,-6.57
-0.73,-6.11,-6.57
-0.23,-6.61,-5.96
-0.23,-6.61,-5.96
-0.23,-6.61,-5.96
0.15,-6.68,-6.37
0.15,-6.68,-6.37
-0.26,-7.36,-6.65
0.08,-6.34,-6.29
0.08,-6.34,-6.29
0.08,-6.34,-6.29
-0.51,-7.66,-6.49
-0.51,-7.66,-6.49
-0.51,-7.66,-6.49
0.32,-6.13,-5.73
0.32,-6.13,-5.73
0.32,-6.13,-5.73
-0.8,-7.31,-6.61
-0.8,-7.31,-6.61
-0.8,-7.31,-6.61
0.08,-6.63,-6.27
-0.65,-7.32,-6.91
-0.65,-7.32,-6.91
0.32,-6.94,-5.99
0.32,-6.94,-5.99
0.32,-6.94,-5.99
-0.7,-6.59,-6.36
-0.7,-6.59,-6.36
-0.7,-6.59,-6.36
-0.22,-6.96,-5.86
-0.22,-6.96,-5.86
-0.22,-6.96,-5.86
-0.59,-6.51,-6.88
0.87,-6.74,-6.34
0.87,-6.74,-6.34
-1.44,-6.86,-6.42
-1.44,-6.86,-6.42
-1.44,-6.86,-6.42
0.79,-6.58,-6.14
0.79,-6.58,-6.14
0.79,-6.58,-6.14
-1.29,-6.91,-6.35
-1.29,-6.91,-6.35
-1.29,-6.91,-6.35
0.31,-6.77,-6.35
-0.12,-6.95,-6.56
-0.12,-6.95,-6.56
0.11,-6.83,-6.28
0.11,-6.83,-6.28
0.11,-6.83,-6.28
-1.11,-6.78,-6.26
-1.11,-6.78,-6.26
-1.11,-6.78,-6.26
0.17,-6.87,-5.95
0.17,-6.87,-5.95
0.17,-6.87,-5.95
0.02,-6.7,-6.53
0.02,-6.7,-6.53
0.02,-6.7,-6.53
-0.51,-7.36,-6.3
-0.51,-7.36,-6.3
-0.51,-7.36,-6.3
-0.16,-6.89,-6.8
-0.16,-6.89,-6.8
-0.16,-6.89,-6.8
-0.3,-6.44,-5.72
-0.3,-6.44,-5.72
-0.3,-6.44,-5.72
0.13,-7.15,-6.12
0.13,-7.15,-6.12
0.13,-7.15,-6.12
-0.48,-7.01,-6.79
-0.48,-7.01,-6.79
-0.48,-7.01,-6.79
0.44,-6.71,-5.97
0.44,-6.71,-5.97
0.44,-6.71,-5.97
-1.29,-7.13,-6.66
-1.29,-7.13,-6.66
-1.29,-7.13,-6.66
0.03,-6.53,-6.13
0.03,-6.53,-6.13
0.03,-6.53,-6.13
-0.55,-6.91,-6.44
-0.55,-6.91,-6.44
-0.55,-6.91,-6.44
0.09,-6.63,-6.13
0.09,-6.63,-6.13
0.09,-6.63,-6.13
-0.6,-6.76,-6.64
-0.6,-6.76,-6.64
0.46,-6.97,-6.34
-0.6,-6.85,-6.49
-0.6,-6.85,-6.49
-0.6,-6.85,-6.49
0.16,-6.99,-6.03
0.16,-6.99,-6.03
-0.89,-6.46,-6.22
-0.89,-6.46,-6.22
-0.89,-6.46,-6.22
0.72,-7.16,-6.35
0.72,-7.16,-6.35
0.45,-7.13,-6.3
-0.84,-7.62,-6.46
-0.84,-7.62,-6.46
-0.84,-7.62,-6.46
0.82,-6.08,-5.78
0.82,-6.08,-5.78
0.82,-6.08,-5.78
-1.02,-6.63,-6.53
-1.02,-6.63,-6.53
-1.02,-6.63,-6.53
0.67,-6.72,-6.19
0.67,-6.72,-6.19
-1.23,-7.37,-6.59
0.8,-6.5,-6.03
0.8,-6.5,-6.03
0.8,-6.5,-6.03
-1.48,-6.82,-6.36
-1.48,-6.82,-6.36
-1.48,-6.82,-6.36
0.68,-6.37,-6.05
0.68,-6.37,-6.05
0.68,-6.37,-6.05
-0.27,-6.82,-6.76
-0.03,-7.0,-6.92
-0.03,-7.0,-6.92
0.42,-7.58,-5.92
0.42,-7.58,-5.92
0.42,-7.58,-5.92
-0.69,-6.81,-6.6
-0.69,-6.81,-6.6
-0.69,-6.81,-6.6
-0.18,-6.84,-5.86
-0.18,-6.84,-5.86
-0.08,-6.44,-6.29
-0.72,-7.27,-6.75
-0.72,-7.27,-6.75
-0.31,-7.48,-6.32
-0.28,-6.39,-6.06
-0.28,-6.39,-6.06
-0.28,-6.39,-6.06
-0.26,-6.92,-6.02
-0.26,-6.92,-6.02
-0.26,-6.92,-6.02
-0.56,-6.88,-6.31
-0.56,-6.88,-6.31
-0.56,-6.88,-6.31
-0.33,-6.52,-6.28
-0.33,-6.52,-6.28
-0.33,-6.52,-6.28
-0.67,-7.47,-6.42
-0.67,-7.47,-6.42
-0.67,-7.47,-6.42
0.32,-6.65,-5.98
0.32,-6.65,-5.98
0.32,-6.65,-5.98
-0.8,-6.94,-6.43
-0.8,-6.94,-6.43
-0.8,-6.94,-6.43
-0.32,-6.91,-6.99
-0.32,-6.91,-6.99
-0.32,-6.91,-6.99
0.93,-6.23,-7.84
0.93,-6.23,-7.84
0.93,-6.23,-7.84
-18.36,-3.55,-0.33
-18.36,-3.55,-0.33
