aX,aY,aZ
-20.61,-1.3,-1.63
7.58,-3.37,-9.4
7.58,-3.37,-9.4
7.58,-3.37,-9.4
2.49,-6.34,-11.14
2.49,-6.34,-11.14
2.49,-6.34,-11.14
3.04,-5.78,-9.84
3.04,-5.78,-9.84
3.04,-5.78,-9.84
2.72,-4.89,-8.85
2.72,-4.89,-8.85
2.72,-4.89,-8.85
0.1,-4.61,-7.68
0.1,-4.61,-7.68
0.1,-4.61,-7.68
1.28,-6.3,-6.56
1.28,-6.3,-6.56
1.28,-6.3,-6.56
1.78,-5.81,-7.83
1.78,-5.81,-7.83
1.78,-5.81,-7.83
1.82,-5.43,-7.88
1.82,-5.43,-7.88
1.82,-5.43,-7.88
1.24,-5.14,-8.25
1.24,-5.14,-8.25
1.24,-5.14,-8.25
0.9,-5.62,-7.33
0.9,-5.62,-7.33
1.1,-5.5,-6.87
1.39,-5.34,-7.16
1.39,-5.34,-7.16
1.39,-5.34,-7.16
1.4,-5.82,-7.51
1.4,-5.82,-7.51
1.4,-5.82,-7.51
1.68,-5.53,-7.0
1.68,-5.53,-7.0
1.68,-5.53,-7.0
1.18,-5.99,-7.76
1.18,-5.99,-7.76
1.23,-5.99,-7.92
1.82,-5.58,-7.31
1.82,-5.58,-7.31
1.82,-5.58,-7.31
1.63,-5.21,-7.34
1.63,-5.21,-7.34
1.63,-5.21,-7.34
1.26,-6.25,-7.36
1.26,-6.25,-7.36
1.26,-6.25,-7.36
1.7,-5.45,-7.33
1.7,-5.45,-7.33
1.7,-5.45,-7.33
1.9,-5.75,-7.3
1.9,-5.75,-7.3
1.87,-6.02,-7.51
1.87,-6.02,-7.51
1.87,-6.02,-7.51
1.77,-5.5,-7.29
1.77,-5.5,-7.29
1.77,-5.5,-7.29
1.47,-5.69,-7.25
1.47,-5.69,-7.25
1.49,-5.84,-7.13
1.93,-5.41,-7.2
1.93,-5.41,-7.2
1.93,-5.41,-7.2
1.89,-5.62,-7.27
1.89,-5.62,-7.27
1.89,-5.62,-7.27
1.41,-6.12,-7.16
1.41,-6.12,-7.16
1.75,-5.94,-7.08
2.05,-5.64,-7.11
2.05,-5.64,-7.11
2.07,-5.6,-7.28
2.41,-5.99,-7.23
2.41,-5.99,-7.23
2.41,-5.99,-7.23
2.69,-5.78,-7.34
2.69,-5.78,-7.34
2.69,-5.78,-7.34
3.01,-5.87,-7.42
3.01,-5.87,-7.42
3.62,-5.38,-7.51
3.62,-5.38,-7.51
3.62,-5.38,-7.51
3.26,-5.61,-7.65
3.26,-5.61,-7.65
3.26,-5.61,-7.65
3.31,-5.6,-7.68
3.31,-5.6,-7.68
3.31,-5.6,-7.68
3.13,-5.17,-7.56
3.13,-5.17,-7.56
3.13,-5.17,-7.56
2.87,-5.43,-7.42
2.71,-5.12,-7.46
2.71,-5.12,-7.46
2.74,-5.07,-7.22
2.74,-5.07,-7.22
2.74,-5.07,-7.22
2.63,-4.7,-7.22
2.63,-4.7,-7.22
2.63,-4.7,-7.22
2.95,-4.87,-7.23
2.95,-4.87,-7.23
2.95,-4.87,-7.23
2.41,-5.21,-7.25
2.41,-5.21,-7.25
2.41,-5.21,-7.25
2.45,-4.63,-7.25
2.45,-4.63,-7.25
2.45,-4.63,-7.25
2.69,-4.82,-6.79
2.69,-4.82,-6.79
2.69,-4.82,-6.79
2.45,-4.87,-7.03
2.45,-4.87,-7.03
2.45,-4.87,-7.03
2.74,-5.72,-7.61
2.74,-5.72,-7.61
2.74,-5.72,-7.61
3.59,-5.76,-7.49
3.59,-5.76,-7.49
3.59,-5.76,-7.49
4.34,-6.0,-6.93
4.34,-6.0,-6.93
4.34,-6.0,-6.93
3.71,-5.74,-7.19
3.71,-5.74,-7.19
3.71,-5.74,-7.19
3.4,-6.02,-7.37
3.4,-6.02,-7.37
3.4,-6.02,-7.37
2.28,-5.15,-6.55
2.28,-5.15,-6.55
2.28,-5.15,-6.55
1.37,-4.32,-5.56
1.37,-4.32,-5.56
1.37,-4.32,-5.56
0.49,-4.32,-5.25
0.49,-4.32,-5.25
0.49,-4.32,-5.25
1.38,-3.77,-4.18
1.38,-3.77,-4.18
1.38,-3.77,-4.18
1.33,-5.66,-4.31
1.33,-5.66,-4.31
1.33,-5.66,-4.31
1.68,-6.89,-2.8
1.68,-6.89,-2.8
1.68,-6.89,-2.8
2.61,-6.3,-3.15
2.61,-6.3,-3.15
2.61,-6.3,-3.15
3.49,-8.81,-1.19
3.49,-8.81,-1.19
3.49,-8.81,-1.19
2.42,-9.02,-1.15
2.42,-9.02,-1.15
2.42,-9.02,-1.15
2.55,-11.69,-0.33
2.55,-11.69,-0.33
2.55,-11.69,-0.33
0.99,-12.31,-0.46
0.99,-12.31,-0.46
0.99,-12.31,-0.46
1.59,-10.8,0.27
1.59,-10.8,0.27
1.59,-10.8,0.27
0.91,-10.29,0.08
0.91,-10.29,0.08
0.91,-10.29,0.08
0.83,-11.59,3.79
0.83,-11.59,3.79
0.83,-11.59,3.79
2.46,-9.86,3.31
2.46,-9.86,3.31
1.89,-10.75,2.79
1.3,-12.04,3.22
1.15,-11.76,3.81
1.15,-11.76,3.81
1.46,-8.25,2.76
1.46,-8.25,2.76
1.46,-8.25,2.76
-0.4,-10.47,2.45
-0.4,-10.47,2.45
-0.4,-10.47,2.45
-0.99,-10.13,2.85
-0.99,-10.13,2.85
-0.76,-9.63,3.0
-0.56,-9.87,3.16
-0.71,-10.24,3.0
-0.71,-10.24,3.0
-0.72,-10.32,2.24
-0.72,-10.32,2.24
-0.72,-10.32,2.24
-1.04,-9.8,1.89
-1.04,-9.8,1.89
-1.04,-9.8,1.89
-2.32,-10.45,2.04
-2.32,-10.45,2.04
-2.32,-10.45,2.04
-2.35,-9.31,2.12
-2.35,-9.31,2.12
-3.63,-10.02,2.41
-3.23,-9.8,1.59
-3.23,-9.8,1.59
-3.23,-9.8,1.59
-3.28,-9.23,1.45
-3.28,-9.23,1.45
-3.28,-9.23,1.45
-2.1,-9.82,1.93
-2.1,-9.82,1.93
-2.1,-9.82,1.93
-0.89,-9.22,2.3
-0.89,-9.22,2.3
-0.89,-9.22,2.3
-1.27,-9.62,2.06
-1.27,-9.62,2.06
-1.27,-9.62,2.06
-0.91,-9.23,1.8
-0.91,-9.23,1.8
-1.1,-9.09,1.56
-1.1,-9.09,1.56
-1.13,-9.28,1.72
-1.13,-9.58,1.61
-1.35,-9.69,1.23
-1.35,-9.69,1.23
-0.48,-10.35,0.25
-0.48,-10.35,0.25
-0.48,-10.35,0.25
-0.54,-12.41,-0.52
-0.54,-12.41,-0.52
-0.54,-12.41,-0.52
0.02,-13.61,0.11
0.02,-13.61,0.11
-0.23,-13.43,0.32
1.18,-15.16,1.92
1.18,-15.16,1.92
1.18,-15.16,1.92
0.55,-15.44,1.88
0.55,-15.44,1.88
0.55,-15.44,1.88
0.31,-13.36,1.48
0.31,-13.36,1.48
0.31,-13.36,1.48
0.69,-11.85,1.32
0.69,-11.85,1.32
0.69,-11.85,1.32
-0.0,-9.96,0.52
-0.0,-9.96,0.52
-0.0,-9.96,0.52
-0.2,-8.71,-0.3
-0.2,-8.71,-0.3
-0.2,-8.71,-0.3
-0.35,-7.71,-0.22
-0.35,-7.71,-0.22
-0.35,-7.71,-0.22
-1.07,-2.85,-12.69
-1.07,-2.85,-12.69
-1.07,-2.85,-12.69
0.65,-3.0,-4.24
0.65,-3.0,-4.24
0.65,-3.0,-4.24
0.86,-1.86,-4.34
0.86,-1.86,-4.34
0.86,-1.86,-4.34
2.15,-0.88,-4.19
2.15,-0.88,-4.19
2.15,-0.88,-4.19
2.93,-0.49,-3.76
3.26,-1.12,-2.18
3.26,-1.12,-2.18
3.26,-1.12,-2.18
3.61,-1.99,-1.45
3.61,-1.99,-1.45
3.61,-1.99,-1.45
1.86,-2.28,0.14
1.86,-2.28,0.14
1.6,-3.89,0.48
2.17,-4.63,0.26
2.17,-4.63,0.26
3.06,-4.01,0.49
3.0,-7.67,1.36
3.0,-7.67,1.36
3.0,-7.67,1.36
2.34,-5.63,2.31
2.34,-5.63,2.31
2.34,-5.63,2.31
1.22,-11.28,5.32
1.22,-11.28,5.32
1.22,-11.28,5.32
-1.23,-10.11,6.35
-1.23,-10.11,6.35
-1.9,-12.34,5.75
-2.12,-11.97,6.78
-2.12,-11.97,6.78
-2.12,-11.97,6.78
-2.89,-13.06,5.75
-2.89,-13.06,5.75
-2.89,-13.06,5.75
-2.36,-12.03,7.21
-2.36,-12.03,7.21
-2.36,-12.03,7.21
-3.63,-11.14,5.21
-3.63,-11.14,5.21
-4.21,-11.79,5.64
-5.0,-10.31,6.05
-5.0,-10.31,6.05
-5.0,-10.31,6.05
-4.18,-8.46,6.31
-4.18,-8.46,6.31
-4.18,-8.46,6.31
-5.09,-8.87,6.37
-5.09,-8.87,6.37
-5.09,-8.87,6.37
-4.91,-7.32,6.1
-4.88,-7.26,6.12
-4.88,-7.26,6.12
-4.17,-6.7,6.47
-4.17,-6.7,6.47
-4.17,-6.7,6.47
-4.4,-7.39,6.79
-4.4,-7.39,6.79
-4.4,-7.39,6.79
-4.08,-6.12,6.44
-4.08,-6.12,6.44
-4.08,-6.12,6.44
-3.82,-6.25,6.24
-3.82,-6.25,6.24
-3.82,-6.25,6.24
-4.31,-6.07,5.91
-4.31,-6.07,5.91
-3.84,-6.66,6.69
-3.84,-6.66,6.69
-3.84,-6.66,6.69
-3.64,-5.94,6.12
-3.64,-5.94,6.12
-3.64,-5.94,6.12
-5.05,-6.62,6.41
-5.05,-6.62,6.41
-5.05,-6.62,6.41
-4.64,-6.43,6.22
-4.64,-6.43,6.22
-4.64,-6.43,6.22
-3.99,-6.7,6.32
-3.99,-6.7,6.32
-3.99,-6.7,6.32
-3.44,-5.45,5.73
-3.44,-5.45,5.73
-3.44,-5.45,5.73
-4.23,-6.22,6.23
-4.23,-6.22,6.23
-4.23,-6.22,6.23
-3.83,-5.5,5.23
-3.83,-5.5,5.23
-3.83,-5.5,5.23
-3.61,-7.38,6.07
-3.61,-7.38,6.07
-3.61,-7.38,6.07
-4.87,-5.99,5.42
-4.87,-5.99,5.42
-5.1,-5.72,4.97
-5.44,-6.41,5.31
-5.44,-6.41,5.31
-5.44,-6.41,5.31
-7.51,-6.32,4.31
-7.51,-6.32,4.31
-7.51,-6.32,4.31
-5.83,-6.13,5.54
-5.83,-6.13,5.54
-5.83,-6.13,5.54
-5.88,-6.0,5.93
-5.88,-6.0,5.93
-5.88,-6.0,5.93
-6.11,-5.04,5.23
-6.11,-5.04,5.23
-6.11,-5.04,5.23
-5.54,-5.99,5.58
-5.54,-5.99,5.58
-5.54,-5.99,5.58
-5.44,-5.5,5.53
-5.44,-5.5,5.53
-5.44,-5.5,5.53
-4.94,-5.42,5.38
-4.94,-5.42,5.38
-4.94,-5.42,5.38
-4.97,-5.52,5.54
-4.97,-5.52,5.54
-5.5,-6.17,5.2
-4.85,-5.91,5.72
-4.85,-5.91,5.72
-4.85,-5.91,5.72
-5.38,-5.76,5.48
-5.38,-5.76,5.48
-5.38,-5.76,5.48
-5.42,-5.99,5.6
-5.42,-5.99,5.6
-5.42,-5.99,5.6
-4.95,-6.06,5.48
-5.36,-6.08,5.55
-5.36,-6.08,5.55
-5.41,-5.35,5.45
-5.41,-5.35,5.45
-5.41,-5.35,5.45
-5.3,-5.6,5.58
-5.3,-5.6,5.58
-5.3,-5.6,5.58
-5.2,-5.77,5.66
-5.2,-5.77,5.66
-5.2,-5.77,5.66
-5.55,-5.5,5.59
-5.59,-5.34,5.46
-5.59,-5.34,5.46
-5.5,-5.46,5.55
-5.5,-5.46,5.55
-5.5,-5.46,5.55
-5.37,-5.65,5.55
-5.37,-5.65,5.55
-5.37,-5.65,5.55
-5.78,-5.37,5.45
-5.78,-5.37,5.45
-5.78,-5.37,5.45
-5.42,-5.75,5.61
-4.96,-5.77,5.69
-4.96,-5.77,5.69
-5.21,-5.7,5.5
-5.21,-5.7,5.5
-5.21,-5.7,5.5
-5.46,-5.73,5.45
-5.46,-5.73,5.45
-5.46,-5.73,5.45
-5.64,-5.74,5.47
-5.64,-5.74,5.47
-5.76,-5.99,5.98
-5.41,-5.65,5.62
-5.88,-5.21,5.0
-5.88,-5.21,5.0
-4.88,-6.45,5.7
-4.88,-6.45,5.7
-4.88,-6.45,5.7
-5.94,-6.12,5.3
-5.94,-6.12,5.3
-5.94,-6.12,5.3
-6.14,-6.51,5.78
-6.14,-6.51,5.78
-6.61,-5.93,5.32
-6.49,-5.32,5.16
-5.54,-5.82,5.5
-5.54,-5.82,5.5
-4.64,-6.08,5.79
-4.64,-6.08,5.79
-4.64,-6.08,5.79
-4.22,-6.74,6.1
-4.22,-6.74,6.1
-4.22,-6.74,6.1
-3.51,-6.02,6.0
-3.51,-6.02,6.0
-3.6,-5.84,6.14
-4.17,-6.39,6.4
-4.17,-6.39,6.4
-4.17,-6.39,6.4
-3.33,-6.01,6.82
-3.33,-6.01,6.82
-3.68,-5.65,6.56
-3.68,-5.65,6.56
-3.68,-5.65,6.56
-3.45,-5.96,6.42
-3.45,-5.96,6.42
-3.19,-5.95,6.54
-3.19,-5.95,6.54
-2.85,-6.35,6.64
-2.85,-6.35,6.64
-2.85,-6.35,6.64
-2.97,-5.79,6.48
-2.97,-5.79,6.48
-2.97,-5.79,6.48
-3.06,-6.18,6.8
-2.88,-6.04,6.73
-2.88,-6.04,6.73
-2.59,-6.16,6.63
-2.59,-6.16,6.63
-2.53,-6.24,6.54
-2.37,-6.54,6.98
-2.37,-6.54,6.98
-2.37,-6.54,6.98
-2.7,-6.82,7.17
-2.7,-6.82,7.17
-2.7,-6.82,7.17
-2.86,-5.95,6.81
-3.13,-5.67,6.89
-3.13,-5.67,6.89
-3.32,-6.42,6.96
-3.32,-6.42,6.96
-3.32,-6.42,6.96
-3.16,-6.39,7.15
-3.16,-6.39,7.15
-3.16,-6.39,7.15
-2.86,-6.01,7.2
-2.86,-6.01,7.2
-2.86,-6.01,7.2
-2.73,-6.37,7.2
-2.91,-6.1,7.04
-2.91,-6.1,7.04
-2.78,-6.14,7.34
-2.59,-6.25,7.4
-2.59,-6.25,7.4
-2.64,-6.31,7.42
-2.64,-6.31,7.42
-2.64,-6.31,7.42
-2.78,-5.9,6.92
-2.78,-5.9,6.92
-2.78,-5.9,6.92
-3.12,-6.44,7.11
-3.12,-6.44,7.11
-3.12,-6.44,7.11
-3.22,-6.08,6.79
-3.22,-6.08,6.79
-3.22,-6.08,6.79
-3.1,-6.27,6.92
-3.1,-6.27,6.92
-3.1,-6.27,6.92
-3.0,-5.83,6.69
-3.0,-5.83,6.69
-3.0,-5.83,6.69
-3.1,-6.48,6.9
-3.1,-6.48,6.9
-3.04,-6.55,6.83
-3.0,-5.99,7.04
-3.0,-5.99,7.04
-3.0,-5.99,7.04
-3.24,-6.31,6.39
-3.24,-6.31,6.39
-3.24,-6.31,6.39
-3.55,-5.15,6.02
-3.55,-5.15,6.02
-3.55,-5.15,6.02
-3.64,-6.26,6.65
-3.64,-6.26,6.65
-3.64,-6.26,6.65
-2.77,-6.49,6.74
-2.77,-6.49,6.74
-2.77,-6.49,6.74
-2.4,-5.95,6.32
-2.4,-5.95,6.32
-2.4,-5.95,6.32
-2.46,-6.15,6.7
-2.46,-6.15,6.7
-2.46,-6.15,6.7
-2.95,-6.4,7.0
-2.95,-6.4,7.0
-3.1,-6.68,7.01
-3.34,-6.72,6.64
-3.34,-6.72,6.64
-3.34,-6.72,6.64
-3.46,-5.94,6.34
-3.46,-5.94,6.34
-3.46,-5.94,6.34
-3.29,-6.01,6.43
-3.29,-6.01,6.43
-2.96,-5.76,6.49
-2.59,-5.69,6.71
-2.59,-5.69,6.71
-2.39,-5.77,6.87
-2.83,-5.93,6.94
-2.83,-5.93,6.94
-2.83,-5.93,6.94
-3.23,-5.88,6.86
-3.23,-5.88,6.86
-3.23,-5.88,6.86
-3.27,-5.93,6.95
-3.27,-5.93,6.95
-3.27,-5.93,6.95
-3.62,-6.31,7.35
-3.62,-6.31,7.35
-3.26,-6.44,7.59
-2.68,-6.82,7.56
-2.68,-6.82,7.56
-2.68,-6.82,7.56
-2.57,-6.05,6.93
-2.57,-6.05,6.93
-2.57,-6.05,6.93
-3.06,-6.22,6.84
-3.06,-6.22,6.84
-3.06,-6.22,6.84
-3.25,-6.51,6.99
-3.25,-6.51,6.99
-3.31,-6.39,6.88
-3.09,-6.93,6.83
-3.09,-6.93,6.83
-3.09,-6.93,6.83
-2.56,-7.25,7.11
-2.56,-7.25,7.11
-2.56,-7.25,7.11
-2.5,-6.57,6.98
-2.5,-6.57,6.98
-2.5,-6.57,6.98
-2.57,-6.54,7.14
-2.67,-6.25,7.09
-2.96,-5.66,6.69
-2.96,-5.66,6.69
-2.96,-5.66,6.69
-3.05,-6.11,6.72
-3.05,-6.11,6.72
-2.8,-6.47,6.69
-2.8,-6.47,6.69
-2.8,-6.47,6.69
-2.72,-6.51,6.62
-2.72,-6.51,6.62
-2.69,-6.4,6.59
-2.74,-5.93,6.54
-2.74,-5.93,6.54
-2.74,-5.93,6.54
-2.99,-6.2,6.7
-2.99,-6.2,6.7
-2.99,-6.2,6.7
-2.92,-6.48,6.88
-2.92,-6.48,6.88
-2.92,-6.48,6.88
-2.81,-6.93,6.67
-2.81,-6.93,6.67
-2.81,-6.93,6.67
-2.38,-6.58,6.85
-2.38,-6.58,6.85
-2.38,-6.58,6.85
-2.26,-6.75,7.11
-2.26,-6.75,7.11
-2.26,-6.75,7.11
-2.32,-6.67,6.89
-2.32,-6.67,6.89
-2.55,-6.5,6.74
-2.7,-6.34,6.76
-2.7,-6.34,6.76
-2.9,-6.45,6.99
-3.11,-5.92,6.96
-3.11,-5.92,6.96
-3.11,-5.92,6.96
-3.12,-6.55,6.75
-3.12,-6.55,6.75
-3.01,-6.21,6.46
-3.01,-6.21,6.46
-3.01,-6.21,6.46
-2.98,-6.34,6.62
-2.83,-6.53,6.79
-2.83,-6.53,6.79
-2.8,-6.41,7.14
-2.8,-6.41,7.14
-2.8,-6.41,7.14
-3.18,-6.77,6.87
-3.18,-6.77,6.87
-3.18,-6.77,6.87
-2.86,-6.46,6.45
-2.86,-6.46,6.45
-2.74,-6.15,6.25
-2.68,-6.21,6.21
-2.62,-6.29,6.49
-2.62,-6.29,6.49
-2.69,-6.53,7.05
-2.69,-6.53,7.05
-2.69,-6.53,7.05
-3.25,-6.28,6.84
-3.25,-6.28,6.84
-3.25,-6.28,6.84
-3.19,-6.25,6.9
-3.19,-6.25,6.9
-3.32,-6.37,6.99
-3.3,-6.07,6.92
-3.3,-6.07,6.92
-3.3,-6.07,6.92
-2.98,-5.91,6.7
-2.98,-5.91,6.7
-2.98,-5.91,6.7
-2.54,-5.95,6.59
-2.54,-5.95,6.59
-2.54,-5.95,6.59
-2.74,-6.17,6.78
-2.97,-6.4,7.06
-2.97,-6.4,7.06
-3.12,-6.33,7.39
-3.12,-6.33,7.39
-3.12,-6.33,7.39
-3.0,-6.17,6.82
-3.0,-6.17,6.82
-3.0,-6.17,6.82
-2.91,-6.09,6.7
-2.91,-6.09,6.7
-2.91,-6.09,6.7
-3.03,-6.45,7.17
-3.03,-6.45,7.17
-3.03,-6.45,7.17
-2.98,-5.89,6.92
-2.98,-5.89,6.92
-2.98,-5.89,6.92
-3.24,-6.23,7.13
-3.24,-6.23,7.13
-3.24,-6.23,7.13
-3.15,-6.21,6.96
-3.15,-6.21,6.96
-3.15,-6.21,6.96
-2.93,-6.2,6.92
-2.98,-6.08,7.0
-2.98,-6.08,7.0
-3.17,-6.18,7.15
-3.17,-6.18,7.15
-3.17,-6.18,7.15
-3.22,-5.94,6.93
-3.22,-5.94,6.93
-3.22,-5.94,6.93
-3.09,-6.2,7.03
-3.09,-6.2,7.03
-3.09,-6.2,7.03
-3.27,-6.52,7.24
-3.27,-6.52,7.24
-3.27,-6.52,7.24
-3.21,-6.18,6.64
-3.21,-6.18,6.64
-3.21,-6.18,6.64
-3.09,-6.06,6.87
-3.09,-6.06,6.87
-3.09,-6.06,6.87
-3.16,-6.05,6.73
-3.16,-6.05,6.73
-3.16,-6.05,6.73
-2.98,-6.17,6.68
-3.14,-6.49,6.71
-3.14,-6.49,6.71
-2.98,-7.3,7.06
-2.98,-7.3,7.06
-2.98,-7.3,7.06
-2.83,-6.77,6.62
-2.83,-6.77,6.62
-2.83,-6.77,6.62
-2.58,-6.34,6.89
-2.58,-6.34,6.89
-2.58,-6.34,6.89
-2.66,-6.3,6.65
-2.66,-6.3,6.65
-2.66,-6.3,6.65
-2.08,-7.26,7.21
-2.08,-7.26,7.21
-2.08,-7.26,7.21
-1.31,-7.66,7.32
-1.31,-7.66,7.32
-1.31,-7.66,7.32
-2.32,-7.11,6.5
-2.32,-7.11,6.5
-2.32,-7.11,6.5
-2.14,-8.09,7.88
-2.14,-8.09,7.88
-2.14,-8.09,7.88
-2.46,-6.26,6.4
-2.46,-6.26,6.4
-2.46,-6.26,6.4
-2.22,-6.82,6.73
-2.22,-6.82,6.73
-2.22,-6.82,6.73
-2.34,-6.67,6.66
-2.34,-6.67,6.66
-2.34,-6.67,6.66
-1.77,-7.4,7.27
-1.77,-7.4,7.27
-1.77,-7.4,7.27
-1.48,-7.42,6.38
-1.48,-7.42,6.38
-1.48,-7.42,6.38
-1.36,-7.84,6.5
-1.36,-7.84,6.5
-1.36,-7.84,6.5
-1.8,-7.16,6.13
-1.8,-7.16,6.13
-1.8,-7.16,6.13
-1.41,-7.88,5.78
-1.34,-8.38,5.65
-1.34,-8.38,5.65
-1.38,-8.34,5.88
-1.23,-8.32,6.22
-1.23,-8.32,6.22
-1.13,-8.32,5.57
-1.13,-8.32,5.57
-1.13,-8.32,5.57
-1.39,-8.61,5.76
-1.39,-8.61,5.76
-1.39,-8.61,5.76
-1.2,-8.26,5.2
-1.2,-8.26,5.2
-0.9,-8.24,5.37
-0.58,-9.01,5.68
-0.58,-9.01,5.68
-0.58,-9.01,5.68
-0.56,-9.43,5.66
-0.56,-9.43,5.66
-0.56,-9.43,5.66
-0.25,-9.4,4.67
-0.25,-9.4,4.67
-0.25,-9.4,4.67
-0.25,-10.04,4.2
-0.25,-10.04,4.2
-0.25,-10.04,4.2
-0.44,-9.65,3.33
-0.44,-9.65,3.33
-0.44,-9.65,3.33
-0.58,-9.49,2.95
-0.58,-9.49,2.95
-0.58,-9.49,2.95
-0.3,-9.64,2.68
-0.3,-9.64,2.68
-0.03,-10.29,2.3
-0.37,-9.61,1.43
-0.37,-9.61,1.43
-0.37,-9.61,1.43
0.08,-10.06,0.89
0.08,-10.06,0.89
0.08,-10.06,0.89
0.12,-9.37,0.63
0.12,-9.37,0.63
0.12,-9.37,0.63
0.73,-9.26,0.47
0.73,-9.26,0.47
0.84,-8.83,0.33
1.08,-8.63,-0.07
1.08,-8.63,-0.07
0.46,-8.96,-0.39
0.46,-8.96,-0.39
0.46,-8.96,-0.39
0.79,-8.86,-1.14
0.79,-8.86,-1.14
0.95,-8.56,-2.69
1.27,-7.65,-1.72
0.99,-7.48,-3.4
0.99,-7.48,-3.4
2.17,-9.05,-3.59
2.17,-9.05,-3.59
2.17,-9.05,-3.59
2.01,-8.46,-3.51
1.78,-8.02,-3.57
1.78,-8.02,-3.57
1.78,-8.02,-3.57
1.81,-7.16,-4.47
1.81,-7.16,-4.47
1.81,-7.16,-4.47
2.7,-7.43,-4.61
2.7,-7.43,-4.61
2.7,-7.43,-4.61
2.46,-6.96,-4.92
2.46,-6.96,-4.92
2.46,-6.96,-4.92
2.8,-7.38,-4.39
2.8,-7.38,-4.39
2.69,-7.78,-4.72
2.92,-7.27,-5.13
2.88,-6.79,-5.27
2.88,-6.79,-5.27
2.68,-6.08,-5.46
2.68,-6.08,-5.46
2.68,-6.08,-5.46
2.83,-6.81,-5.6
2.83,-6.81,-5.6
2.83,-6.81,-5.6
3.31,-7.09,-5.66
3.31,-7.09,-5.66
3.31,-7.09,-5.66
3.19,-6.18,-5.17
3.19,-6.18,-5.17
3.19,-6.18,-5.17
3.31,-6.34,-5.8
3.31,-6.34,-5.8
2.67,-6.39,-5.92
2.67,-6.39,-5.92
2.67,-6.39,-5.92
3.32,-6.14,-5.38
3.32,-6.14,-5.38
3.43,-5.84,-5.54
3.03,-5.01,-5.6
3.03,-5.01,-5.6
3.03,-5.01,-5.6
3.59,-5.05,-5.82
3.59,-5.05,-5.82
3.59,-5.05,-5.82
3.0,-6.12,-7.1
3.0,-6.12,-7.1
3.0,-6.12,-7.1
3.06,-6.16,-6.49
3.06,-6.16,-6.49
3.06,-6.16,-6.49
3.26,-6.01,-6.7
3.26,-6.01,-6.7
3.26,-6.01,-6.7
3.34,-5.83,-6.74
3.34,-5.83,-6.74
3.34,-5.83,-6.74
3.51,-5.6,-6.56
3.51,-5.6,-6.56
3.51,-5.6,-6.56
3.19,-5.79,-6.39
3.19,-5.79,-6.39
3.19,-5.79,-6.39
3.03,-6.6,-6.2
3.03,-6.6,-6.2
3.03,-6.6,-6.2
3.33,-5.76,-7.13
3.33,-5.76,-7.13
3.33,-5.76,-7.13
4.1,-5.64,-6.47
4.1,-5.64,-6.47
4.1,-5.64,-6.47
3.57,-5.58,-6.56
3.57,-5.58,-6.56
3.57,-5.58,-6.56
3.06,-6.72,-6.48
3.06,-6.72,-6.48
3.06,-6.72,-6.48
3.02,-6.84,-6.68
3.02,-6.84,-6.68
3.02,-6.84,-6.68
2.64,-6.48,-6.67
2.64,-6.48,-6.67
2.64,-6.48,-6.67
2.78,-6.6,-6.32
2.78,-6.6,-6.32
2.78,-6.6,-6.32
2.96,-5.63,-6.68
2.96,-5.63,-6.68
2.96,-5.63,-6.68
2.47,-5.95,-6.3
2.47,-5.95,-6.3
2.47,-5.95,-6.3
2.45,-6.27,-6.72
2.45,-6.27,-6.72
2.45,-6.27,-6.72
3.2,-6.79,-6.53
3.2,-6.79,-6.53
3.2,-6.79,-6.53
2.91,-5.91,-6.71
2.91,-5.91,-6.71
2.91,-5.91,-6.71
2.59,-6.83,-6.58
2.59,-6.83,-6.58
2.59,-6.83,-6.58
2.47,-6.5,-6.57
2.47,-6.5,-6.57
2.47,-6.5,-6.57
2.38,-6.77,-6.78
2.38,-6.77,-6.78
2.38,-6.77,-6.78
2.39,-6.52,-6.6
2.38,-6.34,-6.61
2.38,-6.34,-6.61
2.51,-6.72,-6.57
2.51,-6.72,-6.57
2.51,-6.72,-6.57
2.41,-6.01,-6.41
2.41,-6.01,-6.41
2.41,-6.01,-6.41
2.49,-6.47,-6.36
2.49,-6.47,-6.36
2.49,-6.47,-6.36
2.42,-6.82,-6.5
2.42,-6.82,-6.5
2.42,-6.82,-6.5
2.34,-6.53,-6.58
2.34,-6.53,-6.58
2.34,-6.53,-6.58
2.3,-6.59,-6.44
2.3,-6.59,-6.44
2.3,-6.59,-6.44
2.06,-6.34,-6.48
1.87,-6.29,-6.53
1.87,-6.29,-6.53
1.94,-6.51,-6.57
2.22,-6.58,-6.61
2.22,-6.58,-6.61
2.28,-6.62,-6.58
2.28,-6.62,-6.58
2.16,-6.75,-6.55
2.16,-6.75,-6.55
2.16,-6.75,-6.55
2.15,-6.34,-6.64
2.15,-6.34,-6.64
2.15,-6.34,-6.64
2.16,-6.41,-6.56
2.06,-6.59,-6.68
2.06,-6.59,-6.68
1.91,-6.27,-6.76
1.91,-6.27,-6.76
1.91,-6.27,-6.76
2.07,-6.49,-6.65
2.07,-6.49,-6.65
2.07,-6.49,-6.65
2.29,-6.23,-6.71
2.29,-6.23,-6.71
2.02,-6.31,-6.68
1.83,-6.04,-6.5
1.83,-6.04,-6.5
1.83,-6.04,-6.5
2.2,-6.37,-6.75
2.2,-6.37,-6.75
2.2,-6.37,-6.75
2.13,-6.46,-6.7
2.13,-6.46,-6.7
2.13,-6.46,-6.7
1.96,-6.62,-6.42
1.96,-6.62,-6.42
1.96,-6.28,-6.59
1.99,-6.38,-6.8
1.99,-6.38,-6.8
1.99,-6.38,-6.8
2.08,-6.59,-6.52
2.08,-6.59,-6.52
2.08,-6.59,-6.52
2.15,-6.35,-6.74
2.15,-6.35,-6.74
2.15,-6.35,-6.74
1.94,-6.4,-6.78
1.94,-6.4,-6.78
1.9,-6.26,-6.81
2.03,-6.55,-6.62
2.03,-6.55,-6.62
2.03,-6.55,-6.62
1.76,-6.3,-6.76
1.76,-6.3,-6.76
1.76,-6.3,-6.76
2.08,-6.51,-6.43
2.08,-6.51,-6.43
2.11,-6.35,-6.57
2.0,-6.09,-6.9
2.0,-6.09,-6.9
2.07,-6.43,-6.8
2.03,-6.46,-6.29
2.03,-6.46,-6.29
2.03,-6.46,-6.29
2.19,-6.53,-6.45
2.19,-6.53,-6.45
2.19,-6.53,-6.45
2.08,-6.68,-6.67
2.08,-6.68,-6.67
2.08,-6.68,-6.67
1.83,-6.51,-6.69
1.83,-6.51,-6.69
1.93,-6.55,-6.59
1.79,-6.53,-6.73
1.79,-6.53,-6.73
1.79,-6.53,-6.73
2.0,-6.8,-6.49
2.0,-6.8,-6.49
2.0,-6.8,-6.49
2.18,-6.58,-6.38
2.18,-6.58,-6.38
2.15,-6.76,-6.47
2.08,-6.47,-6.65
2.08,-6.47,-6.65
2.12,-6.25,-6.63
2.09,-6.79,-6.24
2.09,-6.79,-6.24
2.09,-6.79,-6.24
1.77,-6.73,-6.34
1.77,-6.73,-6.34
1.77,-6.73,-6.34
2.0,-6.93,-6.4
2.0,-6.93,-6.4
2.15,-7.11,-6.39
1.96,-6.75,-6.41
2.02,-6.39,-6.52
2.02,-6.39,-6.52
1.89,-6.8,-6.43
1.89,-6.8,-6.43
1.89,-6.8,-6.43
1.73,-6.6,-6.41
1.73,-6.6,-6.41
1.73,-6.6,-6.41
1.81,-6.91,-6.65
1.81,-6.91,-6.65
1.81,-6.91,-6.65
2.16,-7.01,-6.44
2.23,-7.01,-6.2
2.23,-7.01,-6.2
2.1,-6.27,-6.23
2.1,-6.27,-6.23
2.1,-6.27,-6.23
1.94,-6.31,-6.33
1.94,-6.31,-6.33
1.94,-6.31,-6.33
1.81,-6.75,-6.31
1.81,-6.75,-6.31
1.75,-6.78,-6.45
1.91,-6.47,-6.48
1.91,-6.47,-6.48
1.91,-6.47,-6.48
2.16,-7.33,-6.32
2.16,-7.33,-6.32
2.16,-7.33,-6.32
2.03,-6.73,-6.38
2.03,-6.73,-6.38
2.03,-6.73,-6.38
1.85,-7.03,-6.26
1.85,-7.03,-6.26
1.85,-7.03,-6.26
1.67,-6.91,-6.14
1.67,-6.91,-6.14
1.67,-6.91,-6.14
1.19,-6.66,-6.21
1.19,-6.66,-6.21
1.19,-6.66,-6.21
1.92,-5.98,-6.0
1.92,-5.98,-6.0
1.92,-5.98,-6.0
2.29,-6.41,-6.46
2.29,-6.41,-6.46
2.29,-6.41,-6.46
2.36,-7.34,-6.36
2.36,-7.34,-6.36
1.97,-7.85,-6.08
2.06,-6.61,-6.54
2.06,-6.61,-6.54
2.06,-6.61,-6.54
1.74,-6.78,-6.38
1.74,-6.78,-6.38
1.74,-6.78,-6.38
1.58,-6.7,-6.22
1.58,-6.7,-6.22
1.58,-6.7,-6.22
1.63,-6.98,-6.13
1.63,-6.98,-6.13
1.63,-6.98,-6.13
1.61,-6.36,-6.08
1.61,-6.36,-6.08
1.61,-6.36,-6.08
1.66,-6.83,-6.22
1.66,-6.83,-6.22
1.66,-6.83,-6.22
1.93,-7.3,-5.51
1.93,-7.3,-5.51
2.3,-7.67,-5.48
2.2,-6.58,-6.15
2.2,-6.58,-6.15
2.2,-6.58,-6.15
1.22,-6.93,-5.98
1.22,-6.93,-5.98
1.22,-6.93,-5.98
1.45,-6.95,-6.38
1.45,-6.95,-6.38
1.45,-6.95,-6.38
1.72,-7.39,-5.92
1.72,-7.39,-5.92
1.81,-7.2,-5.46
1.81,-7.2,-5.46
1.84,-7.36,-5.42
1.26,-6.61,-5.96
1.26,-6.61,-5.96
1.26,-6.61,-5.96
1.69,-6.57,-5.3
1.69,-6.57,-5.3
1.69,-6.57,-5.3
1.95,-6.61,-5.11
1.95,-6.61,-5.11
1.95,-6.61,-5.11
2.31,-7.77,-5.86
2.31,-7.77,-5.86
2.31,-7.77,-5.86
1.99,-7.52,-5.55
1.99,-7.52,-5.55
1.99,-7.52,-5.55
0.72,-7.45,-5.58
0.72,-7.45,-5.58
0.72,-7.45,-5.58
2.55,-7.82,-5.75
2.55,-7.82,-5.75
2.55,-7.82,-5.75
2.34,-8.85,-4.85
2.34,-8.85,-4.85
1.69,-8.84,-4.98
2.5,-8.47,-5.31
2.5,-8.47,-5.31
2.5,-8.47,-5.31
1.21,-6.99,-4.49
1.21,-6.99,-4.49
1.21,-6.99,-4.49
0.56,-7.79,-5.56
0.56,-7.79,-5.56
0.56,-7.79,-5.56
2.8,-9.22,-4.21
0.99,-7.45,-4.91
0.99,-7.45,-4.91
1.12,-8.14,-4.8
1.12,-8.14,-4.8
1.12,-8.14,-4.8
1.41,-7.99,-4.74
1.41,-7.99,-4.74
1.41,-7.99,-4.74
1.81,-9.04,-5.81
1.81,-9.04,-5.81
1.99,-9.17,-5.67
1.26,-8.34,-5.12
1.26,-8.34,-5.12
1.26,-8.34,-5.12
1.65,-8.67,-4.86
1.65,-8.67,-4.86
1.65,-8.67,-4.86
0.3,-10.61,-5.01
0.3,-10.61,-5.01
0.3,-10.61,-5.01
1.03,-9.53,-5.6
1.03,-9.53,-5.6
1.72,-7.33,-6.24
0.81,-10.76,-4.98
0.81,-10.76,-4.98
0.81,-10.76,-4.98
1.34,-5.89,-5.52
1.34,-5.89,-5.52
1.34,-5.89,-5.52
0.93,-7.1,-5.75
0.93,-7.1,-5.75
0.93,-7.1,-5.75
2.09,-5.53,-6.17
1.17,-5.27,-6.52
1.17,-5.27,-6.52
1.8,-5.79,-6.06
1.8,-5.79,-6.06
1.8,-5.79,-6.06
0.8,-5.14,-6.99
0.8,-5.14,-6.99
0.8,-5.14,-6.99
1.32,-5.44,-6.92
1.32,-5.44,-6.92
1.32,-5.44,-6.92
0.41,-5.62,-6.59
-0.17,-5.7,-7.02
-0.17,-5.7,-7.02
0.27,-5.92,-7.58
0.27,-5.92,-7.58
0.27,-5.92,-7.58
0.97,-4.78,-6.89
0.97,-4.78,-6.89
0.97,-4.78,-6.89
-0.7,-6.4,-7.32
-0.7,-6.4,-7.32
-0.7,-6.4,-7.32
-0.27,-5.29,-7.18
-0.27,-5.29,-7.18
-1.39,-6.36,-7.53
0.64,-6.2,-6.91
0.64,-6.2,-6.91
0.64,-6.2,-6.91
-1.11,-6.47,-6.79
-1.11,-6.47,-6.79
-1.11,-6.47,-6.79
-0.64,-6.08,-6.71
-0.64,-6.08,-6.71
-0.92,-5.94,-7.06
-0.92,-5.94,-7.06
0.47,-6.68,-6.82
-0.99,-5.67,-7.4
-0.99,-5.67,-7.4
-0.99,-5.67,-7.4
0.7,-6.87,-7.07
0.7,-6.87,-7.07
0.7,-6.87,-7.07
-1.66,-7.28,-7.59
-1.66,-7.28,-7.59
-1.66,-7.28,-7.59
0.06,-6.74,-6.66
-0.61,-4.7,-6.84
-0.61,-4.7,-6.84
-0.09,-5.87,-6.76
-0.09,-5.87,-6.76
-0.09,-5.87,-6.76
-0.6,-5.58,-7.69
-0.6,-5.58,-7.69
-0.6,-5.58,-7.69
-0.73,-5.38,-7.09
-0.73,-5.38,-7.09
-0.73,-5.38,-7.09
-1.33,-5.26,-6.72
-0.63,-4.69,-6.85
-0.63,-4.69,-6.85
-1.16,-5.54,-7.02
-1.16,-5.54,-7.02
-1.16,-5.54,-7.02
-0.36,-5.96,-7.21
-0.36,-5.96,-7.21
-0.36,-5.96,-7.21
-0.72,-5.74,-6.97
-0.72,-5.74,-6.97
-0.72,-5.74,-6.97
0.03,-5.25,-6.93
0.03,-5.25,-6.93
-0.41,-6.75,-7.0
-0.5,-5.81,-7.2
-0.5,-5.81,-7.2
-0.5,-5.81,-7.2
-0.34,-6.47,-7.37
-0.34,-6.47,-7.37
-0.34,-6.47,-7.37
-0.2,-5.73,-7.6
-0.2,-5.73,-7.6
-0.2,-5.73,-7.6
0.01,-6.62,-7.32
0.01,-6.62,-7.32
-0.78,-6.6,-7.21
-0.27,-5.59,-6.82
-0.27,-5.59,-6.82
-0.27,-5.59,-6.82
-0.64,-5.84,-7.28
-0.64,-5.84,-7.28
-0.64,-5.84,-7.28
-0.59,-5.36,-7.44
-0.59,-5.36,-7.44
-0.59,-5.36,-7.44
-0.85,-6.57,-7.46
-1.09,-5.79,-7.49
-1.09,-5.79,-7.49
-0.71,-5.86,-7.41
-0.71,-5.86,-7.41
-0.53,-4.48,-7.02
-0.53,-4.48,-7.02
-0.53,-4.48,-7.02
-0.89,-5.68,-7.6
-0.89,-5.68,-7.6
-0.89,-5.68,-7.6
-0.33,-5.32,-7.6
-0.33,-5.32,-7.6
-0.33,-5.32,-7.6
-0.47,-5.35,-7.48
-0.47,-5.35,-7.48
-0.47,-5.35,-7.48
-0.28,-4.49,-7.57
-0.28,-4.49,-7.57
-0.28,-4.49,-7.57
-0.74,-5.77,-7.48
-0.74,-5.77,-7.48
-0.74,-5.77,-7.48
-0.74,-6.04,-7.48
-0.74,-6.04,-7.48
-0.47,-5.83,-7.62
-0.68,-5.43,-7.37
-0.68,-5.43,-7.37
-0.68,-5.43,-7.37
-0.86,-5.4,-7.32
-0.86,-5.4,-7.32
-0.86,-5.4,-7.32
-0.82,-5.29,-7.42
-0.82,-5.29,-7.42
-0.82,-5.29,-7.42
-0.69,-4.77,-7.33
-0.69,-4.77,-7.33
-0.68,-5.13,-7.48
-0.75,-5.48,-7.59
-0.75,-5.48,-7.59
-0.75,-5.48,-7.59
-0.76,-5.62,-7.77
-0.76,-5.62,-7.77
-0.76,-5.62,-7.77
-0.76,-5.39,-7.63
-0.76,-5.39,-7.63
-0.76,-5.39,-7.63
-0.69,-5.28,-7.36
-0.69,-5.28,-7.36
-0.69,-5.28,-7.36
-0.86,-5.11,-7.25
-0.86,-5.11,-7.25
-0.86,-5.11,-7.25
-0.69,-5.41,-7.69
-0.69,-5.41,-7.69
-0.69,-5.41,-7.69
-0.21,-5.16,-7.7
-0.21,-5.16,-7.7
-0.84,-5.39,-7.66
-0.34,-4.67,-7.63
-0.34,-4.67,-7.63
-0.5,-5.71,-7.33
-0.5,-5.71,-7.33
-0.5,-5.71,-7.33
-0.64,-5.17,-7.66
-0.64,-5.17,-7.66
-0.64,-5.17,-7.66
-0.29,-5.36,-7.63
-0.29,-5.36,-7.63
-0.29,-5.36,-7.63
-0.68,-4.61,-7.51
-0.53,-4.69,-7.67
-0.53,-4.69,-7.67
-0.37,-5.34,-7.65
-0.37,-5.34,-7.65
-0.37,-5.34,-7.65
-0.5,-5.72,-7.59
-0.5,-5.72,-7.59
-0.5,-5.72,-7.59
-0.49,-5.28,-7.64
-0.49,-5.28,-7.64
-0.49,-5.28,-7.64
-1.0,-5.43,-7.93
-1.0,-5.43,-7.93
-1.0,-5.43,-7.93
-0.24,-5.57,-7.59
-0.24,-5.57,-7.59
-0.24,-5.57,-7.59
-0.53,-5.85,-7.79
-0.53,-5.85,-7.79
-0.53,-5.85,-7.79
-0.65,-5.16,-7.23
-0.65,-5.16,-7.23
-0.65,-5.16,-7.23
-0.63,-5.66,-7.47
-0.63,-5.66,-7.47
-0.63,-5.66,-7.47
-0.57,-4.76,-7.75
-0.57,-4.76,-7.75
-0.57,-4.76,-7.75
-0.49,-5.39,-7.5
-0.49,-5.39,-7.5
-0.49,-5.39,-7.5
-0.18,-4.85,-7.56
-0.18,-4.85,-7.56
-0.18,-4.85,-7.56
-0.73,-4.9,-7.36
-0.73,-4.9,-7.36
-0.73,-4.9,-7.36
-0.91,-5.88,-7.59
-0.91,-5.88,-7.59
-0.91,-5.88,-7.59
-0.73,-5.66,-7.47
-0.73,-5.66,-7.47
-0.73,-5.66,-7.47
-0.51,-5.69,-7.56
-0.51,-5.69,-7.56
-0.28,-5.46,-7.28
-0.95,-5.12,-7.56
-0.95,-5.12,-7.56
-0.95,-5.12,-7.56
-0.61,-5.28,-7.25
-0.61,-5.28,-7.25
-0.61,-5.28,-7.25
-0.54,-5.21,-7.74
-0.54,-5.21,-7.74
-0.54,-5.21,-7.74
-0.29,-5.54,-7.34
-0.64,-5.09,-7.48
-0.64,-5.09,-7.48
-0.8,-5.78,-7.62
-0.8,-5.78,-7.62
-0.8,-5.78,-7.62
-0.49,-5.06,-7.31
-0.49,-5.06,-7.31
-0.49,-5.06,-7.31
-0.95,-5.84,-7.38
-0.95,-5.84,-7.38
-0.95,-5.84,-7.38
-0.6,-4.71,-7.48
-0.63,-5.2,-7.77
-0.63,-5.2,-7.77
-0.19,-5.49,-7.38
-0.19,-5.49,-7.38
-0.19,-5.49,-7.38
-0.62,-5.62,-7.63
-0.62,-5.62,-7.63
-0.62,-5.62,-7.63
-0.72,-5.21,-7.35
-0.72,-5.21,-7.35
-0.72,-5.21,-7.35
-0.73,-5.52,-7.61
-0.73,-5.52,-7.61
-0.46,-5.21,-7.66
-0.84,-5.54,-7.76
-0.84,-5.54,-7.76
-0.84,-5.54,-7.76
0.07,-5.06,-7.62
0.07,-5.06,-7.62
0.07,-5.06,-7.62
-0.92,-5.11,-7.56
-0.92,-5.11,-7.56
-0.92,-5.11,-7.56
-0.13,-5.48,-7.55
-0.13,-5.48,-7.55
-0.37,-5.55,-7.7
-0.51,-5.35,-7.52
-0.51,-5.35,-7.52
-0.51,-5.35,-7.52
-0.6,-5.18,-7.51
-0.6,-5.18,-7.51
-0.6,-5.18,-7.51
-0.58,-5.33,-7.57
-0.58,-5.33,-7.57
-0.5,-5.54,-7.52
-0.94,-5.38,-7.76
-0.94,-5.38,-7.76
-0.63,-5.46,-7.67
-0.05,-5.53,-7.59
-0.05,-5.53,-7.59
-0.57,-5.44,-7.55
-0.57,-5.44,-7.55
-0.57,-5.44,-7.55
-0.33,-5.1,-7.37
-0.33,-5.1,-7.37
-0.33,-5.1,-7.37
-0.15,-5.45,-7.56
-0.15,-5.45,-7.56
-0.15,-5.45,-7.56
-0.57,-5.46,-7.79
-0.57,-5.46,-7.79
-0.57,-5.46,-7.79
-0.66,-5.45,-7.41
-0.66,-5.45,-7.41
-0.66,-5.45,-7.41
-0.95,-5.31,-7.29
-0.95,-5.31,-7.29
-0.95,-5.31,-7.29
-0.77,-5.36,-7.43
-0.77,-5.36,-7.43
-0.77,-5.36,-7.43
-0.6,-5.14,-7.7
-0.6,-5.14,-7.7
-0.6,-5.14,-7.7
-0.19,-5.42,-7.44
-0.19,-5.42,-7.44
-0.76,-5.36,-7.82
-0.76,-5.36,-7.82
-0.76,-5.36,-7.82
-0.52,-5.47,-7.41
-0.52,-5.47,-7.41
-0.43,-5.07,-7.46
-0.39,-5.58,-7.43
-0.39,-5.58,-7.43
-0.39,-5.58,-7.43
-0.57,-5.26,-7.45
-0.57,-5.26,-7.45
-0.57,-5.26,-7.45
-0.37,-5.69,-7.66
-0.37,-5.69,-7.66
-0.37,-5.69,-7.66
-0.58,-5.45,-7.62
-0.58,-5.45,-7.62
-0.55,-5.29,-7.53
-0.33,-5.19,-7.53
-0.33,-5.19,-7.53
-0.33,-5.19,-7.53
-0.17,-5.23,-7.57
-0.17,-5.23,-7.57
-0.17,-5.23,-7.57
-0.73,-5.81,-7.62
-0.73,-5.81,-7.62
-0.62,-5.23,-7.86
-0.36,-5.28,-7.48
-0.36,-5.28,-7.48
-0.05,-5.51,-7.25
-0.57,-5.44,-7.65
-0.57,-5.44,-7.65
-0.57,-5.44,-7.65
-0.17,-5.33,-7.5
-0.17,-5.33,-7.5
-0.17,-5.33,-7.5
-0.72,-5.42,-7.53
-0.72,-5.42,-7.53
-0.72,-5.42,-7.53
-0.46,-5.49,-7.59
-0.46,-5.49,-7.59
-0.77,-5.89,-7.64
-0.13,-4.93,-7.27
-0.13,-4.93,-7.27
-0.13,-4.93,-7.27
-0.75,-5.54,-7.67
-0.75,-5.54,-7.67
-0.75,-5.54,-7.67
-0.48,-5.26,-7.48
-0.48,-5.26,-7.48
-0.57,-5.68,-7.58
-0.57,-5.68,-7.58
-0.44,-5.31,-7.48
-0.58,-5.4,-7.59
-0.58,-5.4,-7.59
-0.58,-5.4,-7.59
-0.22,-5.16,-7.43
-0.22,-5.16,-7.43
-0.22,-5.16,-7.43
-0.87,-5.66,-7.79
-0.87,-5.66,-7.79
-0.87,-5.66,-7.79
-0.11,-5.23,-7.31
-0.45,-5.37,-7.62
-0.45,-5.37,-7.62
-0.65,-5.48,-7.47
-0.65,-5.48,-7.47
-0.65,-5.48,-7.47
-0.39,-5.34,-7.57
-0.39,-5.34,-7.57
-0.39,-5.34,-7.57
-0.82,-5.43,-7.54
-0.82,-5.43,-7.54
-0.82,-5.43,-7.54
-0.33,-5.39,-7.42
-0.33,-5.39,-7.42
-1.13,-5.71,-7.67
0.15,-4.9,-7.39
0.15,-4.9,-7.39
0.15,-4.9,-7.39
-0.81,-5.75,-7.98
-0.81,-5.75,-7.98
-0.81,-5.75,-7.98
-0.23,-5.25,-7.33
-0.23,-5.25,-7.33
-0.23,-5.25,-7.33
-0.45,-5.13,-7.38
-0.45,-5.13,-7.38
-0.35,-5.04,-7.59
-0.4,-5.39,-7.56
-0.4,-5.39,-7.56
-0.4,-5.39,-7.56
-0.51,-5.54,-7.53
-0.51,-5.54,-7.53
-0.51,-5.54,-7.53
-0.23,-5.15,-7.44
-0.23,-5.15,-7.44
-0.56,-5.25,-7.44
-0.81,-5.66,-7.47
-0.31,-5.59,-7.57
-0.31,-5.59,-7.57
-0.38,-5.22,-7.65
-0.38,-5.22,-7.65
-0.38,-5.22,-7.65
-0.51,-5.22,-7.52
-0.51,-5.22,-7.52
-0.51,-5.22,-7.52
-0.75,-5.63,-7.57
-0.75,-5.63,-7.57
-0.15,-5.37,-7.57
-0.25,-5.59,-7.35
-0.49,-5.56,-7.14
-0.49,-5.56,-7.14
0.02,-5.0,-7.27
0.02,-5.0,-7.27
0.02,-5.0,-7.27
1.32,-4.43,-8.57
1.32,-4.43,-8.57
1.32,-4.43,-8.57
-28.12,0.02,-5.21
-28.12,0.02,-5.21
